3 0.4167668269230769 0.5213675213675214 0.41646634615384615 0.5571581196581197 0.41796875 0.5603632478632479 0.42518028846153844 0.5592948717948718 0.42728365384615385 0.5555555555555556 0.4269831730769231 0.5154914529914529 0.42518028846153844 0.5106837606837606 0.42367788461538464 0.5112179487179487 0.41796875 0.5154914529914529
3 0.4149759615384615 0.4848253205128205 0.41466346153846156 0.5149572649572649 0.42364843750000003 0.5120518162393163 0.42420192307692306 0.4736725427350428 0.42106520432692307 0.4710486111111111 0.4168212139423077 0.4710486111111111
3 0.41405348557692306 0.45464690170940175 0.42217217548076924 0.4569433760683761 0.4232794471153846 0.4421821581196581 0.42272566105769227 0.4284049145299146 0.42291015625 0.4103632478632479 0.4194044471153846 0.40773878205128206 0.4144224759615385 0.4087232905982906 0.41405348557692306 0.41790758547008544
3 0.41405348557692306 0.4136436965811966 0.41294651442307695 0.38805715811965813 0.4135 0.3769043803418804 0.41958894230769234 0.3769043803418804 0.4206962139423077 0.3847772435897436 0.42198768028846156 0.4087232905982906 0.4179284855769231 0.4070827991452991 0.4147914663461538 0.40839476495726496
3 0.4344951923076923 0.37553418803418803 0.4338942307692308 0.390491452991453 0.43900240384615385 0.3942307692307692 0.45703125 0.39476495726495725 0.4600360576923077 0.3936965811965812 0.46153846153846156 0.390491452991453 0.4612379807692308 0.37606837606837606 0.4597355769230769 0.37286324786324787 0.4378004807692308 0.3717948717948718
3 0.46424278846153844 0.37393162393162394 0.46424278846153844 0.390491452991453 0.46634615384615385 0.3920940170940171 0.4879807692307692 0.3872863247863248 0.4912860576923077 0.38354700854700857 0.49038461538461536 0.37072649572649574 0.4879807692307692 0.36698717948717946 0.47055288461538464 0.36912393162393164
3 0.4912860576923077 0.3685897435897436 0.4918870192307692 0.38354700854700857 0.4969951923076923 0.38461538461538464 0.5123197115384616 0.3803418803418803 0.5171274038461539 0.3766025641025641 0.5174278846153846 0.3627136752136752 0.5147235576923077 0.358974358974359 0.5099158653846154 0.358974358974359 0.49789663461538464 0.3627136752136752 0.4930889423076923 0.36538461538461536
3 0.5186298076923077 0.3627136752136752 0.5183293269230769 0.37606837606837606 0.5228365384615384 0.37606837606837606 0.5390625 0.3659188034188034 0.5423677884615384 0.35523504273504275 0.5402644230769231 0.3472222222222222 0.5357572115384616 0.3466880341880342 0.5225360576923077 0.3547008547008547 0.5198317307692307 0.3579059829059829
3 0.5240384615384616 0.3108974358974359 0.5234375 0.3173076923076923 0.5243389423076923 0.32104700854700857 0.5330528846153846 0.3408119658119658 0.5366586538461539 0.343482905982906 0.5396634615384616 0.3424145299145299 0.5420673076923077 0.33814102564102566 0.5432692307692307 0.3344017094017094 0.5408653846153846 0.3231837606837607 0.5330528846153846 0.30662393162393164 0.5291466346153846 0.30395299145299143 0.5258413461538461 0.30502136752136755
3 0.53125 0.2938034188034188 0.5306490384615384 0.3002136752136752 0.5315504807692307 0.3034188034188034 0.5369591346153846 0.3055555555555556 0.5501802884615384 0.2948717948717949 0.5537860576923077 0.28952991452991456 0.5540865384615384 0.2863247863247863 0.5504807692307693 0.27724358974358976 0.5471754807692307 0.2777777777777778 0.5357572115384616 0.2863247863247863
3 0.5513822115384616 0.2724358974358974 0.5495793269230769 0.27564102564102566 0.5534855769230769 0.27884615384615385 0.5546875 0.2841880341880342 0.5570913461538461 0.2857905982905983 0.5688100961538461 0.27564102564102566 0.5703125 0.2724358974358974 0.5706129807692307 0.26335470085470086 0.5685096153846154 0.26014957264957267 0.5646033653846154 0.26014957264957267
3 0.5706129807692307 0.25747863247863245 0.5712139423076923 0.27136752136752135 0.5835336538461539 0.27297008547008544 0.59375 0.2724358974358974 0.5958533653846154 0.25961538461538464 0.5949519230769231 0.2548076923076923 0.5814302884615384 0.25267094017094016 0.5712139423076923 0.2548076923076923
3 0.5964543269230769 0.25854700854700857 0.5958533653846154 0.2724358974358974 0.5973557692307693 0.27350427350427353 0.6141826923076923 0.2761752136752137 0.6177884615384616 0.2745726495726496 0.6195913461538461 0.2692307692307692 0.6195913461538461 0.2622863247863248 0.6162860576923077 0.2569444444444444 0.5985576923076923 0.2548076923076923