3 0.4816706730769231 0.5534188034188035 0.48106971153846156 0.5598290598290598 0.48677884615384615 0.5892094017094017 0.4924879807692308 0.5908119658119658 0.4972956730769231 0.5881410256410257 0.49819711538461536 0.5849358974358975 0.49759615384615385 0.5742521367521367 0.4912860576923077 0.5448717948717948 0.48677884615384615 0.5432692307692307
3 0.47085336538461536 0.5085470085470085 0.47025240384615385 0.5235042735042735 0.4738581730769231 0.5443376068376068 0.4765625 0.5512820512820513 0.48106971153846156 0.5539529914529915 0.4840745192307692 0.5502136752136753 0.48617788461538464 0.5400641025641025 0.4813701923076923 0.5112179487179487 0.4765625 0.5032051282051282 0.4738581730769231 0.5032051282051282
3 0.45853365384615385 0.45566239316239315 0.4597355769230769 0.47702991452991456 0.46304086538461536 0.4909188034188034 0.4660456730769231 0.4946581196581197 0.4714543269230769 0.49412393162393164 0.47325721153846156 0.48344017094017094 0.46694711538461536 0.4497863247863248 0.4600360576923077 0.4497863247863248
3 0.4495192307692308 0.4172008547008547 0.4489182692307692 0.4342948717948718 0.4528245192307692 0.44925213675213677 0.45522836538461536 0.4519230769230769 0.45643028846153844 0.4567307692307692 0.45913461538461536 0.44551282051282054 0.46334134615384615 0.44551282051282054 0.4639423076923077 0.44177350427350426 0.4573317307692308 0.41399572649572647 0.4528245192307692 0.4129273504273504
3 0.46875 0.41452991452991456 0.46814903846153844 0.42628205128205127 0.4699519230769231 0.42948717948717946 0.4879807692307692 0.4284188034188034 0.4930889423076923 0.42628205128205127 0.4951923076923077 0.422008547008547 0.49399038461538464 0.4107905982905983 0.4894831730769231 0.4075854700854701 0.4729567307692308 0.4091880341880342
3 0.49669471153846156 0.40865384615384615 0.4972956730769231 0.42094017094017094 0.5018028846153846 0.42254273504273504 0.5189302884615384 0.4150641025641026 0.5213341346153846 0.405982905982906 0.5204326923076923 0.40010683760683763 0.5183293269230769 0.3969017094017094 0.5027043269230769 0.40064102564102566 0.49819711538461536 0.4043803418803419
3 0.5216346153846154 0.3952991452991453 0.5207331730769231 0.39903846153846156 0.5222355769230769 0.41185897435897434 0.53515625 0.4075854700854701 0.54296875 0.40064102564102566 0.5426682692307693 0.3894230769230769 0.5405649038461539 0.38675213675213677 0.5285456730769231 0.3894230769230769
3 0.5432692307692307 0.3840811965811966 0.5435697115384616 0.39797008547008544 0.546875 0.40064102564102566 0.5582932692307693 0.390491452991453 0.5625 0.3787393162393162 0.5628004807692307 0.37286324786324787 0.5597956730769231 0.3696581196581197 0.5522836538461539 0.3733974358974359
3 0.5366586538461539 0.33974358974358976 0.5360576923076923 0.3456196581196581 0.5471754807692307 0.36378205128205127 0.5504807692307693 0.36698717948717946 0.5570913461538461 0.36538461538461536 0.5579927884615384 0.36324786324786323 0.5567908653846154 0.3504273504273504 0.546875 0.33386752136752135 0.5399639423076923 0.33386752136752135
3 0.5901442307692307 0.2793803418803419 0.5880408653846154 0.2932692307692308 0.58984375 0.29433760683760685 0.6057692307692307 0.2954059829059829 0.6111778846153846 0.2932692307692308 0.6120793269230769 0.29113247863247865 0.6120793269230769 0.2799145299145299 0.6096754807692307 0.27724358974358976
3 0.5673076923076923 0.2863247863247863 0.56640625 0.28952991452991456 0.5700120192307693 0.296474358974359 0.5850360576923077 0.2948717948717949 0.5886418269230769 0.2932692307692308 0.5901442307692307 0.2825854700854701 0.5886418269230769 0.2783119658119658 0.5766225961538461 0.2783119658119658 0.5709134615384616 0.28044871794871795
3 0.544155048076923 0.33008012820512816 0.5461078725961538 0.33210523504273504 0.5594513221153846 0.31243376068376066 0.5579867788461539 0.30606944444444445 0.5545697115384616 0.30288675213675215 0.5420396634615384 0.318508547008547 0.5394359975961538 0.32631944444444444 0.5412259615384616 0.33094818376068375
3 0.5609158653846154 0.31011912393162394 0.57019140625 0.2953653846153846 0.56921484375 0.28842254273504275 0.5661231971153846 0.2849508547008547 0.5638449519230769 0.28726549145299146 0.5534305889423077 0.3008621794871795 0.5534305889423077 0.30549038461538464 0.5557085336538461 0.30404433760683763 0.5588004807692308 0.30867254273504274 0.5594513221153846 0.31185523504273505 0.5607533052884615 0.31040865384615385