1 0.23918269230769232 0.2126068376068376 0.23888221153846154 0.22008547008547008 0.24338942307692307 0.22275641025641027 0.2478966346153846 0.2297008547008547 0.2503004807692308 0.22702991452991453 0.2527043269230769 0.20245726495726496 0.25180288461538464 0.19284188034188035 0.24969951923076922 0.18856837606837606 0.2478966346153846 0.1875 0.2439903846153846 0.19017094017094016
1 0.22235576923076922 0.24091880341880342 0.22205528846153846 0.24465811965811965 0.22596153846153846 0.2553418803418803 0.23106971153846154 0.2564102564102564 0.24459134615384615 0.23931623931623933 0.24639423076923078 0.2297008547008547 0.24459134615384615 0.22382478632478633 0.23737980769230768 0.22168803418803418 0.22536057692307693 0.23397435897435898
1 0.19621394230769232 0.25854700854700857 0.19681490384615385 0.26976495726495725 0.20012019230769232 0.27297008547008544 0.2205528846153846 0.26495726495726496 0.2247596153846154 0.26175213675213677 0.22596153846153846 0.25801282051282054 0.22265625 0.24572649572649571 0.2208533653846154 0.24305555555555555 0.21875 0.24305555555555555 0.19891826923076922 0.25106837606837606
1 0.1658653846153846 0.2638888888888889 0.16556490384615385 0.27724358974358976 0.16796875 0.281517094017094 0.18900240384615385 0.2767094017094017 0.19441105769230768 0.27350427350427353 0.19561298076923078 0.2702991452991453 0.19471153846153846 0.25801282051282054 0.19200721153846154 0.2537393162393162 0.17037259615384615 0.25801282051282054 0.16706730769230768 0.26014957264957267
1 0.14603365384615385 0.30128205128205127 0.14393028846153846 0.3173076923076923 0.1424278846153846 0.32104700854700857 0.15174278846153846 0.32371794871794873 0.15625 0.32211538461538464 0.16015625 0.31036324786324787 0.16286057692307693 0.296474358974359 0.16165865384615385 0.2825854700854701 0.1580528846153846 0.2783119658119658 0.1541466346153846 0.27884615384615385 0.1505408653846154 0.2857905982905983
1 0.13701923076923078 0.3627136752136752 0.13701923076923078 0.37232905982905984 0.14032451923076922 0.37606837606837606 0.14753605769230768 0.37072649572649574 0.15144230769230768 0.3547008547008547 0.15174278846153846 0.34134615384615385 0.14783653846153846 0.33600427350427353 0.140625 0.33814102564102566
1 0.13611778846153846 0.3974358974358974 0.13431490384615385 0.4075854700854701 0.13611778846153846 0.41346153846153844 0.14302884615384615 0.4075854700854701 0.14753605769230768 0.4075854700854701 0.15114182692307693 0.38995726495726496 0.15084134615384615 0.3787393162393162 0.14813701923076922 0.3712606837606838 0.14483173076923078 0.3712606837606838 0.14182692307692307 0.37446581196581197
1 0.13822115384615385 0.4599358974358974 0.13762019230769232 0.4658119658119658 0.14393028846153846 0.4877136752136752 0.15204326923076922 0.4967948717948718 0.15775240384615385 0.49732905982905984 0.16045673076923078 0.4946581196581197 0.16165865384615385 0.4909188034188034 0.16105769230769232 0.484508547008547 0.1502403846153846 0.46153846153846156 0.1427283653846154 0.45726495726495725 0.14032451923076922 0.45726495726495725
1 0.14993990384615385 0.5026709401709402 0.1505408653846154 0.5144230769230769 0.15504807692307693 0.5261752136752137 0.15715144230769232 0.5363247863247863 0.16466346153846154 0.5464743589743589 0.16856971153846154 0.5470085470085471 0.17277644230769232 0.5438034188034188 0.17457932692307693 0.5384615384615384 0.17427884615384615 0.5331196581196581 0.16165865384615385 0.5026709401709402 0.15775240384615385 0.4967948717948718 0.15264423076923078 0.49786324786324787
1 0.1817908653846154 0.5389957264957265 0.18118990384615385 0.5496794871794872 0.18209134615384615 0.5534188034188035 0.1893028846153846 0.5555555555555556 0.2127403846153846 0.5416666666666666 0.21484375 0.5389957264957265 0.21634615384615385 0.5325854700854701 0.21364182692307693 0.5219017094017094 0.2091346153846154 0.5192307692307693 0.19020432692307693 0.5283119658119658 0.18389423076923078 0.5331196581196581
1 0.21484375 0.5117521367521367 0.21394230769230768 0.5192307692307693 0.21724759615384615 0.531517094017094 0.22175480769230768 0.5293803418803419 0.24248798076923078 0.5090811965811965 0.24459134615384615 0.5037393162393162 0.24308894230769232 0.49412393162393164 0.24098557692307693 0.48985042735042733 0.234375 0.4893162393162393 0.21935096153846154 0.5042735042735043
1 0.2439903846153846 0.483974358974359 0.24188701923076922 0.4877136752136752 0.2439903846153846 0.5053418803418803 0.2481971153846154 0.5064102564102564 0.2644230769230769 0.48664529914529914 0.2692307692307692 0.4829059829059829 0.2704326923076923 0.4807692307692308 0.2704326923076923 0.4738247863247863 0.2668269230769231 0.4652777777777778 0.2620192307692308 0.4652777777777778
1 0.26893028846153844 0.46100427350427353 0.26772836538461536 0.46314102564102566 0.26802884615384615 0.46634615384615385 0.27103365384615385 0.4807692307692308 0.2731370192307692 0.48183760683760685 0.2761418269230769 0.4807692307692308 0.28335336538461536 0.4722222222222222 0.2932692307692308 0.4642094017094017 0.29627403846153844 0.4599358974358974 0.296875 0.4551282051282051 0.2938701923076923 0.4439102564102564 0.2899639423076923 0.4439102564102564
1 0.29537259615384615 0.43856837606837606 0.29507211538461536 0.4423076923076923 0.2980769230769231 0.4561965811965812 0.30078125 0.45726495726495725 0.3200120192307692 0.4423076923076923 0.32361778846153844 0.4342948717948718 0.3203125 0.42254273504273504 0.3173076923076923 0.4204059829059829 0.29927884615384615 0.4337606837606838
1 0.33804086538461536 0.4113247863247863 0.33774038461538464 0.42094017094017094 0.3410456730769231 0.4252136752136752 0.3629807692307692 0.42254273504273504 0.36778846153846156 0.4188034188034188 0.3671875 0.40384615384615385 0.36508413461538464 0.4011752136752137 0.34164663461538464 0.40224358974358976 0.33924278846153844 0.4043803418803419
1 0.3668870192307692 0.4043803418803419 0.3662860576923077 0.4182692307692308 0.36868990384615385 0.421474358974359 0.3918269230769231 0.4204059829059829 0.3948317307692308 0.4172008547008547 0.3948317307692308 0.40384615384615385 0.3942307692307692 0.40064102564102566 0.39212740384615385 0.39850427350427353 0.3698918269230769 0.40010683760683763
1 0.3957331730769231 0.40064102564102566 0.3954326923076923 0.4150641025641026 0.3972355769230769 0.4188034188034188 0.4215745192307692 0.4166666666666667 0.42337740384615385 0.41399572649572647 0.42337740384615385 0.3974358974358974 0.42127403846153844 0.3952991452991453 0.40084134615384615 0.3958333333333333 0.39693509615384615 0.39797008547008544
1 0.4504206730769231 0.3974358974358974 0.4501201923076923 0.4043803418803419 0.453125 0.4075854700854701 0.4618389423076923 0.40064102564102566 0.47596153846153844 0.3969017094017094 0.4777644230769231 0.39316239316239315 0.4756610576923077 0.3840811965811966 0.4735576923076923 0.38247863247863245 0.45492788461538464 0.3894230769230769
1 0.4768629807692308 0.38247863247863245 0.4774639423076923 0.3926282051282051 0.48106971153846156 0.39476495726495725 0.4846754807692308 0.390491452991453 0.4987980769230769 0.38354700854700857 0.5018028846153846 0.3798076923076923 0.4990985576923077 0.37286324786324787 0.49429086538461536 0.37232905982905984
1 0.5015024038461539 0.3696581196581197 0.49939903846153844 0.37286324786324787 0.5012019230769231 0.3782051282051282 0.5054086538461539 0.3798076923076923 0.5213341346153846 0.3696581196581197 0.5231370192307693 0.3659188034188034 0.5225360576923077 0.36217948717948717 0.5189302884615384 0.35683760683760685
1 0.5207331730769231 0.3530982905982906 0.5207331730769231 0.35844017094017094 0.5243389423076923 0.36538461538461536 0.5294471153846154 0.3659188034188034 0.5390625 0.35202991452991456 0.5412463942307693 0.3410224358974359 0.5324519230769231 0.33814102564102566
1 0.1385216346153846 0.421474358974359 0.1385216346153846 0.4519230769230769 0.14693509615384615 0.4577991452991453 0.14993990384615385 0.45726495726495725 0.14963942307692307 0.4252136752136752 0.14723557692307693 0.4107905982905983 0.14152644230769232 0.41025641025641024
3 0.4753605769230769 0.5523504273504274 0.4723557692307692 0.5603632478632479 0.4723557692307692 0.5678418803418803 0.47866586538461536 0.5972222222222222 0.48046875 0.6004273504273504 0.4879807692307692 0.6004273504273504 0.49038461538461536 0.5966880341880342 0.49158653846153844 0.5908119658119658 0.48497596153846156 0.5566239316239316 0.4807692307692308 0.5491452991452992 0.47716346153846156 0.5491452991452992
3 0.4613698918269231 0.5156586538461538 0.46023557692307693 0.5201404914529915 0.4593088942307692 0.5323611111111112 0.46501802884615384 0.5563995726495726 0.4668209134615384 0.5590705128205128 0.47162860576923077 0.5590705128205128 0.47763822115384613 0.54625 0.4707271634615384 0.5163354700854701 0.46956370192307695 0.509832264957265 0.4662860576923077 0.507590811965812 0.4621262019230769 0.5109524572649573
3 0.44471153846153844 0.4567307692307692 0.4444110576923077 0.46634615384615385 0.44591346153846156 0.47596153846153844 0.45072115384615385 0.49412393162393164 0.4528245192307692 0.4962606837606838 0.4600360576923077 0.49412393162393164 0.4612379807692308 0.4909188034188034 0.46033653846153844 0.4780982905982906 0.453125 0.45032051282051283 0.4480168269230769 0.4519230769230769
3 0.4338942307692308 0.41025641025641024 0.43209134615384615 0.4284188034188034 0.43900240384615385 0.452991452991453 0.4426081730769231 0.4577991452991453 0.4480168269230769 0.453525641025641 0.4508188100961539 0.44931997863247863 0.4528245192307692 0.44925213675213677 0.44981971153846156 0.4407051282051282 0.44350961538461536 0.4113247863247863 0.43960336538461536 0.405982905982906 0.43569711538461536 0.405982905982906
3 0.4543269230769231 0.4075854700854701 0.45252403846153844 0.4155982905982906 0.4534254807692308 0.421474358974359 0.45643028846153844 0.4236111111111111 0.4774639423076923 0.4188034188034188 0.48106971153846156 0.41452991452991456 0.48046875 0.40384615384615385 0.47716346153846156 0.3969017094017094 0.45853365384615385 0.40224358974358976
3 0.48227163461538464 0.3952991452991453 0.48197115384615385 0.4011752136752137 0.4834735576923077 0.4097222222222222 0.4885817307692308 0.4113247863247863 0.5057091346153846 0.4011752136752137 0.5075120192307693 0.3969017094017094 0.5078125 0.38995726495726496 0.5054086538461539 0.38301282051282054 0.5015024038461539 0.3819444444444444 0.4957932692307692 0.38621794871794873 0.48617788461538464 0.3894230769230769
3 0.5057091346153846 0.38087606837606836 0.5051081730769231 0.38354700854700857 0.5075120192307693 0.38782051282051283 0.5084134615384616 0.39797008547008544 0.5120192307692307 0.3974358974358974 0.5261418269230769 0.38835470085470086 0.5297475961538461 0.38354700854700857 0.5285456730769231 0.3712606837606838 0.5264423076923077 0.3685897435897436 0.5123197115384616 0.375
3 0.5300480769230769 0.36645299145299143 0.5285456730769231 0.3696581196581197 0.5300480769230769 0.3803418803418803 0.5330528846153846 0.38301282051282054 0.5399639423076923 0.37606837606837606 0.5465745192307693 0.3659188034188034 0.5504807692307693 0.3557692307692308 0.5501802884615384 0.35149572649572647 0.5471754807692307 0.34615384615384615 0.5438701923076923 0.3472222222222222
3 0.5201322115384616 0.3173076923076923 0.5201322115384616 0.3231837606837607 0.5294471153846154 0.33547008547008544 0.5396634615384616 0.3386752136752137 0.5432692307692307 0.33547008547008544 0.5405649038461539 0.3231837606837607 0.5291466346153846 0.30822649572649574 0.5249399038461539 0.3071581196581197
3 0.5231370192307693 0.296474358974359 0.5228365384615384 0.30395299145299143 0.5300480769230769 0.3055555555555556 0.5399639423076923 0.2905982905982906 0.5432692307692307 0.2777777777777778 0.5363581730769231 0.27297008547008544 0.5279447115384616 0.2857905982905983
3 0.5516826923076923 0.25053418803418803 0.5513822115384616 0.2548076923076923 0.5525841346153846 0.26175213675213677 0.5537860576923077 0.26282051282051283 0.5709134615384616 0.2590811965811966 0.5727163461538461 0.25747863247863245 0.57421875 0.2516025641025641 0.5739182692307693 0.24465811965811965 0.5721153846153846 0.24305555555555555 0.5597956730769231 0.24412393162393162
3 0.5751201923076923 0.2419871794871795 0.5736177884615384 0.24465811965811965 0.5736177884615384 0.25854700854700857 0.5919471153846154 0.25801282051282054 0.5955528846153846 0.2548076923076923 0.5958533653846154 0.24465811965811965 0.59375 0.23985042735042736
3 0.5433194110576923 0.281659188034188 0.5529173677884616 0.2628653846153846 0.5531956129807692 0.25569444444444445 0.5484663461538462 0.25074839743589744 0.5366427283653846 0.2690480769230769 0.5348344350961539 0.27424091880341883 0.5381727764423077 0.2732516025641026