1 0.3167067307692308 0.266025641025641 0.3161057692307692 0.2686965811965812 0.31971153846153844 0.2777777777777778 0.32481971153846156 0.2777777777777778 0.33413461538461536 0.2622863247863248 0.33383413461538464 0.25267094017094016 0.33143028846153844 0.24946581196581197 0.3272235576923077 0.25
1 0.2977764423076923 0.27724358974358976 0.2965745192307692 0.2799145299145299 0.29927884615384615 0.29273504273504275 0.31460336538461536 0.2863247863247863 0.31881009615384615 0.2825854700854701 0.3200120192307692 0.2793803418803419 0.31460336538461536 0.2692307692307692 0.3097956730769231 0.26976495726495725
1 0.27734375 0.2825854700854701 0.2764423076923077 0.2932692307692308 0.2776442307692308 0.296474358974359 0.29086538461538464 0.296474358974359 0.2980769230769231 0.2932692307692308 0.2977764423076923 0.28685897435897434 0.29477163461538464 0.28044871794871795 0.28695913461538464 0.2793803418803419
1 0.25841346153846156 0.2831196581196581 0.25841346153846156 0.2938034188034188 0.25961538461538464 0.2954059829059829 0.2761418269230769 0.296474358974359 0.2782451923076923 0.2932692307692308 0.2776442307692308 0.2825854700854701 0.27554086538461536 0.28044871794871795 0.2620192307692308 0.2783119658119658
1 0.2322716346153846 0.3076923076923077 0.23197115384615385 0.31036324786324787 0.234375 0.3162393162393162 0.23707932692307693 0.3189102564102564 0.2400841346153846 0.31837606837606836 0.2512019230769231 0.30395299145299143 0.25240384615384615 0.297008547008547 0.24939903846153846 0.2905982905982906 0.24459134615384615 0.2905982905982906 0.2364783653846154 0.29914529914529914
1 0.20763221153846154 0.3418803418803419 0.20763221153846154 0.3456196581196581 0.21364182692307693 0.3504273504273504 0.2247596153846154 0.3386752136752137 0.22776442307692307 0.3311965811965812 0.22385817307692307 0.32264957264957267 0.21995192307692307 0.32264957264957267 0.21003605769230768 0.3349358974358974
1 0.19441105769230768 0.3611111111111111 0.19260817307692307 0.3659188034188034 0.1932091346153846 0.3701923076923077 0.19951923076923078 0.375 0.20282451923076922 0.37286324786324787 0.21364182692307693 0.35683760683760685 0.2130408653846154 0.3488247863247863 0.20612980769230768 0.34615384615384615
1 0.18118990384615385 0.38675213675213677 0.18118990384615385 0.39316239316239315 0.18389423076923078 0.39850427350427353 0.1856971153846154 0.40064102564102566 0.18870192307692307 0.3995726495726496 0.19651442307692307 0.3856837606837607 0.19981971153846154 0.3766025641025641 0.19771634615384615 0.3717948717948718 0.19260817307692307 0.36698717948717946
1 0.17307692307692307 0.4043803418803419 0.17247596153846154 0.421474358974359 0.17487980769230768 0.42467948717948717 0.17848557692307693 0.4252136752136752 0.18209134615384615 0.4188034188034188 0.18419471153846154 0.3995726495726496 0.1814903846153846 0.3926282051282051 0.17818509615384615 0.39155982905982906 0.17487980769230768 0.3958333333333333
1 0.16105769230769232 0.4423076923076923 0.16075721153846154 0.4519230769230769 0.16436298076923078 0.4561965811965812 0.171875 0.4513888888888889 0.1736778846153846 0.43162393162393164 0.17487980769230768 0.42895299145299143 0.17427884615384615 0.42574786324786323 0.171875 0.42254273504273504 0.16676682692307693 0.4230769230769231 0.16466346153846154 0.4268162393162393
1 0.16646634615384615 0.4567307692307692 0.16736778846153846 0.46634615384615385 0.17037259615384615 0.469017094017094 0.1856971153846154 0.469017094017094 0.18810096153846154 0.4674145299145299 0.18900240384615385 0.4642094017094017 0.18719951923076922 0.4551282051282051 0.1853966346153846 0.45245726495726496 0.171875 0.4519230769230769
1 0.19020432692307693 0.44925213675213677 0.18810096153846154 0.452991452991453 0.18840144230769232 0.4567307692307692 0.1896033653846154 0.4620726495726496 0.19170673076923078 0.46474358974358976 0.20823317307692307 0.4599358974358974 0.21033653846153846 0.4561965811965812 0.20853365384615385 0.4439102564102564 0.19951923076923078 0.4444444444444444
1 0.21003605769230768 0.4439102564102564 0.21063701923076922 0.4561965811965812 0.21334134615384615 0.45886752136752135 0.23046875 0.452991452991453 0.2322716346153846 0.44925213675213677 0.23137019230769232 0.4391025641025641 0.22926682692307693 0.43696581196581197 0.2208533653846154 0.43856837606837606
1 0.23167067307692307 0.43696581196581197 0.23317307692307693 0.45032051282051283 0.23497596153846154 0.45245726495726496 0.2478966346153846 0.4497863247863248 0.2548076923076923 0.44604700854700857 0.25390625 0.4342948717948718 0.25180288461538464 0.43162393162393164 0.24549278846153846 0.43162393162393164
1 0.25570913461538464 0.4305555555555556 0.2542067307692308 0.4321581196581197 0.2551081730769231 0.4407051282051282 0.25600961538461536 0.4439102564102564 0.25841346153846156 0.44551282051282054 0.27674278846153844 0.4428418803418803 0.2785456730769231 0.4407051282051282 0.27944711538461536 0.4358974358974359 0.27734375 0.42735042735042733 0.2731370192307692 0.4252136752136752 0.2581129807692308 0.4284188034188034
1 0.32632211538461536 0.4407051282051282 0.32662259615384615 0.45245726495726496 0.328125 0.4545940170940171 0.34525240384615385 0.4620726495726496 0.34915865384615385 0.45726495726495725 0.34975961538461536 0.44925213675213677 0.34705528846153844 0.44551282051282054 0.33203125 0.43803418803418803
1 0.3662860576923077 0.45886752136752135 0.3662860576923077 0.4642094017094017 0.3780048076923077 0.46794871794871795 0.3837139423076923 0.4722222222222222 0.3864182692307692 0.47115384615384615 0.3879206730769231 0.4668803418803419 0.38822115384615385 0.4599358974358974 0.38431490384615385 0.4567307692307692 0.37289663461538464 0.4551282051282051
1 0.38822115384615385 0.45886752136752135 0.3876201923076923 0.46314102564102566 0.3894230769230769 0.46794871794871795 0.40805288461538464 0.469017094017094 0.4104567307692308 0.4652777777777778 0.4098557692307692 0.4599358974358974 0.4065504807692308 0.4577991452991453
1 0.4110576923076923 0.4599358974358974 0.4113581730769231 0.46634615384615385 0.4137620192307692 0.468482905982906 0.43209134615384615 0.46794871794871795 0.4344951923076923 0.4599358974358974 0.43149038461538464 0.4561965811965812 0.4182692307692308 0.4567307692307692
1 0.43599759615384615 0.452991452991453 0.43509615384615385 0.46260683760683763 0.4375 0.4652777777777778 0.4483173076923077 0.46047008547008544 0.4567307692307692 0.4594017094017094 0.45913461538461536 0.45405982905982906 0.45853365384615385 0.44925213675213677 0.45643028846153844 0.4465811965811966 0.4450120192307692 0.44871794871794873
1 0.3085174278846154 0.44769337606837606 0.32432902644230766 0.4545491452991453 0.32652704326923077 0.45314529914529916 0.32626983173076923 0.44125641025641027 0.32729867788461536 0.4403418803418804 0.3230546875 0.4375982905982906 0.3226688701923077 0.4366837606837607 0.3090366586538461 0.43028258547008547 0.30710787259615385 0.433482905982906 0.30697926682692306 0.4403418803418804
1 0.2919323918269231 0.4375982905982906 0.30775060096153845 0.44674358974358974 0.30697926682692306 0.4407991452991453 0.30697926682692306 0.4343974358974359 0.3090366586538461 0.43096848290598294 0.30993689903846156 0.430053952991453 0.29411868990384615 0.42205181623931626 0.29141796875000003 0.4257099358974359 0.29116075721153845 0.4314257478632479
3 0.29627403846153844 0.6121794871794872 0.29627403846153844 0.6191239316239316 0.2998798076923077 0.6233974358974359 0.30618990384615385 0.6207264957264957 0.31460336538461536 0.5982905982905983 0.3155048076923077 0.5849358974358975 0.30709134615384615 0.5827991452991453 0.29897836538461536 0.6020299145299145
3 0.3076923076923077 0.5737179487179487 0.3073918269230769 0.5779914529914529 0.31039663461538464 0.5811965811965812 0.3134014423076923 0.5827991452991453 0.3173076923076923 0.5817307692307693 0.3269230769230769 0.5571581196581197 0.32632211538461536 0.5534188034188035 0.3215144230769231 0.5464743589743589 0.3176081730769231 0.5464743589743589 0.3128004807692308 0.5571581196581197
3 0.3269230769230769 0.5208333333333334 0.3278245192307692 0.5336538461538461 0.33052884615384615 0.5352564102564102 0.3350360576923077 0.5341880341880342 0.34314903846153844 0.5122863247863247 0.3446514423076923 0.5010683760683761 0.33834134615384615 0.4951923076923077 0.33413461538461536 0.5016025641025641
3 0.34044471153846156 0.4813034188034188 0.33834134615384615 0.48878205128205127 0.33834134615384615 0.49412393162393164 0.3410456730769231 0.4983974358974359 0.34525240384615385 0.5010683760683761 0.3515625 0.48664529914529914 0.35366586538461536 0.4738247863247863 0.35216346153846156 0.4668803418803419 0.34525240384615385 0.46634615384615385
3 0.3620793269230769 0.4700854700854701 0.36147836538461536 0.4780982905982906 0.36508413461538464 0.48344017094017094 0.37710336538461536 0.4877136752136752 0.38221153846153844 0.48717948717948717 0.38461538461538464 0.483974358974359 0.38461538461538464 0.4738247863247863 0.3801081730769231 0.469017094017094 0.3659855769230769 0.4642094017094017
3 0.3876201923076923 0.4722222222222222 0.38731971153846156 0.483974358974359 0.3894230769230769 0.48717948717948717 0.40805288461538464 0.48717948717948717 0.41015625 0.483974358974359 0.40955528846153844 0.4716880341880342 0.40805288461538464 0.4668803418803419 0.3903245192307692 0.46634615384615385
3 0.41075721153846156 0.4706196581196581 0.4104567307692308 0.483974358974359 0.41165865384615385 0.4855769230769231 0.42578125 0.4861111111111111 0.4347956730769231 0.483974358974359 0.4338942307692308 0.4716880341880342 0.43118990384615385 0.4668803418803419 0.41346153846153844 0.46794871794871795
3 0.43539663461538464 0.4668803418803419 0.43419471153846156 0.46955128205128205 0.43539663461538464 0.4807692307692308 0.4378004807692308 0.483974358974359 0.45643028846153844 0.47863247863247865 0.45913461538461536 0.4738247863247863 0.45853365384615385 0.46260683760683763 0.45643028846153844 0.45886752136752135
3 0.45943509615384615 0.421474358974359 0.45943509615384615 0.4519230769230769 0.4612379807692308 0.4545940170940171 0.46694711538461536 0.4545940170940171 0.4690504807692308 0.4497863247863248 0.4675480769230769 0.4182692307692308 0.46334134615384615 0.4155982905982906 0.4606370192307692 0.41773504273504275
3 0.47085336538461536 0.4081196581196581 0.47055288461538464 0.4150641025641026 0.4717548076923077 0.4198717948717949 0.47325721153846156 0.422008547008547 0.4777644230769231 0.422008547008547 0.49158653846153844 0.41346153846153844 0.49399038461538464 0.40705128205128205 0.4918870192307692 0.39797008547008544 0.48768028846153844 0.3958333333333333 0.47415865384615385 0.4033119658119658
3 0.49278846153846156 0.3952991452991453 0.49459134615384615 0.406517094017094 0.49849759615384615 0.406517094017094 0.5111177884615384 0.40064102564102566 0.5147235576923077 0.3974358974358974 0.5159254807692307 0.3920940170940171 0.5147235576923077 0.38514957264957267 0.51171875 0.38301282051282054 0.4972956730769231 0.38995726495726496
3 0.5168269230769231 0.38301282051282054 0.5168269230769231 0.3926282051282051 0.5186298076923077 0.3958333333333333 0.5321514423076923 0.3995726495726496 0.5372596153846154 0.3995726495726496 0.5387620192307693 0.3974358974358974 0.5384615384615384 0.38995726495726496 0.5399639423076923 0.38354700854700857 0.5366586538461539 0.3798076923076923 0.5321514423076923 0.38087606837606836 0.5222355769230769 0.37606837606837606 0.5189302884615384 0.3782051282051282
3 0.5408653846153846 0.38354700854700857 0.5393629807692307 0.38995726495726496 0.5402644230769231 0.40064102564102566 0.5570913461538461 0.4075854700854701 0.5606971153846154 0.40705128205128205 0.5618990384615384 0.4043803418803419 0.5621995192307693 0.3958333333333333 0.5597956730769231 0.3872863247863248 0.5465745192307693 0.3819444444444444