1 0.24098557692307693 0.2825854700854701 0.2403846153846154 0.28899572649572647 0.24489182692307693 0.29754273504273504 0.2481971153846154 0.29754273504273504 0.25450721153846156 0.27884615384615385 0.25540865384615385 0.26816239316239315 0.25210336538461536 0.2622863247863248 0.2478966346153846 0.26335470085470086
1 0.22205528846153846 0.3002136752136752 0.22025240384615385 0.3060897435897436 0.22145432692307693 0.3162393162393162 0.22385817307692307 0.32104700854700857 0.24188701923076922 0.3071581196581197 0.24519230769230768 0.30074786324786323 0.2439903846153846 0.2938034188034188 0.2421875 0.2905982905982906 0.23858173076923078 0.28899572649572647
1 0.19561298076923078 0.31517094017094016 0.19561298076923078 0.3311965811965812 0.19891826923076922 0.3333333333333333 0.2205528846153846 0.3263888888888889 0.22265625 0.32104700854700857 0.21965144230769232 0.3055555555555556 0.2109375 0.3071581196581197
1 0.16556490384615385 0.3263888888888889 0.16526442307692307 0.33547008547008544 0.16736778846153846 0.33760683760683763 0.1856971153846154 0.3349358974358974 0.19471153846153846 0.3311965811965812 0.19411057692307693 0.3173076923076923 0.18990384615384615 0.3125 0.17097355769230768 0.3162393162393162 0.16676682692307693 0.31997863247863245
1 0.13942307692307693 0.3563034188034188 0.1385216346153846 0.3696581196581197 0.14122596153846154 0.3733974358974359 0.14753605769230768 0.375 0.15775240384615385 0.34775641025641024 0.15865384615384615 0.3418803418803419 0.15775240384615385 0.33814102564102566 0.15324519230769232 0.3333333333333333 0.1484375 0.3349358974358974
1 0.12620192307692307 0.3969017094017094 0.12620192307692307 0.4011752136752137 0.12319711538461539 0.4107905982905983 0.12349759615384616 0.41399572649572647 0.125 0.4155982905982906 0.12920673076923078 0.41399572649572647 0.13341346153846154 0.4166666666666667 0.140625 0.3936965811965812 0.14122596153846154 0.38354700854700857 0.13762019230769232 0.38087606837606836 0.1307091346153846 0.38247863247863245
1 0.11057692307692307 0.4909188034188034 0.11117788461538461 0.5010683760683761 0.1201923076923077 0.5256410256410257 0.1271033653846154 0.5277777777777778 0.1307091346153846 0.5240384615384616 0.13010817307692307 0.5149572649572649 0.12049278846153846 0.4893162393162393 0.11598557692307693 0.48504273504273504 0.11268028846153846 0.48504273504273504
1 0.1171875 0.530448717948718 0.11748798076923077 0.5432692307692307 0.1219951923076923 0.5560897435897436 0.12469951923076923 0.5710470085470085 0.12800480769230768 0.5737179487179487 0.13611778846153846 0.5710470085470085 0.13611778846153846 0.5625 0.12740384615384615 0.530982905982906 0.12349759615384616 0.5267094017094017 0.11959134615384616 0.5272435897435898
1 0.14302884615384615 0.5651709401709402 0.14393028846153846 0.5844017094017094 0.14753605769230768 0.5860042735042735 0.17277644230769232 0.5758547008547008 0.17728365384615385 0.5673076923076923 0.17457932692307693 0.5555555555555556 0.17217548076923078 0.5518162393162394 0.14933894230769232 0.5603632478632479
1 0.17578125 0.5475427350427351 0.17548076923076922 0.5534188034188035 0.17878605769230768 0.5678418803418803 0.20432692307692307 0.5502136752136753 0.20733173076923078 0.5454059829059829 0.20432692307692307 0.5293803418803419 0.20042067307692307 0.5283119658119658 0.17818509615384615 0.5427350427350427
1 0.20582932692307693 0.5288461538461539 0.20552884615384615 0.5341880341880342 0.20703125 0.5427350427350427 0.20853365384615385 0.5459401709401709 0.21063701923076922 0.5464743589743589 0.234375 0.5299145299145299 0.23557692307692307 0.5256410256410257 0.23347355769230768 0.5128205128205128 0.23046875 0.5101495726495726 0.20943509615384615 0.5240384615384616
1 0.23377403846153846 0.5090811965811965 0.23317307692307693 0.5117521367521367 0.23587740384615385 0.5256410256410257 0.23918269230769232 0.5272435897435898 0.26171875 0.5133547008547008 0.26412259615384615 0.5074786324786325 0.2626201923076923 0.49732905982905984 0.26021634615384615 0.49412393162393164 0.2566105769230769 0.4935897435897436
1 0.26382211538461536 0.49145299145299143 0.2647235576923077 0.5058760683760684 0.2692307692307692 0.5085470085470085 0.29056490384615385 0.4962606837606838 0.2932692307692308 0.4909188034188034 0.2902644230769231 0.47863247863247865 0.2860576923076923 0.47596153846153844 0.26622596153846156 0.48717948717948717
1 0.31009615384615385 0.4668803418803419 0.3097956730769231 0.4807692307692308 0.31069711538461536 0.484508547008547 0.3317307692307692 0.48504273504273504 0.3368389423076923 0.4823717948717949 0.33774038461538464 0.4668803418803419 0.3356370192307692 0.4636752136752137 0.3134014423076923 0.4620726495726496
1 0.33834134615384615 0.4668803418803419 0.33834134615384615 0.483974358974359 0.3566706730769231 0.4855769230769231 0.36508413461538464 0.483974358974359 0.36538461538461536 0.4738247863247863 0.3641826923076923 0.4668803418803419 0.3602764423076923 0.46474358974358976 0.3434495192307692 0.4636752136752137
1 0.3671875 0.4658119658119658 0.3662860576923077 0.47435897435897434 0.36778846153846156 0.484508547008547 0.390625 0.4855769230769231 0.39393028846153844 0.4813034188034188 0.3936298076923077 0.4668803418803419 0.390625 0.4642094017094017 0.3698918269230769 0.4636752136752137
1 0.4969951923076923 0.43803418803418803 0.49669471153846156 0.4423076923076923 0.49789663461538464 0.44604700854700857 0.5018028846153846 0.45032051282051283 0.5153245192307693 0.4391025641025641 0.5186298076923077 0.43162393162393164 0.515625 0.4252136752136752 0.5120192307692307 0.42414529914529914 0.5084134615384616 0.42574786324786323 0.5075120192307693 0.4284188034188034
1 0.47475961538461536 0.452991452991453 0.47506009615384615 0.45886752136752135 0.47836538461538464 0.46100427350427353 0.4963942307692308 0.452991452991453 0.4996995192307692 0.44925213675213677 0.49429086538461536 0.4407051282051282
1 0.4489182692307692 0.4620726495726496 0.4489182692307692 0.4716880341880342 0.4501201923076923 0.47435897435897434 0.4528245192307692 0.4738247863247863 0.45883413461538464 0.4674145299145299 0.4699519230769231 0.4642094017094017 0.4753605769230769 0.4599358974358974 0.4729567307692308 0.45245726495726496 0.47025240384615385 0.4513888888888889 0.4522235576923077 0.4583333333333333
1 0.42427884615384615 0.4668803418803419 0.42337740384615385 0.47115384615384615 0.42518028846153844 0.47702991452991456 0.4326923076923077 0.4738247863247863 0.4495192307692308 0.47435897435897434 0.4489182692307692 0.46314102564102566 0.44681490384615385 0.46047008547008544 0.43028846153846156 0.46260683760683763
1 0.12627163461538463 0.49251655982905984 0.1298350360576923 0.4556965811965812 0.12872145432692308 0.44857051282051286 0.1195907451923077 0.4493621794871795 0.11803185096153847 0.4596559829059829 0.11469140624999999 0.48420245726495725 0.11869981971153847 0.48618215811965815 0.12248587740384614 0.4929129273504273
1 0.1302803485576923 0.4513418803418804 0.13696153846153847 0.42758707264957263 0.13562530048076923 0.416105235042735 0.1282761418269231 0.41372970085470084 0.11714092548076924 0.4414439102564103 0.1158046875 0.4572804487179487 0.11714092548076924 0.45886431623931623 0.11892247596153846 0.4489663461538462
3 0.42908653846153844 0.6196581196581197 0.4254807692307692 0.6298076923076923 0.4284855769230769 0.6645299145299145 0.43118990384615385 0.6682692307692307 0.4387019230769231 0.6677350427350427 0.4405048076923077 0.6645299145299145 0.4405048076923077 0.6581196581196581 0.43599759615384615 0.6196581196581197 0.4323918269230769 0.6164529914529915
3 0.41796875 0.5737179487179487 0.4176682692307692 0.5998931623931624 0.42007211538461536 0.6228632478632479 0.42247596153846156 0.6266025641025641 0.4284855769230769 0.6266025641025641 0.43028846153846156 0.6191239316239316 0.4323918269230769 0.6159188034188035 0.4260817307692308 0.5747863247863247 0.4227764423076923 0.5710470085470085
3 0.42367788461538464 0.4807692307692308 0.42367788461538464 0.49198717948717946 0.42758413461538464 0.4962606837606838 0.44681490384615385 0.4946581196581197 0.45132211538461536 0.48985042735042733 0.45102163461538464 0.4791666666666667 0.4462139423076923 0.4732905982905983 0.4299879807692308 0.47489316239316237 0.42518028846153844 0.47702991452991456
3 0.4540264423076923 0.47435897435897434 0.45372596153846156 0.483974358974359 0.4573317307692308 0.4893162393162393 0.47716346153846156 0.4829059829059829 0.48046875 0.4775641025641026 0.4801682692307692 0.4700854700854701 0.4774639423076923 0.4636752136752137 0.45883413461538464 0.46794871794871795
3 0.4792668269230769 0.46153846153846156 0.47866586538461536 0.4636752136752137 0.4807692307692308 0.47275641025641024 0.4807692307692308 0.4791666666666667 0.4951923076923077 0.47435897435897434 0.5024038461538461 0.4700854700854701 0.5045072115384616 0.4668803418803419 0.5036057692307693 0.452991452991453 0.5015024038461539 0.4519230769230769 0.4840745192307692 0.4577991452991453
3 0.5042067307692307 0.4519230769230769 0.5054086538461539 0.46634615384615385 0.5102163461538461 0.4674145299145299 0.5234375 0.45566239316239315 0.5258413461538461 0.44925213675213677 0.5267427884615384 0.43856837606837606 0.5258413461538461 0.43536324786324787 0.5225360576923077 0.43482905982905984 0.5150240384615384 0.44017094017094016
3 0.5015024038461539 0.40544871794871795 0.5024038461538461 0.41239316239316237 0.5087139423076923 0.42254273504273504 0.5165264423076923 0.42574786324786323 0.5186298076923077 0.42895299145299143 0.5222355769230769 0.42788461538461536 0.5231370192307693 0.4236111111111111 0.5225360576923077 0.41452991452991456 0.5120192307692307 0.3969017094017094 0.5057091346153846 0.3958333333333333
3 0.5408653846153846 0.343482905982906 0.5399639423076923 0.3450854700854701 0.5405649038461539 0.35844017094017094 0.5450721153846154 0.358974358974359 0.5618990384615384 0.3563034188034188 0.5634014423076923 0.3418803418803419 0.5594951923076923 0.3392094017094017 0.5501802884615384 0.3392094017094017
3 0.5637019230769231 0.3408119658119658 0.5631009615384616 0.3557692307692308 0.5655048076923077 0.3573717948717949 0.5823317307692307 0.3573717948717949 0.5859375 0.35363247863247865 0.5868389423076923 0.3488247863247863 0.5859375 0.3418803418803419 0.5832331730769231 0.33974358974358976 0.5673076923076923 0.3392094017094017
3 0.41324609375 0.5632393162393162 0.4231180889423077 0.5620149572649573 0.4180673076923077 0.5163023504273504 0.41140955528846157 0.5163023504273504 0.4086544471153846 0.5260982905982906
3 0.40704747596153845 0.5191597222222222 0.40084885817307697 0.4914059829059829 0.4042923677884615 0.4836511752136752 0.4086544471153846 0.48161057692307696 0.4109504206730769 0.4824268162393162 0.4173786057692308 0.5175272435897436 0.4125573918269231 0.5154861111111111 0.40819531249999996 0.525281517094017
3 0.5121956129807692 0.3954919871794872 0.5273479567307692 0.3803904914529915 0.5278070913461538 0.3693707264957265 0.5222971754807693 0.36324839743589743 0.5066856971153846 0.3795742521367521 0.5055378605769231 0.39100213675213674
3 0.5282662259615385 0.37549252136752137 0.5418115985576922 0.3587590811965812 0.5411228966346153 0.34855502136752137 0.5367608173076923 0.3440657051282051 0.522067608173077 0.3620240384615384 0.5209197716346154 0.3665133547008547 0.5262001201923077 0.3648808760683761
4 0.16316105769230768 0.27403846153846156 0.16346153846153846 0.2857905982905983 0.16466346153846154 0.28952991452991456 0.16766826923076922 0.2905982905982906 0.18900240384615385 0.2831196581196581 0.19050480769230768 0.2799145299145299 0.18810096153846154 0.26655982905982906 0.18599759615384615 0.2644230769230769 0.16796875 0.26976495726495725
4 0.19050480769230768 0.265491452991453 0.19080528846153846 0.27724358974358976 0.1932091346153846 0.281517094017094 0.21574519230769232 0.27564102564102566 0.21514423076923078 0.26335470085470086 0.21334134615384615 0.25801282051282054 0.19681490384615385 0.26175213675213677
4 0.21875 0.2644230769230769 0.21844951923076922 0.2719017094017094 0.22025240384615385 0.27510683760683763 0.24128605769230768 0.2719017094017094 0.24459134615384615 0.266025641025641 0.2421875 0.2548076923076923 0.24068509615384615 0.2532051282051282 0.22295673076923078 0.25587606837606836 0.21965144230769232 0.25854700854700857
4 0.2575120192307692 0.25427350427350426 0.2575120192307692 0.2622863247863248 0.25961538461538464 0.265491452991453 0.2626201923076923 0.266025641025641 0.27944711538461536 0.25427350427350426 0.2815504807692308 0.25053418803418803 0.27944711538461536 0.24091880341880342 0.27584134615384615 0.23717948717948717 0.25961538461538464 0.24786324786324787
4 0.28335336538461536 0.23557692307692307 0.28305288461538464 0.24358974358974358 0.28575721153846156 0.25053418803418803 0.30138221153846156 0.24519230769230768 0.30649038461538464 0.24091880341880342 0.3058894230769231 0.23023504273504272 0.3037860576923077 0.22596153846153846 0.28756009615384615 0.23076923076923078
4 0.30709134615384615 0.22596153846153846 0.30618990384615385 0.23130341880341881 0.3082932692307692 0.24145299145299146 0.3206129807692308 0.24091880341880342 0.33022836538461536 0.23717948717948717 0.3293269230769231 0.22382478632478633 0.32481971153846156 0.22008547008547008 0.31069711538461536 0.22275641025641027
4 0.3311298076923077 0.2222222222222222 0.33022836538461536 0.2232905982905983 0.3308293269230769 0.23076923076923078 0.33263221153846156 0.2377136752136752 0.35306490384615385 0.2377136752136752 0.35546875 0.234508547008547 0.35396634615384615 0.2206196581196581 0.35216346153846156 0.21901709401709402 0.33653846153846156 0.21955128205128205
4 0.3563701923076923 0.22008547008547008 0.3563701923076923 0.2280982905982906 0.3590745192307692 0.23504273504273504 0.3762019230769231 0.23931623931623933 0.3786057692307692 0.23664529914529914 0.37890625 0.22382478632478633 0.37650240384615385 0.22168803418803418 0.3605769230769231 0.2168803418803419
4 0.39143930288461537 0.24154380341880344 0.0004296875 0.00037927350427350426
4 0.37950721153846156 0.23023504273504272 0.3792067307692308 0.2377136752136752 0.3816105769230769 0.24091880341880342 0.3987379807692308 0.24626068376068377 0.40174278846153844 0.24519230769230768 0.4026442307692308 0.24145299145299146 0.4020432692307692 0.23023504273504272 0.3996394230769231 0.22702991452991453 0.38341346153846156 0.2222222222222222 0.38070913461538464 0.22382478632478633
4 0.4206730769230769 0.23985042735042736 0.4206730769230769 0.24893162393162394 0.42427884615384615 0.25106837606837606 0.43930288461538464 0.25053418803418803 0.44140625 0.24893162393162394 0.4426081730769231 0.24465811965811965 0.44200721153846156 0.23504273504273504 0.43960336538461536 0.23183760683760685 0.42518028846153844 0.23183760683760685 0.421875 0.23504273504273504
4 0.44771634615384615 0.23664529914529914 0.44771634615384615 0.2483974358974359 0.46243990384615385 0.2516025641025641 0.4675480769230769 0.25053418803418803 0.4699519230769231 0.23824786324786323 0.46664663461538464 0.23344017094017094 0.45462740384615385 0.23183760683760685 0.44981971153846156 0.23237179487179488
4 0.46875 0.24786324786324787 0.4684495192307692 0.2516025641025641 0.4714543269230769 0.2537393162393162 0.48828125 0.2548076923076923 0.49068509615384615 0.25213675213675213 0.4909855769230769 0.2419871794871795 0.4891826923076923 0.2387820512820513 0.4855769230769231 0.2377136752136752 0.47265625 0.23664529914529914 0.47085336538461536 0.2387820512820513
4 0.49158653846153844 0.24358974358974358 0.4909855769230769 0.2516025641025641 0.4930889423076923 0.2553418803418803 0.5096153846153846 0.2569444444444444 0.5126201923076923 0.25267094017094016 0.5123197115384616 0.24145299145299146 0.5102163461538461 0.23985042735042736 0.49429086538461536 0.2387820512820513
4 0.5132211538461539 0.24145299145299146 0.5132211538461539 0.2548076923076923 0.5147235576923077 0.2564102564102564 0.5276442307692307 0.2590811965811966 0.5327524038461539 0.25854700854700857 0.5339543269230769 0.2564102564102564 0.5345552884615384 0.24465811965811965 0.5327524038461539 0.2419871794871795 0.5186298076923077 0.23931623931623933
4 0.53515625 0.24786324786324787 0.5348557692307693 0.25801282051282054 0.5360576923076923 0.2590811965811966 0.5540865384615384 0.26014957264957267 0.5561899038461539 0.25801282051282054 0.5567908653846154 0.2537393162393162 0.5561899038461539 0.24519230769230768 0.5534855769230769 0.2419871794871795 0.5396634615384616 0.24145299145299146 0.5363581730769231 0.24358974358974358
4 0.5736177884615384 0.25213675213675213 0.5733173076923077 0.26121794871794873 0.5748197115384616 0.26335470085470086 0.5808293269230769 0.26495726495726496 0.5943509615384616 0.26495726495726496 0.5958533653846154 0.2553418803418803 0.5955528846153846 0.2516025641025641 0.5925480769230769 0.24946581196581197 0.578125 0.24519230769230768 0.5745192307692307 0.2483974358974359
4 0.5955528846153846 0.25854700854700857 0.5952524038461539 0.26495726495726496 0.5985576923076923 0.2670940170940171 0.6129807692307693 0.2676282051282051 0.6165865384615384 0.265491452991453 0.6177884615384616 0.2622863247863248 0.6171875 0.25427350427350426 0.6126802884615384 0.25 0.5982572115384616 0.2516025641025641
4 0.6388221153846154 0.20245726495726496 0.6364182692307693 0.20673076923076922 0.6364182692307693 0.20993589743589744 0.6403245192307693 0.21794871794871795 0.6511418269230769 0.20993589743589744 0.6532451923076923 0.202991452991453 0.6532451923076923 0.19604700854700854 0.6517427884615384 0.19391025641025642 0.6481370192307693 0.19444444444444445
4 0.6592548076923077 0.20245726495726496 0.6589543269230769 0.20993589743589744 0.6613581730769231 0.21314102564102563 0.6766826923076923 0.21955128205128205 0.6787860576923077 0.21955128205128205 0.6799879807692307 0.2168803418803419 0.6799879807692307 0.20726495726495728 0.6769831730769231 0.20192307692307693 0.6646634615384616 0.1971153846153846 0.6613581730769231 0.19764957264957264
4 0.6799879807692307 0.2152777777777778 0.6796875 0.22008547008547008 0.6814903846153846 0.22382478632478633 0.6959134615384616 0.23237179487179488 0.6995192307692307 0.23130341880341881 0.7013221153846154 0.22702991452991453 0.7010216346153846 0.22008547008547008 0.6995192307692307 0.21581196581196582 0.6977163461538461 0.21474358974358973 0.6853966346153846 0.2094017094017094 0.6820913461538461 0.20993589743589744
4 0.6214314903846153 0.2568830128205128 0.6278792067307692 0.2595138888888889 0.6341156850961538 0.23583653846153846 0.6334816706730769 0.22681623931623932 0.6295706129807692 0.22587660256410258 0.6274564302884615 0.23057478632478634 0.6251310096153847 0.2390309829059829 0.62248828125 0.24523237179487178
4 0.6341156850961538 0.23395726495726496 0.6391896033653846 0.22023931623931625 0.639506610576923 0.21197115384615384 0.6353843149038462 0.21009188034188034 0.6266108774038461 0.22625267094017096 0.6255537860576923 0.23658814102564102 0.6289362980769231 0.2273803418803419 0.6326361177884615 0.22775587606837605 0.6336929086538461 0.23282959401709402