1 0.30318509615384615 0.3141025641025641 0.30288461538461536 0.3173076923076923 0.30709134615384615 0.32745726495726496 0.31069711538461536 0.3247863247863248 0.3191105769230769 0.31036324786324787 0.31971153846153844 0.30128205128205127 0.3176081730769231 0.29594017094017094 0.31400240384615385 0.2954059829059829 0.30679086538461536 0.30502136752136755
1 0.28335336538461536 0.32585470085470086 0.2839543269230769 0.3370726495726496 0.2860576923076923 0.3408119658119658 0.3037860576923077 0.33226495726495725 0.30679086538461536 0.327991452991453 0.3037860576923077 0.3141025641025641 0.28756009615384615 0.32104700854700857
1 0.2605168269230769 0.3327991452991453 0.26021634615384615 0.3450854700854701 0.2620192307692308 0.3466880341880342 0.27974759615384615 0.34455128205128205 0.28305288461538464 0.3424145299145299 0.2839543269230769 0.3392094017094017 0.28305288461538464 0.3295940170940171 0.28125 0.3269230769230769 0.26502403846153844 0.32905982905982906
1 0.23587740384615385 0.33547008547008544 0.23527644230769232 0.3450854700854701 0.23768028846153846 0.3472222222222222 0.2551081730769231 0.3472222222222222 0.2587139423076923 0.3466880341880342 0.25991586538461536 0.344017094017094 0.25931490384615385 0.3317307692307692 0.2575120192307692 0.3295940170940171 0.24098557692307693 0.32585470085470086 0.23677884615384615 0.3311965811965812
1 0.20643028846153846 0.359508547008547 0.20612980769230768 0.36324786324786323 0.20793269230769232 0.3696581196581197 0.21334134615384615 0.37286324786324787 0.22536057692307693 0.3557692307692308 0.22686298076923078 0.3456196581196581 0.22415865384615385 0.3402777777777778 0.21995192307692307 0.33974358974358976 0.21243990384615385 0.3488247863247863
1 0.18509615384615385 0.3958333333333333 0.1853966346153846 0.4049145299145299 0.19260817307692307 0.40705128205128205 0.203125 0.3920940170940171 0.20462740384615385 0.38514957264957267 0.20012019230769232 0.37767094017094016 0.19621394230769232 0.3782051282051282
1 0.16436298076923078 0.45245726495726496 0.16346153846153846 0.4561965811965812 0.16796875 0.4642094017094017 0.17157451923076922 0.4652777777777778 0.1736778846153846 0.46314102564102566 0.18209134615384615 0.4375 0.18299278846153846 0.42895299145299143 0.17518028846153846 0.42254273504273504
1 0.15865384615384615 0.4594017094017094 0.15985576923076922 0.4877136752136752 0.16466346153846154 0.4946581196581197 0.16826923076923078 0.4935897435897436 0.1700721153846154 0.48878205128205127 0.16887019230769232 0.4642094017094017 0.16496394230769232 0.4545940170940171
1 0.15504807692307693 0.4946581196581197 0.15594951923076922 0.5288461538461539 0.15775240384615385 0.530982905982906 0.16346153846153846 0.530448717948718 0.1661658653846154 0.5272435897435898 0.16646634615384615 0.5235042735042735 0.16316105769230768 0.4946581196581197 0.16105769230769232 0.4909188034188034 0.15745192307692307 0.4909188034188034
1 0.16766826923076922 0.5288461538461539 0.16736778846153846 0.5400641025641025 0.16856971153846154 0.5432692307692307 0.17097355769230768 0.5443376068376068 0.19260817307692307 0.5405982905982906 0.19651442307692307 0.5363247863247863 0.19561298076923078 0.5272435897435898 0.19260817307692307 0.5213675213675214 0.17097355769230768 0.5240384615384616 0.16856971153846154 0.5256410256410257
1 0.19621394230769232 0.5202991452991453 0.1974158653846154 0.532051282051282 0.19951923076923078 0.5357905982905983 0.2166466346153846 0.5299145299145299 0.22325721153846154 0.5256410256410257 0.22295673076923078 0.5133547008547008 0.2205528846153846 0.5090811965811965 0.19921875 0.5154914529914529
1 0.22325721153846154 0.5096153846153846 0.22385817307692307 0.5202991452991453 0.22596153846153846 0.5256410256410257 0.23076923076923078 0.5251068376068376 0.25060096153846156 0.5144230769230769 0.25 0.5010683760683761 0.24879807692307693 0.49946581196581197 0.24368990384615385 0.49946581196581197 0.22896634615384615 0.5048076923076923
1 0.25060096153846156 0.5 0.2509014423076923 0.5122863247863247 0.2551081730769231 0.5160256410256411 0.2731370192307692 0.5096153846153846 0.27674278846153844 0.5048076923076923 0.2764423076923077 0.4951923076923077 0.2731370192307692 0.4909188034188034 0.26231971153846156 0.4930555555555556
1 0.2782451923076923 0.49145299145299143 0.27794471153846156 0.5016025641025641 0.27944711538461536 0.5053418803418803 0.2863581730769231 0.5053418803418803 0.30528846153846156 0.4983974358974359 0.30408653846153844 0.4855769230769231 0.30078125 0.4813034188034188 0.28185096153846156 0.48664529914529914
1 0.32181490384615385 0.48344017094017094 0.3212139423076923 0.4909188034188034 0.3239182692307692 0.4946581196581197 0.3407451923076923 0.49893162393162394 0.34435096153846156 0.49786324786324787 0.3449519230769231 0.483974358974359 0.3425480769230769 0.4807692307692308 0.32572115384615385 0.47649572649572647 0.32361778846153844 0.4775641025641026
1 0.3449519230769231 0.48664529914529914 0.3446514423076923 0.4967948717948718 0.34705528846153844 0.500534188034188 0.3635817307692308 0.5064102564102564 0.36929086538461536 0.5048076923076923 0.36899038461538464 0.49198717948717946 0.3659855769230769 0.4877136752136752 0.35006009615384615 0.48344017094017094 0.34585336538461536 0.483974358974359
1 0.37049278846153844 0.4930555555555556 0.3701923076923077 0.5048076923076923 0.3719951923076923 0.5064102564102564 0.390625 0.5128205128205128 0.3936298076923077 0.5117521367521367 0.3954326923076923 0.5058760683760684 0.3957331730769231 0.49732905982905984 0.3918269230769231 0.49252136752136755 0.37289663461538464 0.48878205128205127
1 0.4215745192307692 0.5074786324786325 0.4215745192307692 0.5128205128205128 0.4334936899038461 0.5117521367521367 0.44320913461538464 0.5133547008547008 0.44591346153846156 0.5106837606837606 0.4462139423076923 0.5048076923076923 0.4441105769230769 0.5021367521367521 0.42728365384615385 0.500534188034188
1 0.44711538461538464 0.5037393162393162 0.44741586538461536 0.5096153846153846 0.4495192307692308 0.5149572649572649 0.4558293269230769 0.5096153846153846 0.47055288461538464 0.5096153846153846 0.47115384615384615 0.5016025641025641 0.46724759615384615 0.49946581196581197 0.4561298076923077 0.5 0.44921875 0.5010683760683761
1 0.4729567307692308 0.5010683760683761 0.47265625 0.5080128205128205 0.4738581730769231 0.5101495726495726 0.4813701923076923 0.5069444444444444 0.4972956730769231 0.5048076923076923 0.4957932692307692 0.4935897435897436 0.47806490384615385 0.49786324786324787
1 0.49819711538461536 0.49252136752136755 0.49819711538461536 0.49946581196581197 0.5018028846153846 0.5048076923076923 0.5102163461538461 0.49893162393162394 0.5210336538461539 0.4951923076923077 0.5222355769230769 0.49145299145299143 0.51953125 0.4861111111111111 0.5153245192307693 0.48344017094017094
1 0.18362289663461537 0.4306527777777778 0.19414453125000003 0.41372916666666665 0.19264122596153846 0.40437713675213677 0.18888371394230768 0.40259561965811963 0.18687950721153845 0.40259561965811963 0.18262109375000002 0.40704914529914527 0.17410366586538462 0.42040972222222217 0.17410366586538462 0.4275352564102564 0.17786147836538463 0.4279807692307692 0.1821198918269231 0.4324342948717949
3 0.41947115384615385 0.5192307692307693 0.41977163461538464 0.5288461538461539 0.42518028846153844 0.532051282051282 0.4426081730769231 0.5331196581196581 0.4453125 0.5288461538461539 0.44471153846153844 0.5160256410256411 0.44320913461538464 0.5128205128205128 0.42818509615384615 0.5106837606837606 0.42518028846153844 0.5064102564102564 0.4209735576923077 0.5096153846153846
3 0.4483173076923077 0.5160256410256411 0.44861778846153844 0.5293803418803419 0.45102163461538464 0.531517094017094 0.47085336538461536 0.5293803418803419 0.4738581730769231 0.5256410256410257 0.4729567307692308 0.5138888888888888 0.47025240384615385 0.5085470085470085 0.45072115384615385 0.5101495726495726
3 0.47475961538461536 0.5112179487179487 0.47475961538461536 0.5256410256410257 0.4768629807692308 0.5283119658119658 0.4957932692307692 0.5251068376068376 0.4996995192307692 0.5224358974358975 0.4996995192307692 0.5085470085470085 0.4948918269230769 0.5042735042735043 0.4813701923076923 0.5069444444444444
3 0.5009014423076923 0.5058760683760684 0.5012019230769231 0.5219017094017094 0.5153245192307693 0.5186965811965812 0.5240384615384616 0.5133547008547008 0.5255408653846154 0.5090811965811965 0.5237379807692307 0.49893162393162394 0.5204326923076923 0.4951923076923077 0.5096153846153846 0.49946581196581197
3 0.5114182692307693 0.4551282051282051 0.5105168269230769 0.4567307692307692 0.5126201923076923 0.4732905982905983 0.5150240384615384 0.4797008547008547 0.5225360576923077 0.49145299145299143 0.52734375 0.48985042735042733 0.5285456730769231 0.4877136752136752 0.52734375 0.4775641025641026 0.5207331730769231 0.4577991452991453 0.5171274038461539 0.453525641025641
3 0.5216346153846154 0.4439102564102564 0.5204326923076923 0.44604700854700857 0.5210336538461539 0.4545940170940171 0.5228365384615384 0.4577991452991453 0.5264423076923077 0.4577991452991453 0.5387620192307693 0.44925213675213677 0.54296875 0.44177350427350426 0.5402644230769231 0.4326923076923077 0.5390625 0.4321581196581197 0.5261418269230769 0.43856837606837606
3 0.5417668269230769 0.42895299145299143 0.5405649038461539 0.4321581196581197 0.5426682692307693 0.4391025641025641 0.5471754807692307 0.4412393162393162 0.5600961538461539 0.4321581196581197 0.5618990384615384 0.4284188034188034 0.5618990384615384 0.42414529914529914 0.5603966346153846 0.4182692307692308 0.5567908653846154 0.41773504273504275
3 0.5618990384615384 0.4155982905982906 0.5618990384615384 0.42094017094017094 0.5646033653846154 0.43002136752136755 0.5817307692307693 0.4326923076923077 0.5844350961538461 0.42948717948717946 0.5844350961538461 0.41933760683760685 0.58203125 0.41452991452991456 0.5745192307692307 0.4113247863247863 0.5676081730769231 0.4113247863247863
3 0.5856370192307693 0.4172008547008547 0.5853365384615384 0.43002136752136755 0.5865384615384616 0.4326923076923077 0.6057692307692307 0.4375 0.6090745192307693 0.4321581196581197 0.609375 0.4252136752136752 0.6075721153846154 0.4198717948717949 0.5931490384615384 0.41613247863247865
4 0.2439903846153846 0.2938034188034188 0.24338942307692307 0.30448717948717946 0.24459134615384615 0.3076923076923077 0.2620192307692308 0.3055555555555556 0.2653245192307692 0.3034188034188034 0.265625 0.30128205128205127 0.26502403846153844 0.28952991452991456 0.2629206730769231 0.2879273504273504 0.2481971153846154 0.2900641025641026
4 0.26622596153846156 0.2900641025641026 0.26622596153846156 0.30074786324786323 0.26802884615384615 0.30448717948717946 0.28695913461538464 0.3034188034188034 0.2887620192307692 0.30074786324786323 0.2881610576923077 0.28952991452991456 0.2863581730769231 0.28685897435897434 0.2707331730769231 0.28739316239316237
4 0.29086538461538464 0.2900641025641026 0.29056490384615385 0.30074786324786323 0.2926682692307692 0.30288461538461536 0.30709134615384615 0.3034188034188034 0.3121995192307692 0.297008547008547 0.3134014423076923 0.2932692307692308 0.31069711538461536 0.2863247863247863 0.3088942307692308 0.2857905982905983 0.2932692307692308 0.2863247863247863
4 0.32602163461538464 0.2879273504273504 0.32602163461538464 0.29754273504273504 0.32752403846153844 0.30128205128205127 0.34615384615384615 0.2932692307692308 0.3473557692307692 0.2900641025641026 0.34585336538461536 0.281517094017094 0.34314903846153844 0.2783119658119658 0.3308293269230769 0.28205128205128205 0.32752403846153844 0.2841880341880342
4 0.3503605769230769 0.2777777777777778 0.34975961538461536 0.28739316239316237 0.3518629807692308 0.29113247863247865 0.3683894230769231 0.28846153846153844 0.37109375 0.2863247863247863 0.3707932692307692 0.2777777777777778 0.3674879807692308 0.2719017094017094 0.3557692307692308 0.27297008547008544
4 0.3719951923076923 0.2719017094017094 0.3719951923076923 0.2863247863247863 0.3894230769230769 0.28739316239316237 0.39212740384615385 0.2857905982905983 0.39212740384615385 0.2724358974358974 0.390625 0.26976495726495725
4 0.3948317307692308 0.27297008547008544 0.3942307692307692 0.2831196581196581 0.39603365384615385 0.28739316239316237 0.41256009615384615 0.28952991452991456 0.4149639423076923 0.2863247863247863 0.4149639423076923 0.27564102564102566 0.4128605769230769 0.2719017094017094 0.39693509615384615 0.26976495726495725
4 0.41646634615384615 0.27724358974358976 0.41646634615384615 0.2831196581196581 0.4182692307692308 0.28739316239316237 0.43209134615384615 0.2938034188034188 0.43509615384615385 0.29113247863247865 0.43599759615384615 0.2793803418803419 0.43419471153846156 0.2777777777777778 0.4227764423076923 0.2719017094017094 0.4188701923076923 0.2724358974358974
4 0.43569711538461536 0.2863247863247863 0.43539663461538464 0.2932692307692308 0.43810096153846156 0.296474358974359 0.45252403846153844 0.3034188034188034 0.45643028846153844 0.29914529914529914 0.4561298076923077 0.28952991452991456 0.4528245192307692 0.2847222222222222 0.43810096153846156 0.27884615384615385 0.4365985576923077 0.28044871794871795
4 0.4714543269230769 0.29914529914529914 0.47085336538461536 0.3087606837606838 0.47205528846153844 0.3108974358974359 0.4909855769230769 0.3125 0.4924879807692308 0.31036324786324787 0.4918870192307692 0.29967948717948717 0.48978365384615385 0.29594017094017094 0.47475961538461536 0.2948717948717949
4 0.4972956730769231 0.3002136752136752 0.4951923076923077 0.31036324786324787 0.49609375 0.31196581196581197 0.5108173076923077 0.3178418803418803 0.515625 0.31517094017094016 0.5177283653846154 0.30502136752136755 0.5165264423076923 0.30235042735042733 0.5090144230769231 0.29914529914529914 0.5 0.2980769230769231
4 0.5162259615384616 0.31356837606837606 0.515625 0.3178418803418803 0.5189302884615384 0.32211538461538464 0.5372596153846154 0.32425213675213677 0.5369591346153846 0.3108974358974359 0.5360576923076923 0.30982905982905984 0.5198317307692307 0.30502136752136755 0.5183293269230769 0.3060897435897436
4 0.5372596153846154 0.3141025641025641 0.53515625 0.32425213675213677 0.5516826923076923 0.3295940170940171 0.5549879807692307 0.3295940170940171 0.5573918269230769 0.3269230769230769 0.5573918269230769 0.31677350427350426 0.5549879807692307 0.31356837606837606 0.5408653846153846 0.3108974358974359
4 0.55859375 0.3173076923076923 0.5582932692307693 0.327991452991453 0.5600961538461539 0.3301282051282051 0.5739182692307693 0.3349358974358974 0.5778245192307693 0.3344017094017094 0.5793269230769231 0.3311965811965812 0.5784254807692307 0.32051282051282054 0.5652043269230769 0.3141025641025641 0.5603966346153846 0.3141025641025641
4 0.5823317307692307 0.32264957264957267 0.5808293269230769 0.32745726495726496 0.5811298076923077 0.3349358974358974 0.5967548076923077 0.3392094017094017 0.5994591346153846 0.3392094017094017 0.6021634615384616 0.3349358974358974 0.6018629807692307 0.3263888888888889 0.6006610576923077 0.3231837606837607 0.5922475961538461 0.32051282051282054 0.5841346153846154 0.32051282051282054
4 0.6183894230769231 0.33814102564102566 0.6180889423076923 0.3450854700854701 0.6195913461538461 0.3472222222222222 0.6364182692307693 0.3525641025641026 0.6397235576923077 0.35096153846153844 0.6409254807692307 0.3418803418803419 0.6370192307692307 0.3349358974358974 0.6271033653846154 0.33226495726495725 0.6201923076923077 0.3333333333333333
4 0.6418269230769231 0.3418803418803419 0.6409254807692307 0.35202991452991456 0.6421274038461539 0.35363247863247865 0.6559495192307693 0.3579059829059829 0.6613581730769231 0.3579059829059829 0.6628605769230769 0.35523504273504275 0.6637620192307693 0.3482905982905983 0.6613581730769231 0.3418803418803419 0.6481370192307693 0.3392094017094017 0.6436298076923077 0.33974358974358976
4 0.6980168269230769 0.3002136752136752 0.6971153846153846 0.30448717948717946 0.6980168269230769 0.31356837606837606 0.69921875 0.3157051282051282 0.7133413461538461 0.3092948717948718 0.7169471153846154 0.3018162393162393 0.7163461538461539 0.2954059829059829 0.7136418269230769 0.2922008547008547
4 0.72265625 0.30288461538461536 0.7232572115384616 0.31143162393162394 0.7403846153846154 0.32211538461538464 0.7433894230769231 0.3189102564102564 0.7457932692307693 0.3108974358974359 0.7424879807692307 0.3055555555555556 0.7280649038461539 0.29754273504273504 0.7238581730769231 0.29914529914529914
4 0.74609375 0.31463675213675213 0.7424879807692307 0.32104700854700857 0.7457932692307693 0.327991452991453 0.7584134615384616 0.33814102564102566 0.7629206730769231 0.3392094017094017 0.7653245192307693 0.3370726495726496 0.7665264423076923 0.327991452991453 0.7650240384615384 0.32425213675213677 0.7512019230769231 0.3141025641025641
4 0.6773656850961539 0.3520165598290598 0.6865045072115384 0.3338354700854701 0.6878100961538463 0.3295801282051282 0.6858518629807692 0.32532532051282054 0.6841111778846154 0.3230042735042735 0.6808473557692308 0.32416452991452993 0.6745369591346153 0.3365432692307692 0.6723611778846154 0.34195886752136756 0.6712731370192307 0.34660096153846154
4 0.6880276442307692 0.3284198717948718 0.6982545072115385 0.3168146367521367 0.6980369591346154 0.3102387820512821 0.6958611778846154 0.30675694444444446 0.6943380408653846 0.3059834401709402 0.683458233173077 0.3168146367521367 0.6810649038461538 0.3233910256410257 0.6841111778846154 0.3233910256410257 0.6854167668269231 0.32532532051282054
3 0.39617998798076925 0.685036858974359 0.3999762620192308 0.6469524572649573 0.39617998798076925 0.637792735042735 0.3940105168269231 0.6382745726495725 0.3910276442307692 0.6440598290598291 0.3899429086538462 0.6498445512820513 0.3866890024038462 0.6831084401709402
3 0.38804477163461537 0.6382745726495725 0.3926547475961539 0.6026009615384615 0.3978067908653846 0.6001901709401709 0.40133203125 0.6069396367521368 0.40187439903846156 0.6132067307692308 0.3986204927884615 0.6402029914529914 0.39509525240384613 0.636346688034188 0.3912989783653846 0.6406853632478633 0.3894005408653846 0.6445416666666667
3 0.39455288461538457 0.584763888888889 0.39699338942307694 0.5510181623931625 0.40051862980769226 0.543786858974359 0.4035015024038462 0.543786858974359 0.406484375 0.5524642094017094 0.40621334134615383 0.564034188034188 0.4035015024038462 0.5866923076923077
3 0.398078125 0.543786858974359 0.3999762620192308 0.5172724358974359 0.40051862980769226 0.5114877136752136 0.4048572716346154 0.5119695512820513 0.4081114783653846 0.5220934829059829 0.4056709735576923 0.5433050213675213 0.4056709735576923 0.5495721153846154 0.40241676682692307 0.5442692307692307