3 0.3395432692307692 0.718482905982906 0.3386418269230769 0.7275641025641025 0.34194711538461536 0.7323717948717948 0.34615384615384615 0.7318376068376068 0.34945913461538464 0.7280982905982906 0.35486778846153844 0.6997863247863247 0.35396634615384615 0.6907051282051282 0.34825721153846156 0.6891025641025641 0.3464543269230769 0.6917735042735043
3 0.34615384615384615 0.6773504273504274 0.34585336538461536 0.6832264957264957 0.3473557692307692 0.686965811965812 0.35216346153846156 0.6896367521367521 0.35546875 0.688034188034188 0.3623798076923077 0.6575854700854701 0.36087740384615385 0.6522435897435898 0.3557692307692308 0.6490384615384616 0.35216346153846156 0.6522435897435898
3 0.35997596153846156 0.6196581196581197 0.359375 0.6276709401709402 0.36087740384615385 0.6314102564102564 0.36658653846153844 0.6330128205128205 0.36899038461538464 0.6303418803418803 0.3737980769230769 0.6095085470085471 0.3753004807692308 0.5961538461538461 0.37049278846153844 0.592948717948718 0.3668870192307692 0.594551282051282
3 0.36778846153846156 0.5817307692307693 0.3674879807692308 0.5892094017094017 0.36899038461538464 0.5924145299145299 0.37650240384615385 0.594017094017094 0.37740384615384615 0.5849358974358975 0.38070913461538464 0.5715811965811965 0.38070913461538464 0.5641025641025641 0.3792067307692308 0.5603632478632479 0.3740985576923077 0.5571581196581197 0.3713942307692308 0.5598290598290598
3 0.3879206730769231 0.5582264957264957 0.38852163461538464 0.5673076923076923 0.39302884615384615 0.5699786324786325 0.40955528846153844 0.5678418803418803 0.4113581730769231 0.5614316239316239 0.41075721153846156 0.5555555555555556 0.40805288461538464 0.5512820512820513 0.3918269230769231 0.5518162393162394 0.3903245192307692 0.5523504273504274
3 0.4131610576923077 0.5502136752136753 0.4128605769230769 0.5608974358974359 0.41466346153846156 0.5646367521367521 0.41947115384615385 0.5646367521367521 0.43599759615384615 0.5566239316239316 0.43419471153846156 0.5438034188034188 0.4326923076923077 0.5405982905982906 0.41736778846153844 0.5443376068376068
3 0.43509615384615385 0.5411324786324786 0.43569711538461536 0.5539529914529915 0.43810096153846156 0.5566239316239316 0.4561298076923077 0.5502136752136753 0.45943509615384615 0.5464743589743589 0.4582331730769231 0.5357905982905983 0.45643028846153844 0.530982905982906 0.4411057692307692 0.5357905982905983
3 0.45943509615384615 0.5299145299145299 0.45883413461538464 0.5363247863247863 0.4606370192307692 0.5432692307692307 0.46424278846153844 0.5448717948717948 0.4807692307692308 0.5331196581196581 0.48257211538461536 0.5261752136752137 0.4807692307692308 0.5186965811965812 0.47716346153846156 0.5176282051282052 0.46875 0.5213675213675214
3 0.47806490384615385 0.47275641025641024 0.4777644230769231 0.4813034188034188 0.4801682692307692 0.5048076923076923 0.48377403846153844 0.5080128205128205 0.4873798076923077 0.5058760683760684 0.48888221153846156 0.5021367521367521 0.48888221153846156 0.49786324786324787 0.48617788461538464 0.4823717948717949 0.48587740384615385 0.46955128205128205 0.4807692307692308 0.4668803418803419
3 0.4885817307692308 0.452991452991453 0.48768028846153844 0.45726495726495725 0.4894831730769231 0.46634615384615385 0.4909855769230769 0.468482905982906 0.49459134615384615 0.468482905982906 0.5051081730769231 0.4599358974358974 0.5105168269230769 0.44925213675213677 0.5069110576923077 0.44017094017094016 0.5036057692307693 0.43856837606837606
3 0.5075120192307693 0.43536324786324787 0.5072115384615384 0.4391025641025641 0.5105168269230769 0.44551282051282054 0.5153245192307693 0.4465811965811966 0.5282451923076923 0.4321581196581197 0.5303485576923077 0.4284188034188034 0.5303485576923077 0.4252136752136752 0.52734375 0.41773504273504275 0.5234375 0.41773504273504275
3 0.5309495192307693 0.4129273504273504 0.5303485576923077 0.4204059829059829 0.5324519230769231 0.4268162393162393 0.5474759615384616 0.42628205128205127 0.5519831730769231 0.4236111111111111 0.5504807692307693 0.4075854700854701 0.5360576923076923 0.4075854700854701 0.5330528846153846 0.40865384615384615
3 0.5540865384615384 0.406517094017094 0.5534855769230769 0.4198717948717949 0.5555889423076923 0.42467948717948717 0.5733173076923077 0.42467948717948717 0.5751201923076923 0.4236111111111111 0.5769230769230769 0.4188034188034188 0.5772235576923077 0.41452991452991456 0.5760216346153846 0.4107905982905983 0.5715144230769231 0.40384615384615385 0.5579927884615384 0.40384615384615385
1 0.45763221153846156 0.5154914529914529 0.45703125 0.5224358974358975 0.45943509615384615 0.5277777777777778 0.4606370192307692 0.5277777777777778 0.47085336538461536 0.5197649572649573 0.4795673076923077 0.5165598290598291 0.4807692307692308 0.5085470085470085 0.4774639423076923 0.5026709401709402 0.4738581730769231 0.5026709401709402 0.46243990384615385 0.5101495726495726
1 0.43419471153846156 0.530982905982906 0.4338942307692308 0.5341880341880342 0.43569711538461536 0.5389957264957265 0.45162259615384615 0.531517094017094 0.45643028846153844 0.532051282051282 0.4582331730769231 0.5283119658119658 0.45643028846153844 0.5213675213675214 0.453125 0.5192307692307693
1 0.4128605769230769 0.5373931623931624 0.41225961538461536 0.5400641025641025 0.41466346153846156 0.5475427350427351 0.41736778846153844 0.5443376068376068 0.43209134615384615 0.5405982905982906 0.43359375 0.5352564102564102 0.4323918269230769 0.531517094017094 0.42728365384615385 0.530982905982906
1 0.390625 0.5427350427350427 0.390625 0.5502136752136753 0.39242788461538464 0.5518162393162394 0.40955528846153844 0.5512820512820513 0.4113581730769231 0.5496794871794872 0.41225961538461536 0.5443376068376068 0.41165865384615385 0.5395299145299145 0.4089543269230769 0.5373931623931624 0.40084134615384615 0.5379273504273504
1 0.2509014423076923 0.43856837606837606 0.25 0.44711538461538464 0.25450721153846156 0.45032051282051283 0.2587139423076923 0.4497863247863248 0.26802884615384615 0.4321581196581197 0.2698317307692308 0.4252136752136752 0.2659254807692308 0.4188034188034188 0.2614182692307692 0.4188034188034188
1 0.23106971153846154 0.4797008547008547 0.23137019230769232 0.4861111111111111 0.23768028846153846 0.4909188034188034 0.24519230769230768 0.4775641025641026 0.24849759615384615 0.469017094017094 0.24879807692307693 0.4636752136752137 0.24489182692307693 0.4594017094017094 0.2403846153846154 0.46047008547008544 0.23768028846153846 0.4636752136752137
1 0.20462740384615385 0.5502136752136753 0.2052283653846154 0.5742521367521367 0.20643028846153846 0.5769230769230769 0.21033653846153846 0.5763888888888888 0.21424278846153846 0.5710470085470085 0.2166466346153846 0.5475427350427351 0.20973557692307693 0.5416666666666666 0.20582932692307693 0.5454059829059829
1 0.19621394230769232 0.5913461538461539 0.19591346153846154 0.6030982905982906 0.19771634615384615 0.6105769230769231 0.20342548076923078 0.6116452991452992 0.20793269230769232 0.6025641025641025 0.20733173076923078 0.5795940170940171 0.20282451923076922 0.5737179487179487 0.19921875 0.5763888888888888
1 0.20673076923076922 0.6057692307692307 0.20462740384615385 0.6111111111111112 0.20192307692307693 0.6127136752136753 0.20612980769230768 0.6223290598290598 0.21634615384615385 0.6201923076923077 0.22506009615384615 0.6127136752136753 0.22506009615384615 0.6095085470085471 0.2208533653846154 0.6004273504273504
1 0.22115384615384615 0.5988247863247863 0.2208533653846154 0.6025641025641025 0.22235576923076922 0.6063034188034188 0.22536057692307693 0.6105769230769231 0.22806490384615385 0.6105769230769231 0.24278846153846154 0.5982905982905983 0.24128605769230768 0.5849358974358975 0.23798076923076922 0.5849358974358975 0.2244591346153846 0.594017094017094
1 0.3535880408653846 0.5549540598290599 0.35212349759615386 0.5475149572649574 0.3537971754807692 0.5378440170940171 0.37367337740384615 0.5400758547008547 0.3749287860576923 0.5471431623931624 0.3711628605769231 0.5553258547008547
1 0.3349669471153846 0.5527222222222222 0.35212349759615386 0.5556981837606838 0.3523326322115385 0.5393322649572649 0.3349669471153846 0.5367286324786325 0.3330841346153846 0.5430518162393162
1 0.3182292668269231 0.5493750000000001 0.33329326923076924 0.5523504273504274 0.3322472956730769 0.5426794871794871 0.3349669471153846 0.5356127136752137 0.3190661057692308 0.5344967948717949 0.31613701923076926 0.5397040598290599
1 0.28515625 0.5534188034188035 0.2824519230769231 0.5571581196581197 0.28275240384615385 0.5598290598290598 0.28515625 0.5683760683760684 0.28756009615384615 0.5694444444444444 0.3058894230769231 0.5582264957264957 0.30679086538461536 0.5496794871794872 0.3037860576923077 0.5448717948717948 0.2998798076923077 0.5443376068376068
1 0.2608173076923077 0.5710470085470085 0.26352163461538464 0.5811965811965812 0.2638311298076923 0.5847104700854701 0.26424939903846156 0.5839663461538461 0.28125 0.5742521367521367 0.2842548076923077 0.5710470085470085 0.28455528846153844 0.5667735042735043 0.28275240384615385 0.5587606837606838 0.2785456730769231 0.5582264957264957 0.2683293269230769 0.5641025641025641
1 0.24186268028846153 0.5865699786324786 0.2443731971153846 0.6018199786324786 0.26424939903846156 0.5847104700854701 0.2600649038461538 0.5702040598290599
1 0.2205216346153846 0.5121794871794871 0.2280537860576923 0.5173867521367521 0.23893329326923077 0.4932099358974359 0.23035516826923075 0.4857708333333334
1 0.21047896634615387 0.5408199786324787 0.2178016826923077 0.5475149572649574 0.2280537860576923 0.5207345085470085 0.21801111778846155 0.5136672008547009
1 0.32752403846153844 0.36752136752136755 0.3269230769230769 0.3733974358974359 0.33143028846153844 0.3803418803418803 0.3350360576923077 0.3782051282051282 0.3434495192307692 0.359508547008547 0.3425480769230769 0.35202991452991456 0.33834134615384615 0.34775641025641024 0.33263221153846156 0.3557692307692308
1 0.3097956730769231 0.38675213675213677 0.3088942307692308 0.390491452991453 0.31400240384615385 0.40064102564102566 0.3290264423076923 0.38675213675213677 0.33052884615384615 0.38247863247863245 0.3278245192307692 0.37553418803418803 0.3239182692307692 0.37393162393162394
1 0.29116586538461536 0.40064102564102566 0.29116586538461536 0.4113247863247863 0.2932692307692308 0.4129273504273504 0.30649038461538464 0.4075854700854701 0.3128004807692308 0.40064102564102566 0.3073918269230769 0.38995726495726496 0.3034855769230769 0.391025641025641
1 0.2743389423076923 0.405982905982906 0.2737379807692308 0.40865384615384615 0.27554086538461536 0.4172008547008547 0.2863581730769231 0.41613247863247865 0.29477163461538464 0.4113247863247863 0.2899639423076923 0.40064102564102566 0.2821514423076923 0.3995726495726496 0.2770432692307692 0.40224358974358976
4 0.7445913461538461 0.23130341880341881 0.7454927884615384 0.2377136752136752 0.7478966346153846 0.24091880341880342 0.7593149038461539 0.24786324786324787 0.7653245192307693 0.24893162393162394 0.7680288461538461 0.24412393162393162 0.7683293269230769 0.2377136752136752 0.7668269230769231 0.23397435897435898 0.7533052884615384 0.22435897435897437 0.7475961538461539 0.2232905982905983
4 0.7256610576923077 0.2152777777777778 0.7235576923076923 0.22008547008547008 0.7250600961538461 0.22702991452991453 0.7412860576923077 0.23504273504273504 0.7439903846153846 0.23397435897435898 0.7469951923076923 0.22115384615384615 0.7442908653846154 0.21581196581196582 0.7334735576923077 0.2110042735042735 0.7286658653846154 0.2110042735042735
4 0.6950120192307693 0.22756410256410256 0.6941105769230769 0.23076923076923078 0.6950120192307693 0.2387820512820513 0.6959134615384616 0.24091880341880342 0.6998197115384616 0.24091880341880342 0.7139423076923077 0.2297008547008547 0.7169471153846154 0.22435897435897437 0.7175480769230769 0.21955128205128205 0.7151442307692307 0.21314102564102563 0.7109375 0.21207264957264957 0.6977163461538461 0.22275641025641027
4 0.6727764423076923 0.25854700854700857 0.6727764423076923 0.2622863247863248 0.6784855769230769 0.2670940170940171 0.6823918269230769 0.2644230769230769 0.6932091346153846 0.2483974358974359 0.6941105769230769 0.24519230769230768 0.6932091346153846 0.23824786324786323 0.6908052884615384 0.2361111111111111 0.6856971153846154 0.23824786324786323 0.6751802884615384 0.25213675213675213
4 0.6577524038461539 0.28525641025641024 0.6574519230769231 0.29273504273504275 0.6583533653846154 0.29433760683760685 0.6610576923076923 0.297008547008547 0.6664663461538461 0.296474358974359 0.6763822115384616 0.2767094017094017 0.6781850961538461 0.2692307692307692 0.6775841346153846 0.265491452991453 0.6715745192307693 0.26282051282051283
4 0.6243990384615384 0.29754273504273504 0.6246995192307693 0.3092948717948718 0.6265024038461539 0.31143162393162394 0.6418269230769231 0.31143162393162394 0.6472355769230769 0.3092948717948718 0.6487379807692307 0.30662393162393164 0.6481370192307693 0.296474358974359 0.6460336538461539 0.2938034188034188 0.6313100961538461 0.29433760683760685
4 0.6024639423076923 0.2980769230769231 0.6027644230769231 0.30662393162393164 0.60546875 0.31143162393162394 0.6228966346153846 0.31196581196581197 0.625 0.31036324786324787 0.6237980769230769 0.297008547008547 0.6225961538461539 0.2954059829059829 0.6057692307692307 0.29273504273504275
4 0.5661057692307693 0.296474358974359 0.56640625 0.3071581196581197 0.5697115384615384 0.31036324786324787 0.5850360576923077 0.30982905982905984 0.5877403846153846 0.30662393162393164 0.5883413461538461 0.30128205128205127 0.5868389423076923 0.29433760683760685 0.5823317307692307 0.2922008547008547 0.5739182692307693 0.29273504273504275
4 0.5462740384615384 0.2948717948717949 0.5447716346153846 0.296474358974359 0.5447716346153846 0.30074786324786323 0.5465745192307693 0.30982905982905984 0.5646033653846154 0.3108974358974359 0.5661057692307693 0.3076923076923077 0.5655048076923077 0.2980769230769231 0.5643028846153846 0.29594017094017094 0.5519831730769231 0.2938034188034188
4 0.5255408653846154 0.2980769230769231 0.5246394230769231 0.29967948717948717 0.5249399038461539 0.3071581196581197 0.52734375 0.31143162393162394 0.5405649038461539 0.31196581196581197 0.5453725961538461 0.3087606837606838 0.5447716346153846 0.29967948717948717 0.5426682692307693 0.296474358974359
4 0.5069110576923077 0.29967948717948717 0.5066105769230769 0.3076923076923077 0.5084134615384616 0.31196581196581197 0.5165264423076923 0.31356837606837606 0.5255408653846154 0.3108974358974359 0.5246394230769231 0.30448717948717946 0.5255408653846154 0.3002136752136752 0.5237379807692307 0.2980769230769231 0.5081129807692307 0.29594017094017094
4 0.4894831730769231 0.2980769230769231 0.4891826923076923 0.30662393162393164 0.49068509615384615 0.31036324786324787 0.5069110576923077 0.31036324786324787 0.5075120192307693 0.297008547008547 0.5057091346153846 0.2948717948717949 0.4921875 0.2954059829059829
4 0.4684495192307692 0.30502136752136755 0.46814903846153844 0.31036324786324787 0.47025240384615385 0.31517094017094016 0.4831730769230769 0.31303418803418803 0.48647836538461536 0.3087606837606838 0.48617788461538464 0.29914529914529914 0.484375 0.297008547008547 0.47025240384615385 0.29967948717948717
4 0.43960336538461536 0.29594017094017094 0.4405048076923077 0.3071581196581197 0.4426081730769231 0.3092948717948718 0.4522235576923077 0.31303418803418803 0.4573317307692308 0.3092948717948718 0.4573317307692308 0.30128205128205127 0.45522836538461536 0.29754273504273504 0.4426081730769231 0.29433760683760685
4 0.42367788461538464 0.2938034188034188 0.42518028846153844 0.3071581196581197 0.43990384615384615 0.3071581196581197 0.43960336538461536 0.296474358974359 0.4378004807692308 0.2932692307692308 0.42818509615384615 0.2916666666666667
4 0.4050480769230769 0.2980769230769231 0.40384615384615385 0.30395299145299143 0.40564903846153844 0.3108974358974359 0.4074519230769231 0.3125 0.42007211538461536 0.31036324786324787 0.42367788461538464 0.3071581196581197 0.42247596153846156 0.296474358974359 0.42127403846153844 0.2948717948717949
4 0.3858173076923077 0.3071581196581197 0.3864182692307692 0.3157051282051282 0.38882211538461536 0.31837606837606836 0.4011418269230769 0.3157051282051282 0.40474759615384615 0.31036324786324787 0.4014423076923077 0.3002136752136752 0.3909254807692308 0.30288461538461536
4 0.3683894230769231 0.31837606837606836 0.3680889423076923 0.3247863247863248 0.36929086538461536 0.32905982905982906 0.37349759615384615 0.3301282051282051 0.3858173076923077 0.32104700854700857 0.38671875 0.3173076923076923 0.38491586538461536 0.30982905982905984 0.3831129807692308 0.30822649572649574 0.3719951923076923 0.31356837606837606
4 0.3473557692307692 0.33814102564102566 0.34765625 0.343482905982906 0.3524639423076923 0.3472222222222222 0.36328125 0.33760683760683763 0.3674879807692308 0.3311965811965812 0.3629807692307692 0.32264957264957267 0.359375 0.3231837606837607 0.35006009615384615 0.3317307692307692
4 0.3212139423076923 0.3472222222222222 0.3203125 0.3488247863247863 0.3212139423076923 0.35844017094017094 0.328125 0.35844017094017094 0.3371394230769231 0.3482905982905983 0.3386418269230769 0.3456196581196581 0.3386418269230769 0.3418803418803419 0.3323317307692308 0.3408119658119658
4 0.30318509615384615 0.3547008547008547 0.3019831730769231 0.3557692307692308 0.3019831730769231 0.358974358974359 0.3037860576923077 0.36538461538461536 0.3058894230769231 0.36698717948717946 0.31820913461538464 0.36324786324786323 0.3206129807692308 0.359508547008547 0.3194110576923077 0.35149572649572647 0.3176081730769231 0.3482905982905983
4 0.28515625 0.36485042735042733 0.28515625 0.37286324786324787 0.2881610576923077 0.37606837606837606 0.2965745192307692 0.37286324786324787 0.30078125 0.3696581196581197 0.30228365384615385 0.3659188034188034 0.30018028846153844 0.3563034188034188 0.29296875 0.35844017094017094