2 0.7821514423076923 0.5988247863247863 0.7815504807692307 0.6030982905982906 0.7827524038461539 0.6068376068376068 0.8001802884615384 0.625534188034188 0.8037860576923077 0.6260683760683761 0.8076923076923077 0.6196581196581197 0.8076923076923077 0.6116452991452992 0.8058894230769231 0.6079059829059829 0.7932692307692307 0.5950854700854701 0.7899639423076923 0.592948717948718 0.7860576923076923 0.593482905982906
2 0.7593149038461539 0.5827991452991453 0.7596153846153846 0.5881410256410257 0.7623197115384616 0.5913461538461539 0.7788461538461539 0.6025641025641025 0.7848557692307693 0.5924145299145299 0.7845552884615384 0.5881410256410257 0.7659254807692307 0.5753205128205128 0.7620192307692307 0.5763888888888888
2 0.7340745192307693 0.5646367521367521 0.7328725961538461 0.5710470085470085 0.734375 0.5731837606837606 0.7551081730769231 0.5844017094017094 0.7599158653846154 0.5747863247863247 0.7599158653846154 0.5710470085470085 0.7563100961538461 0.5667735042735043 0.7409855769230769 0.5571581196581197 0.7373798076923077 0.5571581196581197
2 0.7100360576923077 0.5576923076923077 0.7097355769230769 0.5710470085470085 0.7133413461538461 0.5737179487179487 0.7295673076923077 0.5721153846153846 0.7322716346153846 0.5689102564102564 0.7337740384615384 0.5608974358974359 0.7322716346153846 0.5571581196581197 0.7256610576923077 0.5550213675213675 0.7133413461538461 0.5550213675213675
2 0.6920072115384616 0.5683760683760684 0.6899038461538461 0.5710470085470085 0.6908052884615384 0.5817307692307693 0.6935096153846154 0.5838675213675214 0.6998197115384616 0.5817307692307693 0.7085336538461539 0.5742521367521367 0.7097355769230769 0.5641025641025641 0.7082331730769231 0.5598290598290598 0.7055288461538461 0.5592948717948718
2 0.6715745192307693 0.5897435897435898 0.6685697115384616 0.5950854700854701 0.6700721153846154 0.6020299145299145 0.671875 0.6047008547008547 0.6748798076923077 0.6052350427350427 0.6784855769230769 0.6025641025641025 0.6902043269230769 0.5833333333333334 0.6899038461538461 0.5710470085470085 0.6850961538461539 0.5726495726495726 0.6790865384615384 0.5779914529914529
2 0.6307091346153846 0.5966880341880342 0.6301081730769231 0.6009615384615384 0.6313100961538461 0.6105769230769231 0.6343149038461539 0.6111111111111112 0.6502403846153846 0.6030982905982906 0.6529447115384616 0.594551282051282 0.6529447115384616 0.5902777777777778 0.6508413461538461 0.5860042735042735 0.6463341346153846 0.5865384615384616 0.6349158653846154 0.5918803418803419
2 0.6131760817307692 0.6134882478632478 0.00043269230769230765 0.0007692307692307692
2 0.6045673076923077 0.6127136752136753 0.6042668269230769 0.6164529914529915 0.6057692307692307 0.6217948717948718 0.6096754807692307 0.6233974358974359 0.6268028846153846 0.6164529914529915 0.6301081730769231 0.6121794871794872 0.6307091346153846 0.6089743589743589 0.6292067307692307 0.5993589743589743 0.6265024038461539 0.5977564102564102 0.6090745192307693 0.6036324786324786
2 0.5694110576923077 0.5844017094017094 0.5691105769230769 0.5892094017094017 0.5703125 0.5913461538461539 0.5757211538461539 0.594551282051282 0.5853365384615384 0.6095085470085471 0.5895432692307693 0.6084401709401709 0.5934495192307693 0.5988247863247863 0.59375 0.594551282051282 0.5922475961538461 0.5897435897435898 0.578125 0.5742521367521367 0.5745192307692307 0.5742521367521367
2 0.5300480769230769 0.5902777777777778 0.5300480769230769 0.6036324786324786 0.5330528846153846 0.6057692307692307 0.5510817307692307 0.5966880341880342 0.5525841346153846 0.5918803418803419 0.5522836538461539 0.5822649572649573 0.55078125 0.5795940170940171 0.5465745192307693 0.5790598290598291 0.5345552884615384 0.5849358974358975
2 0.5045072115384616 0.5977564102564102 0.5042067307692307 0.6127136752136753 0.5051081730769231 0.6143162393162394 0.5231370192307693 0.6095085470085471 0.5285456730769231 0.6057692307692307 0.5288461538461539 0.6030982905982906 0.5282451923076923 0.5913461538461539 0.5261418269230769 0.5892094017094017 0.5078125 0.594551282051282
2 0.47806490384615385 0.6079059829059829 0.47806490384615385 0.6185897435897436 0.4801682692307692 0.6223290598290598 0.5015024038461539 0.6164529914529915 0.50390625 0.6127136752136753 0.5036057692307693 0.6014957264957265 0.5021033653846154 0.5982905982905983 0.4840745192307692 0.6009615384615384 0.48106971153846156 0.6025641025641025
2 0.4504206730769231 0.6212606837606838 0.45072115384615385 0.6335470085470085 0.45462740384615385 0.6346153846153846 0.47445913461538464 0.6266025641025641 0.4777644230769231 0.6228632478632479 0.4777644230769231 0.6191239316239316 0.4762620192307692 0.6089743589743589 0.47055288461538464 0.6073717948717948 0.45492788461538464 0.6153846153846154
2 0.38491586538461536 0.6324786324786325 0.38611778846153844 0.6479700854700855 0.3903245192307692 0.6506410256410257 0.41075721153846156 0.6404914529914529 0.41195913461538464 0.6378205128205128 0.41195913461538464 0.625534188034188 0.4113581730769231 0.6228632478632479 0.40775240384615385 0.6201923076923077 0.40234375 0.6212606837606838 0.3903245192307692 0.6266025641025641
2 0.35697115384615385 0.6436965811965812 0.3566706730769231 0.6581196581196581 0.35877403846153844 0.6607905982905983 0.38040865384615385 0.655982905982906 0.38341346153846156 0.6543803418803419 0.38491586538461536 0.6511752136752137 0.38461538461538464 0.6399572649572649 0.3828125 0.6351495726495726 0.3629807692307692 0.6394230769230769
2 0.32752403846153844 0.6436965811965812 0.3269230769230769 0.6607905982905983 0.3278245192307692 0.6618589743589743 0.3515625 0.6639957264957265 0.3542668269230769 0.6629273504273504 0.3563701923076923 0.6586538461538461 0.3563701923076923 0.6474358974358975 0.35486778846153844 0.6442307692307693 0.33143028846153844 0.6410256410256411
2 0.2959735576923077 0.6479700854700855 0.29627403846153844 0.6543803418803419 0.32481971153846156 0.6618589743589743 0.32632211538461536 0.6586538461538461 0.3269230769230769 0.6431623931623932 0.31460336538461536 0.6367521367521367 0.2998798076923077 0.6330128205128205
2 0.26802884615384615 0.6303418803418803 0.2653245192307692 0.6399572649572649 0.2665264423076923 0.6436965811965812 0.28575721153846156 0.6517094017094017 0.2932692307692308 0.6517094017094017 0.2980769230769231 0.6372863247863247 0.2980769230769231 0.6335470085470085 0.29537259615384615 0.6298076923076923 0.27914663461538464 0.6233974358974359 0.2722355769230769 0.6228632478632479
2 0.2361778846153846 0.6073717948717948 0.23557692307692307 0.6159188034188035 0.23737980769230768 0.6228632478632479 0.2548076923076923 0.6372863247863247 0.25931490384615385 0.6383547008547008 0.26231971153846156 0.6340811965811965 0.26412259615384615 0.6228632478632479 0.26021634615384615 0.6143162393162394 0.24158653846153846 0.6009615384615384 0.23828125 0.6025641025641025
2 0.15534855769230768 0.5080128205128205 0.15564903846153846 0.5219017094017094 0.16316105769230768 0.5438034188034188 0.16826923076923078 0.5475427350427351 0.17307692307692307 0.5432692307692307 0.17427884615384615 0.5400641025641025 0.17337740384615385 0.5331196581196581 0.16556490384615385 0.5122863247863247 0.16556490384615385 0.5085470085470085 0.16256009615384615 0.5058760683760684
2 0.14332932692307693 0.45085470085470086 0.14873798076923078 0.4877136752136752 0.15384615384615385 0.49038461538461536 0.15925480769230768 0.48824786324786323 0.15895432692307693 0.4807692307692308 0.15264423076923078 0.45245726495726496 0.14903846153846154 0.4481837606837607 0.14573317307692307 0.4481837606837607
2 0.1517322716346154 0.35066987179487175 0.1560673076923077 0.35259668803418803 0.1580528846153846 0.35844017094017094 0.16135817307692307 0.358974358974359 0.16826923076923078 0.3349358974358974 0.16917067307692307 0.327991452991453 0.16496394230769232 0.32371794871794873 0.16135817307692307 0.32425213675213677
2 0.1878260216346154 0.5881693376068376 0.20547716346153846 0.6119054487179487 0.20819260817307692 0.613514423076923 0.21633924278846153 0.6058707264957265 0.21611298076923077 0.5962152777777778 0.19619891826923078 0.5712724358974359 0.1907677283653846 0.5720769230769231 0.1885048076923077 0.5789161324786325
2 0.18624188701923078 0.5829391025641025 0.16949579326923075 0.5612147435897437 0.1710799278846154 0.5511570512820513 0.1737956730769231 0.5459273504273504 0.17764272836538464 0.5455251068376068 0.19552013221153847 0.5696634615384616 0.18940985576923078 0.5724791666666667
2 0.15139212740384617 0.44575320512820515 0.15320252403846155 0.4216153846153846 0.15184495192307693 0.4107526709401709 0.14482962740384614 0.4079369658119658 0.1405300480769231 0.44052350427350423 0.14075631009615386 0.4529946581196581 0.14392457932692307 0.45460416666666664 0.14460336538461538 0.4497767094017094 0.14799789663461538 0.4485694444444444
2 0.15365504807692307 0.41155769230769235 0.15750210336538462 0.38943055555555556 0.1552391826923077 0.3833963675213675 0.15184495192307693 0.3813846153846154 0.14845042067307693 0.3813846153846154 0.1461875 0.38420085470085474 0.14460336538461538 0.394258547008547 0.1421141826923077 0.415982905982906 0.14505588942307693 0.4107526709401709 0.14958173076923076 0.4107526709401709 0.15229747596153848 0.4139711538461538
2 0.15637079326923078 0.38259134615384616 0.15863371394230769 0.36046474358974356 0.15795492788461538 0.3540277777777778 0.15546544471153848 0.35121207264957266 0.15252373798076924 0.35121207264957266 0.15093960336538462 0.3524188034188034 0.14912920673076924 0.35644177350427353 0.14596123798076924 0.3777638888888889 0.1461875 0.3833963675213675 0.1486766826923077 0.381786858974359 0.15275 0.381786858974359
1 0.27493990384615385 0.2516025641025641 0.27403846153846156 0.2548076923076923 0.2782451923076923 0.2644230769230769 0.27944711538461536 0.265491452991453 0.28275240384615385 0.2622863247863248 0.28756009615384615 0.2483974358974359 0.28756009615384615 0.23504273504273504 0.2839543269230769 0.23344017094017094 0.2809495192307692 0.23557692307692307
1 0.25631009615384615 0.265491452991453 0.2566105769230769 0.2793803418803419 0.2587139423076923 0.28205128205128205 0.2731370192307692 0.27403846153846156 0.27914663461538464 0.2644230769230769 0.27584134615384615 0.2569444444444444 0.2725360576923077 0.25427350427350426 0.26412259615384615 0.25801282051282054
1 0.23287259615384615 0.27724358974358976 0.23197115384615385 0.2863247863247863 0.23527644230769232 0.28899572649572647 0.25210336538461536 0.2863247863247863 0.2569110576923077 0.2825854700854701 0.2575120192307692 0.2799145299145299 0.2551081730769231 0.26655982905982906 0.23497596153846154 0.2719017094017094
1 0.20733173076923078 0.27350427350427353 0.2049278846153846 0.2825854700854701 0.20643028846153846 0.28899572649572647 0.22806490384615385 0.28899572649572647 0.23137019230769232 0.2841880341880342 0.23197115384615385 0.2745726495726496 0.2283653846153846 0.2702991452991453 0.21243990384615385 0.2702991452991453
1 0.1817908653846154 0.30128205128205127 0.17938701923076922 0.31036324786324787 0.1796875 0.31356837606837606 0.18509615384615385 0.3189102564102564 0.18870192307692307 0.3173076923076923 0.1971153846153846 0.29967948717948717 0.19801682692307693 0.2938034188034188 0.1971153846153846 0.2863247863247863 0.1935096153846154 0.2831196581196581 0.19050480769230768 0.2847222222222222
1 0.17668269230769232 0.484508547008547 0.17608173076923078 0.49786324786324787 0.17848557692307693 0.5021367521367521 0.19981971153846154 0.49893162393162394 0.20282451923076922 0.49732905982905984 0.2052283653846154 0.49145299145299143 0.20462740384615385 0.48023504273504275 0.20252403846153846 0.47702991452991456 0.18239182692307693 0.4807692307692308
1 0.20582932692307693 0.4738247863247863 0.20552884615384615 0.48664529914529914 0.20763221153846154 0.4909188034188034 0.2169471153846154 0.48824786324786323 0.22926682692307693 0.4813034188034188 0.2322716346153846 0.4775641025641026 0.23076923076923078 0.46153846153846156 0.2091346153846154 0.46955128205128205
1 0.23287259615384615 0.46100427350427353 0.23287259615384615 0.4775641025641026 0.23798076923076922 0.4780982905982906 0.25721153846153844 0.4668803418803419 0.25841346153846156 0.46314102564102566 0.2581129807692308 0.452991452991453 0.2569110576923077 0.44925213675213677 0.25210336538461536 0.44925213675213677 0.23737980769230768 0.4567307692307692
1 0.2605168269230769 0.4465811965811966 0.2581129807692308 0.44925213675213677 0.25841346153846156 0.46474358974358976 0.26231971153846156 0.4658119658119658 0.28305288461538464 0.45566239316239315 0.2842548076923077 0.452991452991453 0.28455528846153844 0.4423076923076923 0.28335336538461536 0.43803418803418803 0.27914663461538464 0.43803418803418803
1 0.28515625 0.4391025641025641 0.2860576923076923 0.45245726495726496 0.2902644230769231 0.453525641025641 0.3076923076923077 0.44604700854700857 0.3112980769230769 0.43856837606837606 0.30709134615384615 0.42735042735042733 0.2893629807692308 0.4337606837606838
1 0.3272235576923077 0.42735042735042733 0.3269230769230769 0.43536324786324787 0.32872596153846156 0.43803418803418803 0.3488581730769231 0.44177350427350426 0.3506610576923077 0.4391025641025641 0.3518629807692308 0.4252136752136752 0.34825721153846156 0.42254273504273504 0.3308293269230769 0.4198717948717949 0.328125 0.422008547008547
1 0.3518629807692308 0.4268162393162393 0.3515625 0.4391025641025641 0.35306490384615385 0.4412393162393162 0.3719951923076923 0.44711538461538464 0.3762019230769231 0.4444444444444444 0.37650240384615385 0.43482905982905984 0.3753004807692308 0.4284188034188034 0.36087740384615385 0.42467948717948717 0.35366586538461536 0.42467948717948717
1 0.37830528846153844 0.43162393162393164 0.3777043269230769 0.44551282051282054 0.3786057692307692 0.4465811965811966 0.39783653846153844 0.45032051282051283 0.4011418269230769 0.44925213675213677 0.40234375 0.44604700854700857 0.40234375 0.4358974358974359 0.40084134615384615 0.43162393162393164 0.3837139423076923 0.42735042735042733 0.3801081730769231 0.4284188034188034
1 0.4296875 0.4391025641025641 0.42908653846153844 0.4444444444444444 0.43209134615384615 0.44764957264957267 0.4528245192307692 0.44925213675213677 0.4534254807692308 0.4465811965811966 0.45252403846153844 0.4391025641025641 0.4495192307692308 0.4358974358974359 0.43179086538461536 0.43643162393162394
1 0.453125 0.43803418803418803 0.4528245192307692 0.4428418803418803 0.45643028846153844 0.44764957264957267 0.46243990384615385 0.4428418803418803 0.47415865384615385 0.4407051282051282 0.4756610576923077 0.4391025641025641 0.4756610576923077 0.43482905982905984 0.4717548076923077 0.4321581196581197 0.4645432692307692 0.4326923076923077 0.45462740384615385 0.43536324786324787
1 0.47896634615384615 0.4321581196581197 0.47716346153846156 0.43536324786324787 0.47716346153846156 0.4391025641025641 0.4801682692307692 0.4412393162393162 0.49819711538461536 0.43643162393162394 0.5 0.43536324786324787 0.5003004807692307 0.4326923076923077 0.49819711538461536 0.4252136752136752
1 0.49789663461538464 0.42414529914529914 0.49819711538461536 0.42788461538461536 0.5012019230769231 0.4337606837606838 0.5051081730769231 0.4342948717948718 0.5174278846153846 0.42574786324786323 0.5183293269230769 0.4204059829059829 0.5168269230769231 0.4166666666666667 0.5114182692307693 0.41399572649572647 0.5012019230769231 0.4198717948717949
1 0.16402223557692308 0.4932916666666667 0.17034344951923078 0.48839316239316244 0.17066766826923077 0.4771559829059829 0.16223948317307693 0.44776602564102563 0.15834975961538464 0.44517254273504275 0.1554323918269231 0.44805395299145295 0.15445973557692308 0.45151175213675215 0.15445973557692308 0.45929166666666665
1 0.16321183894230767 0.44603685897435896 0.16321183894230767 0.4157825854700855 0.16175330528846155 0.41059615384615383 0.15818749999999998 0.40944337606837605 0.15429777644230772 0.41059615384615383 0.1536493389423077 0.41520619658119656 0.15413551682692306 0.45122329059829064 0.15559435096153845 0.44920673076923073 0.15753936298076926 0.44661324786324785 0.15964633413461538 0.44661324786324785 0.16207752403846154 0.4469017094017094 0.1638602764423077 0.44776602564102563
1 0.16418449519230768 0.4157825854700855 0.16920883413461538 0.3884097222222222 0.16742608173076923 0.3794770299145299 0.16126712740384616 0.37688408119658123 0.15997055288461537 0.37688408119658123 0.15834975961538464 0.3794770299145299 0.15786328125000001 0.38466399572649573 0.15429777644230772 0.40857905982905984 0.15672896634615385 0.41001976495726494 0.15980829326923077 0.4097318376068376 0.16126712740384616 0.41001976495726494
1 0.16904687499999999 0.3817825854700855 0.17358503605769232 0.35930769230769233 0.17374699519230768 0.35383279914529914 0.16969501201923076 0.35181623931623934 0.16596724759615386 0.3509513888888889 0.16499489182692306 0.3515277777777778 0.1636983173076923 0.3558498931623931 0.16223948317307693 0.3610363247863248 0.15802554086538462 0.3812061965811966 0.16142908653846152 0.37601976495726497 0.16402223557692308 0.37774839743589744 0.16629146634615385 0.3794770299145299 0.16888461538461538 0.38293482905982906
1 0.17358503605769232 0.35412126068376065 0.18201292067307692 0.3351041666666667 0.18071634615384616 0.3244428418803419 0.17585396634615383 0.32300213675213674 0.1730985576923077 0.3255956196581197 0.16969501201923076 0.3313584401709402 0.16499489182692306 0.34403632478632473 0.16402223557692308 0.3515277777777778 0.1645087139423077 0.35412126068376065 0.16548106971153848 0.3509513888888889 0.16920883413461538 0.35066346153846156
4 0.20673076923076922 0.23076923076923078 0.20612980769230768 0.24252136752136752 0.20793269230769232 0.2467948717948718 0.22746394230769232 0.24412393162393162 0.23016826923076922 0.24145299145299146 0.22926682692307693 0.22916666666666666 0.22716346153846154 0.2264957264957265 0.20973557692307693 0.22863247863247863
2 0.23076923076923078 0.22863247863247863 0.23046875 0.24091880341880342 0.23287259615384615 0.24358974358974358 0.25240384615384615 0.24145299145299146 0.25450721153846156 0.2377136752136752 0.25330528846153844 0.22756410256410256 0.25150240384615385 0.2248931623931624 0.23377403846153846 0.22596153846153846
2 0.2569110576923077 0.2280982905982906 0.2566105769230769 0.2377136752136752 0.25841346153846156 0.24091880341880342 0.27584134615384615 0.2403846153846154 0.2785456730769231 0.2387820512820513 0.2803485576923077 0.23397435897435898 0.2764423076923077 0.2232905982905983 0.26111778846153844 0.2232905982905983 0.2587139423076923 0.22435897435897437
2 0.2920673076923077 0.22382478632478633 0.29146634615384615 0.23076923076923078 0.2926682692307692 0.23557692307692307 0.29627403846153844 0.23824786324786323 0.31400240384615385 0.22702991452991453 0.3134014423076923 0.22008547008547008 0.31099759615384615 0.21367521367521367 0.30679086538461536 0.21367521367521367 0.29627403846153844 0.21901709401709402
2 0.31580528846153844 0.2126068376068376 0.3161057692307692 0.22435897435897437 0.32241586538461536 0.2264957264957265 0.3347355769230769 0.22275641025641027 0.33653846153846156 0.22008547008547008 0.3371394230769231 0.20993589743589744 0.3350360576923077 0.20726495726495728 0.33052884615384615 0.20726495726495728 0.3206129807692308 0.20886752136752137
2 0.33774038461538464 0.20886752136752137 0.33743990384615385 0.2168803418803419 0.3386418269230769 0.22168803418803418 0.3557692307692308 0.2222222222222222 0.3581730769230769 0.22008547008547008 0.35787259615384615 0.20886752136752137 0.3563701923076923 0.20566239316239315 0.34164663461538464 0.20512820512820512
2 0.3605769230769231 0.20886752136752137 0.3602764423076923 0.21794871794871795 0.3623798076923077 0.22168803418803418 0.37890625 0.2232905982905983 0.38100961538461536 0.2206196581196581 0.38040865384615385 0.20993589743589744 0.37680288461538464 0.20673076923076922 0.36508413461538464 0.20566239316239315
2 0.3837139423076923 0.20833333333333334 0.3828125 0.2094017094017094 0.3828125 0.22008547008547008 0.3837139423076923 0.22168803418803418 0.3972355769230769 0.2280982905982906 0.40084134615384615 0.22863247863247863 0.40234375 0.2264957264957265 0.4035456730769231 0.21848290598290598 0.4026442307692308 0.21314102564102563 0.3909254807692308 0.20726495726495728
2 0.40414663461538464 0.21741452991452992 0.4032451923076923 0.22702991452991453 0.40474759615384615 0.2297008547008547 0.4182692307692308 0.2377136752136752 0.421875 0.23824786324786323 0.42337740384615385 0.2361111111111111 0.42397836538461536 0.2264957264957265 0.421875 0.22115384615384615 0.40955528846153844 0.2152777777777778 0.4059495192307692 0.2152777777777778
2 0.43990384615384615 0.23717948717948717 0.4405048076923077 0.24412393162393162 0.4426081730769231 0.24572649572649571 0.4573317307692308 0.24626068376068377 0.45913461538461536 0.24519230769230768 0.46033653846153844 0.24091880341880342 0.4600360576923077 0.23237179487179488 0.45552884615384615 0.22916666666666666 0.44290865384615385 0.2297008547008547 0.4411057692307692 0.23183760683760685
2 0.46484375 0.2403846153846154 0.4645432692307692 0.24412393162393162 0.4675480769230769 0.24786324786324787 0.4816706730769231 0.25053418803418803 0.4846754807692308 0.24519230769230768 0.4852764423076923 0.2377136752136752 0.48106971153846156 0.23397435897435898 0.46935096153846156 0.23183760683760685 0.4660456730769231 0.23397435897435898
2 0.4846754807692308 0.24412393162393162 0.48377403846153844 0.2516025641025641 0.4873798076923077 0.2548076923076923 0.49609375 0.2569444444444444 0.5027043269230769 0.2564102564102564 0.5048076923076923 0.24519230769230768 0.4894831730769231 0.2387820512820513 0.48647836538461536 0.23931623931623933
2 0.5054086538461539 0.24786324786324787 0.5054086538461539 0.2564102564102564 0.5078125 0.25961538461538464 0.51953125 0.2622863247863248 0.5231370192307693 0.26175213675213677 0.5249399038461539 0.25854700854700857 0.5246394230769231 0.2516025641025641 0.5225360576923077 0.24732905982905984 0.5081129807692307 0.24412393162393162
2 0.5252403846153846 0.24732905982905984 0.5222355769230769 0.24786324786324787 0.5237379807692307 0.2483974358974359 0.5261418269230769 0.26175213675213677 0.5354567307692307 0.265491452991453 0.5414663461538461 0.265491452991453 0.5438701923076923 0.26282051282051283 0.5444711538461539 0.25427350427350426 0.5408653846153846 0.25053418803418803
2 0.5453725961538461 0.2569444444444444 0.5444711538461539 0.265491452991453 0.546875 0.2676282051282051 0.5609975961538461 0.2708333333333333 0.5649038461538461 0.26495726495726496 0.5649038461538461 0.25854700854700857 0.5618990384615384 0.25427350427350426 0.5498798076923077 0.2516025641025641 0.546875 0.2532051282051282
2 0.5805288461538461 0.26655982905982906 0.5796274038461539 0.26816239316239315 0.5802283653846154 0.27564102564102566 0.5862379807692307 0.2793803418803419 0.5988581730769231 0.281517094017094 0.6003605769230769 0.2793803418803419 0.6015625 0.2724358974358974 0.6009615384615384 0.2686965811965812 0.5913461538461539 0.26335470085470086 0.5844350961538461 0.26282051282051283
2 0.6012620192307693 0.27510683760683763 0.6003605769230769 0.2799145299145299 0.6018629807692307 0.2825854700854701 0.6126802884615384 0.28685897435897434 0.6186899038461539 0.2863247863247863 0.6216947115384616 0.2799145299145299 0.6216947115384616 0.27564102564102566 0.6192908653846154 0.2708333333333333 0.6051682692307693 0.2686965811965812
2 0.6442307692307693 0.23183760683760685 0.6433293269230769 0.234508547008547 0.6448317307692307 0.24145299145299146 0.6481370192307693 0.24358974358974358 0.6577524038461539 0.23824786324786323 0.6589543269230769 0.22702991452991453 0.6538461538461539 0.22382478632478633
2 0.6643629807692307 0.23183760683760685 0.6637620192307693 0.23824786324786323 0.6646634615384616 0.24091880341880342 0.6709735576923077 0.24519230769230768 0.6820913461538461 0.24893162393162394 0.6844951923076923 0.24252136752136752 0.68359375 0.2377136752136752 0.6802884615384616 0.23397435897435898 0.671875 0.22863247863247863 0.6676682692307693 0.22756410256410256
2 0.68359375 0.24626068376068377 0.6829927884615384 0.2516025641025641 0.6841947115384616 0.2548076923076923 0.6944110576923077 0.26282051282051283 0.7001201923076923 0.26495726495726496 0.7034254807692307 0.25854700854700857 0.7034254807692307 0.25427350427350426 0.7019230769230769 0.2516025641025641 0.6932091346153846 0.24412393162393162 0.6865985576923077 0.24252136752136752
2 0.6255327524038462 0.2777857905982906 0.6328629807692308 0.2814439102564103 0.6396790865384615 0.25766666666666665 0.6391646634615384 0.25377991452991455 0.6377499999999999 0.25172222222222224 0.6342776442307693 0.2508076923076923 0.6323485576923077 0.2508076923076923 0.630676983173077 0.25538034188034187
2 0.6399362980769231 0.2565235042735043 0.6450805288461539 0.24714957264957263 0.6454663461538461 0.23846153846153845 0.6428942307692308 0.23548931623931624 0.6413509615384616 0.23617521367521369 0.6391646634615384 0.2380042735042735 0.633891826923077 0.24737820512820513 0.63119140625 0.2519508547008547 0.6347920673076923 0.2505790598290598 0.6369783653846154 0.25035042735042734
3 0.42127403846153844 0.5790598290598291 0.42247596153846156 0.6121794871794872 0.4248798076923077 0.6169871794871795 0.4305889423076923 0.6164529914529915 0.4326923076923077 0.6127136752136753 0.43209134615384615 0.5758547008547008 0.42818509615384615 0.5726495726495726
3 0.41856971153846156 0.5352564102564102 0.41796875 0.5582264957264957 0.41947115384615385 0.5737179487179487 0.421875 0.5785256410256411 0.4269831730769231 0.5763888888888888 0.42908653846153844 0.5705128205128205 0.4254807692307692 0.5331196581196581 0.421875 0.532051282051282
3 0.4287860576923077 0.4519230769230769 0.4284855769230769 0.46314102564102566 0.43028846153846156 0.4658119658119658 0.45072115384615385 0.4668803418803419 0.45372596153846156 0.46314102564102566 0.45372596153846156 0.452991452991453 0.45102163461538464 0.45032051282051283 0.43118990384615385 0.44711538461538464
3 0.45703125 0.45032051282051283 0.4567307692307692 0.45886752136752135 0.45943509615384615 0.4642094017094017 0.47716346153846156 0.46100427350427353 0.48046875 0.4567307692307692 0.47986778846153844 0.44551282051282054 0.47716346153846156 0.44177350427350426 0.4606370192307692 0.4444444444444444 0.45853365384615385 0.44604700854700857
3 0.4807692307692308 0.44337606837606836 0.48106971153846156 0.4561965811965812 0.4840745192307692 0.4583333333333333 0.5018028846153846 0.452991452991453 0.50390625 0.44604700854700857 0.5036057692307693 0.4391025641025641 0.5018028846153846 0.43696581196581197 0.48617788461538464 0.4391025641025641
3 0.50390625 0.4375 0.5045072115384616 0.45085470085470086 0.5087139423076923 0.4513888888888889 0.5222355769230769 0.44177350427350426 0.5240384615384616 0.43856837606837606 0.5252403846153846 0.4310897435897436 0.5234375 0.42735042735042733 0.5186298076923077 0.42467948717948717 0.5084134615384616 0.43162393162393164
3 0.5051081730769231 0.3920940170940171 0.5057091346153846 0.4011752136752137 0.51171875 0.4129273504273504 0.5150240384615384 0.41399572649572647 0.5189302884615384 0.41933760683760685 0.5228365384615384 0.41613247863247865 0.5225360576923077 0.4075854700854701 0.5159254807692307 0.391025641025641 0.5084134615384616 0.38621794871794873
3 0.5435697115384616 0.3482905982905983 0.5432692307692307 0.359508547008547 0.5615985576923077 0.3605769230769231 0.5646033653846154 0.358974358974359 0.5652043269230769 0.3456196581196581 0.5640024038461539 0.34455128205128205 0.5528846153846154 0.3418803418803419 0.5465745192307693 0.343482905982906
3 0.5661057692307693 0.3488247863247863 0.5655048076923077 0.358974358974359 0.5670072115384616 0.3605769230769231 0.5832331730769231 0.36378205128205127 0.5853365384615384 0.3627136752136752 0.5862379807692307 0.358974358974359 0.5859375 0.34989316239316237 0.58203125 0.34615384615384615 0.5703125 0.3450854700854701
3 0.4150844350961539 0.523375 0.42358143028846157 0.5230950854700855 0.4249975961538462 0.5144236111111111 0.4220078125 0.48309401709401706 0.4183888221153846 0.4816955128205128 0.4161859975961538 0.4811356837606838 0.41319621394230766 0.48225480769230766 0.41256700721153844 0.49008707264957263
3 0.41209495192307694 0.48449252136752136 0.4098921274038462 0.46043589743589747 0.4117803485576923 0.4495261752136752 0.4160285456730769 0.4486869658119658 0.41854627403846156 0.456519764957265 0.42090655048076925 0.48225480769230766 0.41760216346153844 0.4808563034188034 0.41429777644230764 0.4814155982905983
3 0.5148431490384615 0.38742628205128204 0.5312076322115384 0.374838141025641 0.5307355769230769 0.3656073717948718 0.5263296274038461 0.3616912393162393 0.5124831730769231 0.3739989316239316 0.5099654447115385 0.38490865384615386
3 0.5319942908653846 0.37204113247863246 0.5448969350961538 0.3594529914529914 0.5439528245192308 0.34910309829059827 0.5415925480769231 0.3474246794871795 0.5271165865384615 0.3594529914529914 0.5275883413461538 0.363928952991453 0.5302635216346154 0.363928952991453