2 0.11568509615384616 0.40384615384615385 0.11598557692307693 0.42254273504273504 0.1268028846153846 0.4204059829059829 0.1268028846153846 0.40010683760683763 0.12439903846153846 0.3888888888888889 0.1180889423076923 0.3888888888888889
2 0.13701923076923078 0.4946581196581197 0.13371394230769232 0.5048076923076923 0.13581730769230768 0.5144230769230769 0.13701923076923078 0.5325854700854701 0.14032451923076922 0.5389957264957265 0.14753605769230768 0.5379273504273504 0.1502403846153846 0.5293803418803419 0.14933894230769232 0.5202991452991453 0.14393028846153846 0.5 0.14032451923076922 0.49145299145299143
2 0.1484375 0.5395299145299145 0.14813701923076922 0.5470085470085471 0.15084134615384615 0.5582264957264957 0.1580528846153846 0.5721153846153846 0.16286057692307693 0.5747863247863247 0.17277644230769232 0.5699786324786325 0.17277644230769232 0.5608974358974359 0.1580528846153846 0.530448717948718 0.15504807692307693 0.5283119658119658 0.15114182692307693 0.5293803418803419
2 0.18088942307692307 0.594551282051282 0.18058894230769232 0.5988247863247863 0.18209134615384615 0.6036324786324786 0.19951923076923078 0.625 0.20432692307692307 0.6233974358974359 0.21003605769230768 0.6127136752136753 0.20703125 0.6020299145299145 0.18990384615384615 0.5833333333333334 0.18449519230769232 0.5827991452991453 0.18209134615384615 0.5876068376068376
2 0.21123798076923078 0.625 0.21003605769230768 0.6324786324786325 0.21243990384615385 0.6372863247863247 0.23377403846153846 0.6506410256410257 0.23768028846153846 0.6501068376068376 0.24338942307692307 0.6346153846153846 0.2400841346153846 0.6271367521367521 0.21814903846153846 0.6137820512820513 0.2166466346153846 0.6137820512820513 0.21334134615384615 0.6191239316239316
2 0.24068509615384615 0.6394230769230769 0.23858173076923078 0.6501068376068376 0.23978365384615385 0.6543803418803419 0.2626201923076923 0.6661324786324786 0.26893028846153844 0.6655982905982906 0.2731370192307692 0.6501068376068376 0.2731370192307692 0.6469017094017094 0.27103365384615385 0.6442307692307693 0.2509014423076923 0.6351495726495726 0.2481971153846154 0.6314102564102564 0.24308894230769232 0.6335470085470085
2 0.29537259615384615 0.6527777777777778 0.29537259615384615 0.6575854700854701 0.2980769230769231 0.6613247863247863 0.3206129807692308 0.6666666666666666 0.32632211538461536 0.6655982905982906 0.3278245192307692 0.6581196581196581 0.32752403846153844 0.6474358974358975 0.32602163461538464 0.6436965811965812 0.3049879807692308 0.6372863247863247 0.29927884615384615 0.6378205128205128
2 0.33443509615384615 0.6501068376068376 0.3332331730769231 0.6613247863247863 0.3356370192307692 0.6645299145299145 0.35216346153846156 0.6634615384615384 0.3590745192307692 0.6613247863247863 0.3629807692307692 0.6575854700854701 0.36478365384615385 0.6426282051282052 0.3641826923076923 0.6404914529914529 0.36087740384615385 0.6388888888888888 0.34224759615384615 0.6404914529914529 0.33653846153846156 0.6436965811965812
2 0.36568509615384615 0.6452991452991453 0.3644831730769231 0.6581196581196581 0.36899038461538464 0.6613247863247863 0.39002403846153844 0.656517094017094 0.39453125 0.6543803418803419 0.3954326923076923 0.6517094017094017 0.3954326923076923 0.6399572649572649 0.3942307692307692 0.6351495726495726 0.3701923076923077 0.6378205128205128 0.36658653846153844 0.6404914529914529
2 0.3957331730769231 0.6346153846153846 0.39603365384615385 0.6538461538461539 0.41856971153846156 0.6452991452991453 0.4227764423076923 0.6378205128205128 0.4209735576923077 0.6266025641025641 0.41856971153846156 0.6233974358974359
2 0.4209735576923077 0.6196581196581197 0.42007211538461536 0.6228632478632479 0.4230769230769231 0.6372863247863247 0.4254807692307692 0.6394230769230769 0.43028846153846156 0.6324786324786325 0.4426081730769231 0.6223290598290598 0.4453125 0.6164529914529915 0.4456129807692308 0.6127136752136753 0.4426081730769231 0.6052350427350427 0.4387019230769231 0.6036324786324786
2 0.44140625 0.5982905982905983 0.4411057692307692 0.6025641025641025 0.44591346153846156 0.6127136752136753 0.4501201923076923 0.6105769230769231 0.46334134615384615 0.593482905982906 0.4639423076923077 0.5779914529914529 0.46033653846153844 0.5763888888888888 0.45643028846153844 0.5779914529914529 0.4450120192307692 0.5908119658119658
2 0.49368990384615385 0.5555555555555556 0.4930889423076923 0.5641025641025641 0.4948918269230769 0.5667735042735043 0.4987980769230769 0.5678418803418803 0.5132211538461539 0.5534188034188035 0.5165264423076923 0.5432692307692307 0.5120192307692307 0.5357905982905983 0.5084134615384616 0.5373931623931624 0.4996995192307692 0.5464743589743589
2 0.5147235576923077 0.5283119658119658 0.5129206730769231 0.5325854700854701 0.5132211538461539 0.5363247863247863 0.515625 0.5443376068376068 0.5192307692307693 0.5443376068376068 0.5336538461538461 0.5283119658119658 0.5345552884615384 0.5256410256410257 0.5336538461538461 0.5160256410256411 0.5327524038461539 0.5133547008547008 0.5294471153846154 0.5149572649572649
2 0.5348557692307693 0.5096153846153846 0.5339543269230769 0.5149572649572649 0.5366586538461539 0.5256410256410257 0.5501802884615384 0.5122863247863247 0.5531850961538461 0.5032051282051282 0.5501802884615384 0.4946581196581197
2 0.5534855769230769 0.4893162393162393 0.55078125 0.4951923076923077 0.5537860576923077 0.5037393162393162 0.5570913461538461 0.5037393162393162 0.5673076923076923 0.4909188034188034 0.5682091346153846 0.484508547008547 0.5673076923076923 0.4775641025641026 0.5637019230769231 0.47596153846153844
2 0.5793269230769231 0.46794871794871795 0.5787259615384616 0.47702991452991456 0.5814302884615384 0.4807692307692308 0.5862379807692307 0.4807692307692308 0.5985576923076923 0.4893162393162393 0.6021634615384616 0.4813034188034188 0.6027644230769231 0.4706196581196581 0.5982572115384616 0.46634615384615385 0.5844350961538461 0.4599358974358974 0.5817307692307693 0.46153846153846156
2 0.61328125 0.4807692307692308 0.6129807692307693 0.48664529914529914 0.6144831730769231 0.49038461538461536 0.6159855769230769 0.49198717948717946 0.6198918269230769 0.4909188034188034 0.6310096153846154 0.47702991452991456 0.6334134615384616 0.46955128205128205 0.6301081730769231 0.46314102564102566 0.6268028846153846 0.4636752136752137 0.6162860576923077 0.4738247863247863
2 0.6355168269230769 0.44925213675213677 0.6304086538461539 0.4599358974358974 0.6307091346153846 0.46314102564102566 0.6334134615384616 0.4668803418803419 0.6370192307692307 0.4668803418803419 0.6460336538461539 0.4561965811965812 0.6463341346153846 0.44871794871794873 0.6436298076923077 0.4439102564102564 0.640625 0.44337606837606836
2 0.6574519230769231 0.4391025641025641 0.6580528846153846 0.4465811965811966 0.6607572115384616 0.44871794871794873 0.6643629807692307 0.44764957264957267 0.6685697115384616 0.4326923076923077 0.6700721153846154 0.421474358974359 0.6649639423076923 0.41613247863247865 0.6610576923076923 0.4252136752136752
2 0.6673677884615384 0.4113247863247863 0.6667668269230769 0.41452991452991456 0.6694711538461539 0.4166666666666667 0.671875 0.4230769230769231 0.6853966346153846 0.40384615384615385 0.6784855769230769 0.3974358974358974
2 0.6784855769230769 0.3969017094017094 0.6772836538461539 0.40064102564102566 0.6856971153846154 0.4049145299145299 0.6971153846153846 0.3974358974358974 0.6977163461538461 0.3888888888888889 0.6950120192307693 0.3856837606837607 0.6887019230769231 0.38621794871794873 0.6823918269230769 0.390491452991453
2 0.6983173076923077 0.38354700854700857 0.6968149038461539 0.38675213675213677 0.6989182692307693 0.3974358974358974 0.7151442307692307 0.40064102564102566 0.7172475961538461 0.40064102564102566 0.7202524038461539 0.3872863247863248 0.7079326923076923 0.3819444444444444
2 0.7202524038461539 0.390491452991453 0.7196514423076923 0.40064102564102566 0.7367788461538461 0.406517094017094 0.7406850961538461 0.4011752136752137 0.7424879807692307 0.3942307692307692 0.7373798076923077 0.38995726495726496 0.7274639423076923 0.38675213675213677 0.7238581730769231 0.38621794871794873
2 0.7406850961538461 0.40064102564102566 0.7403846153846154 0.4075854700854701 0.7415865384615384 0.4091880341880342 0.7548076923076923 0.4172008547008547 0.7590144230769231 0.41773504273504275 0.7623197115384616 0.41025641025641024 0.7623197115384616 0.4043803418803419 0.7593149038461539 0.40064102564102566 0.7451923076923077 0.3936965811965812 0.7421875 0.3942307692307692
2 0.12375150240384616 0.4756688034188034 0.13234885817307693 0.5067003205128205 0.13677794471153845 0.49651068376068375 0.14068569711538462 0.4937318376068376 0.13339092548076922 0.4580683760683761 0.12609615384615386 0.4580683760683761
2 0.12192758413461538 0.4677948717948718 0.11619591346153846 0.441857905982906 0.11567487980769231 0.4284257478632479 0.12323046875 0.4224049145299145 0.13182782451923078 0.4557526709401709 0.12635667067307693 0.45760523504273504 0.12401201923076922 0.4677948717948718
4 0.13040865384615385 0.2692307692307692 0.1307091346153846 0.28044871794871795 0.13311298076923078 0.2841880341880342 0.13581730769230768 0.2841880341880342 0.15504807692307693 0.2724358974358974 0.15655048076923078 0.265491452991453 0.15324519230769232 0.25587606837606836 0.14993990384615385 0.2548076923076923 0.13311298076923078 0.2638888888888889
4 0.15534855769230768 0.25427350427350426 0.15625 0.26495726495726496 0.1580528846153846 0.26976495726495725 0.1619591346153846 0.26976495726495725 0.17638221153846154 0.26175213675213677 0.17998798076923078 0.25854700854700857 0.18058894230769232 0.2553418803418803 0.17938701923076922 0.24626068376068377 0.17518028846153846 0.2419871794871795 0.16105769230769232 0.24893162393162394
4 0.1814903846153846 0.24145299145299146 0.18058894230769232 0.24465811965811965 0.18118990384615385 0.2516025641025641 0.18269230769230768 0.25587606837606836 0.18509615384615385 0.25747863247863245 0.20432692307692307 0.2483974358974359 0.20612980769230768 0.24412393162393162 0.2049278846153846 0.23397435897435898 0.20162259615384615 0.23076923076923078 0.18599759615384615 0.2361111111111111
4 0.2169471153846154 0.22702991452991453 0.2166466346153846 0.23076923076923078 0.21844951923076922 0.2377136752136752 0.22385817307692307 0.2387820512820513 0.2361778846153846 0.22382478632478633 0.23737980769230768 0.2206196581196581 0.2364783653846154 0.21153846153846154 0.23497596153846154 0.20833333333333334 0.23016826923076922 0.20886752136752137 0.21995192307692307 0.21955128205128205
4 0.23737980769230768 0.202991452991453 0.23677884615384615 0.21047008547008547 0.24068509615384615 0.21955128205128205 0.25961538461538464 0.20619658119658119 0.2587139423076923 0.1955128205128205 0.25540865384615385 0.19123931623931623 0.24128605769230768 0.19818376068376067
4 0.2581129807692308 0.18963675213675213 0.2569110576923077 0.19230769230769232 0.2587139423076923 0.19497863247863248 0.26021634615384615 0.20512820512820512 0.26171875 0.20673076923076922 0.27914663461538464 0.19925213675213677 0.28125 0.19604700854700854 0.27974759615384615 0.18482905982905984 0.27674278846153844 0.18108974358974358 0.26352163461538464 0.18536324786324787
4 0.2809495192307692 0.18108974358974358 0.28125 0.19391025641025642 0.2824519230769231 0.19658119658119658 0.30018028846153844 0.19284188034188035 0.30318509615384615 0.1875 0.30288461538461536 0.17735042735042736 0.30018028846153844 0.17467948717948717 0.28515625 0.17735042735042736
4 0.3043870192307692 0.17254273504273504 0.30408653846153844 0.18322649572649571 0.3055889423076923 0.1891025641025641 0.32481971153846156 0.18963675213675213 0.32572115384615385 0.18803418803418803 0.32572115384615385 0.17574786324786323 0.32421875 0.17254273504273504 0.31460336538461536 0.1704059829059829 0.30618990384615385 0.1704059829059829
4 0.3272235576923077 0.17414529914529914 0.3269230769230769 0.18536324786324787 0.328125 0.18963675213675213 0.34525240384615385 0.19230769230769232 0.3485576923076923 0.19017094017094016 0.3479567307692308 0.17841880341880342 0.34525240384615385 0.1736111111111111 0.32992788461538464 0.17254273504273504
4 0.36568509615384615 0.17895299145299146 0.36568509615384615 0.1891025641025641 0.36929086538461536 0.19284188034188035 0.38461538461538464 0.1875 0.3864182692307692 0.18536324786324787 0.38671875 0.18215811965811965 0.38611778846153844 0.17467948717948717 0.3840144230769231 0.17147435897435898 0.36899038461538464 0.17414529914529914
4 0.38912259615384615 0.17467948717948717 0.38882211538461536 0.18162393162393162 0.3903245192307692 0.18482905982905984 0.4074519230769231 0.18536324786324787 0.41015625 0.18215811965811965 0.4110576923076923 0.17147435897435898 0.40835336538461536 0.16826923076923078 0.39393028846153844 0.16826923076923078 0.3897235576923077 0.17147435897435898
4 0.41075721153846156 0.1736111111111111 0.41015625 0.18269230769230768 0.4110576923076923 0.18536324786324787 0.41977163461538464 0.18536324786324787 0.43118990384615385 0.18215811965811965 0.4308894230769231 0.17147435897435898 0.4293870192307692 0.16933760683760685 0.4131610576923077 0.16987179487179488
4 0.43118990384615385 0.1704059829059829 0.4308894230769231 0.18162393162393162 0.43209134615384615 0.18269230769230768 0.44290865384615385 0.18215811965811965 0.4483173076923077 0.17841880341880342 0.4480168269230769 0.16773504273504272 0.4465144230769231 0.16613247863247863 0.43569711538461536 0.1672008547008547
4 0.4489182692307692 0.16613247863247863 0.44861778846153844 0.17841880341880342 0.4504206730769231 0.18002136752136752 0.4660456730769231 0.1794871794871795 0.46814903846153844 0.1752136752136752 0.46814903846153844 0.16826923076923078 0.4657451923076923 0.16452991452991453 0.4528245192307692 0.16346153846153846
4 0.46814903846153844 0.16452991452991453 0.46875 0.17841880341880342 0.484375 0.17681623931623933 0.4870793269230769 0.17147435897435898 0.48647836538461536 0.16452991452991453 0.4846754807692308 0.1607905982905983 0.47506009615384615 0.16132478632478633
4 0.5 0.16826923076923078 0.4996995192307692 0.17147435897435898 0.5012019230769231 0.17574786324786323 0.5168269230769231 0.17574786324786323 0.5201322115384616 0.17307692307692307 0.5204326923076923 0.16346153846153846 0.5174278846153846 0.16025641025641027 0.5045072115384616 0.1607905982905983 0.5018028846153846 0.1623931623931624
4 0.5207331730769231 0.1639957264957265 0.5204326923076923 0.17147435897435898 0.5225360576923077 0.17574786324786323 0.5354567307692307 0.17307692307692307 0.5399639423076923 0.16826923076923078 0.5390625 0.16132478632478633 0.5366586538461539 0.15865384615384615 0.5243389423076923 0.1597222222222222
4 0.5796274038461539 0.11431623931623931 0.5796274038461539 0.11965811965811966 0.5829326923076923 0.12393162393162394 0.5940504807692307 0.12767094017094016 0.5964543269230769 0.12767094017094016 0.5979567307692307 0.12393162393162394 0.5979567307692307 0.11645299145299146 0.5946514423076923 0.11164529914529915 0.5847355769230769 0.10844017094017094 0.5811298076923077 0.11057692307692307
4 0.5609975961538461 0.10576923076923077 0.5606971153846154 0.11271367521367522 0.5676081730769231 0.11912393162393162 0.578125 0.11805555555555555 0.5796274038461539 0.11004273504273504 0.5772235576923077 0.10416666666666667 0.5670072115384616 0.10042735042735043 0.5634014423076923 0.10042735042735043
4 0.5393332331730769 0.16171634615384617 0.5448954326923077 0.16267307692307692 0.5465102163461538 0.13524198717948718 0.5405892427884615 0.13396634615384614
4 0.5391538461538462 0.1400267094017094 0.5416658653846154 0.1180176282051282 0.5443569711538461 0.11546581196581196 0.5484837740384616 0.11929380341880343 0.5466896033653846 0.13619871794871793 0.5407686298076924 0.1342852564102564
4 0.5493807091346153 0.1208883547008547 0.5556604567307692 0.11291452991452992 0.5560192307692308 0.10462126068376068 0.5522515024038461 0.10047435897435897 0.5438188100961538 0.1110005341880342 0.5434600360576923 0.11578525641025642 0.5450748197115385 0.11578525641025642
3 0.5126201923076923 0.2516025641025641 0.5123197115384616 0.2622863247863248 0.5135216346153846 0.26335470085470086 0.5258413461538461 0.2622863247863248 0.5315504807692307 0.25854700854700857 0.5315504807692307 0.24946581196581197 0.5285456730769231 0.24519230769230768 0.5162259615384616 0.24732905982905984
3 0.49278846153846156 0.25801282051282054 0.4924879807692308 0.26175213675213677 0.49609375 0.2670940170940171 0.5021033653846154 0.26816239316239315 0.5093149038461539 0.265491452991453 0.5120192307692307 0.2622863247863248 0.5123197115384616 0.25106837606837606 0.5114182692307693 0.24946581196581197 0.5021033653846154 0.25053418803418803 0.49819711538461536 0.25427350427350426 0.49459134615384615 0.2548076923076923
3 0.47325721153846156 0.3194444444444444 0.4729567307692308 0.3247863247863248 0.47445913461538464 0.327991452991453 0.4840745192307692 0.33600427350427353 0.4924879807692308 0.3333333333333333 0.49399038461538464 0.3311965811965812 0.49429086538461536 0.327991452991453 0.4921875 0.3231837606837607 0.48046875 0.31196581196581197 0.47596153846153844 0.31303418803418803
3 0.4879807692307692 0.3573717948717949 0.4855769230769231 0.3627136752136752 0.48768028846153844 0.3733974358974359 0.4912860576923077 0.3733974358974359 0.4996995192307692 0.36004273504273504 0.5018028846153846 0.3525641025641026 0.5018028846153846 0.3472222222222222 0.49819711538461536 0.343482905982906 0.4948918269230769 0.34455128205128205
3 0.47025240384615385 0.3733974358974359 0.46935096153846156 0.37606837606837606 0.47025240384615385 0.38461538461538464 0.4714543269230769 0.38782051282051283 0.47415865384615385 0.38835470085470086 0.4840745192307692 0.3803418803418803 0.4873798076923077 0.37606837606837606 0.4879807692307692 0.37232905982905984 0.4870793269230769 0.36538461538461536 0.4840745192307692 0.3611111111111111 0.4729567307692308 0.36912393162393164
3 0.4480168269230769 0.390491452991453 0.44711538461538464 0.3942307692307692 0.4495192307692308 0.4049145299145299 0.453125 0.4049145299145299 0.4678485576923077 0.3942307692307692 0.47055288461538464 0.38995726495726496 0.47085336538461536 0.38621794871794873 0.4690504807692308 0.3782051282051282 0.4660456730769231 0.37606837606837606 0.453125 0.38461538461538464
3 0.42427884615384615 0.405982905982906 0.4248798076923077 0.41613247863247865 0.43028846153846156 0.4188034188034188 0.44591346153846156 0.4107905982905983 0.44861778846153844 0.4075854700854701 0.4489182692307692 0.4033119658119658 0.44591346153846156 0.39476495726495725 0.4426081730769231 0.3942307692307692 0.4284855769230769 0.39903846153846156
3 0.4071514423076923 0.4113247863247863 0.4071514423076923 0.42414529914529914 0.41556490384615385 0.4428418803418803 0.4191706730769231 0.44551282051282054 0.4254807692307692 0.44177350427350426 0.4260817307692308 0.4358974358974359 0.42518028846153844 0.4326923076923077 0.4176682692307692 0.41773504273504275 0.41586538461538464 0.4107905982905983 0.4110576923076923 0.4081196581196581
3 0.4209735576923077 0.44604700854700857 0.4209735576923077 0.45245726495726496 0.4296875 0.4791666666666667 0.43599759615384615 0.4797008547008547 0.43930288461538464 0.47596153846153844 0.4384014423076923 0.4636752136752137 0.4284855769230769 0.43963675213675213 0.42518028846153844 0.43856837606837606
3 0.4411057692307692 0.4946581196581197 0.44140625 0.5053418803418803 0.4495192307692308 0.5277777777777778 0.4528245192307692 0.531517094017094 0.45643028846153844 0.531517094017094 0.4600360576923077 0.5186965811965812 0.453125 0.49946581196581197 0.44921875 0.4909188034188034 0.44711538461538464 0.4893162393162393
3 0.4573317307692308 0.5288461538461539 0.45703125 0.5363247863247863 0.4657451923076923 0.5625 0.47115384615384615 0.5646367521367521 0.47445913461538464 0.5614316239316239 0.4756610576923077 0.5502136752136753 0.46724759615384615 0.5256410256410257 0.46334134615384615 0.5213675213675214 0.46033653846153844 0.5219017094017094
3 0.4724495192307692 0.3062654914529914 0.47839483173076924 0.31193696581196584 0.4873855168269231 0.29002403846153846 0.4870955528846154 0.2820325854700855 0.48318028846153843 0.2789385683760684 0.47476953125 0.2969845085470086
3 0.48767578125 0.28744604700854703 0.49536117788461537 0.2714626068376068 0.49608623798076923 0.2624396367521367 0.49202614182692306 0.2596036324786325 0.48347025240384617 0.2750715811965812 0.4817301682692308 0.2815165598290598 0.4846304086538461 0.28074358974358976 0.48753064903846155 0.2828055555555556
1 0.17548076923076922 0.30448717948717946 0.17578125 0.3173076923076923 0.18028846153846154 0.3189102564102564 0.1971153846153846 0.3071581196581197 0.20012019230769232 0.29967948717948717 0.19771634615384615 0.29113247863247865 0.19591346153846154 0.28846153846153844 0.19260817307692307 0.28846153846153844 0.1814903846153846 0.296474358974359
1 0.14693509615384615 0.31677350427350426 0.1466346153846154 0.3247863247863248 0.14873798076923078 0.3301282051282051 0.1505408653846154 0.3311965811965812 0.17307692307692307 0.3215811965811966 0.17518028846153846 0.3178418803418803 0.1736778846153846 0.30502136752136755 0.16826923076923078 0.30128205128205127 0.14963942307692307 0.31036324786324787
1 0.13040865384615385 0.3605769230769231 0.13010817307692307 0.3696581196581197 0.1310096153846154 0.37232905982905984 0.13701923076923078 0.37446581196581197 0.14092548076923078 0.3717948717948718 0.14423076923076922 0.3424145299145299 0.14122596153846154 0.3311965811965812 0.13431490384615385 0.3311965811965812 0.13191105769230768 0.3424145299145299
1 0.13010817307692307 0.3969017094017094 0.12980769230769232 0.41933760683760685 0.13161057692307693 0.4230769230769231 0.1346153846153846 0.42414529914529914 0.1388221153846154 0.4182692307692308 0.14152644230769232 0.39850427350427353 0.14122596153846154 0.39316239316239315 0.13762019230769232 0.38247863247863245 0.13431490384615385 0.38247863247863245 0.13191105769230768 0.38514957264957267
1 0.16466346153846154 0.5229700854700855 0.15925480769230768 0.5293803418803419 0.16135817307692307 0.5368589743589743 0.17548076923076922 0.5678418803418803 0.17908653846153846 0.5689102564102564 0.18299278846153846 0.5657051282051282 0.18599759615384615 0.5576923076923077 0.18509615384615385 0.5502136752136753
1 0.19501201923076922 0.5539529914529915 0.19441105769230768 0.5651709401709402 0.1953125 0.5705128205128205 0.2010216346153846 0.5715811965811965 0.22205528846153846 0.5539529914529915 0.22385817307692307 0.5507478632478633 0.22506009615384615 0.5432692307692307 0.22145432692307693 0.5357905982905983 0.21634615384615385 0.5352564102564102 0.20192307692307693 0.5459401709401709
1 0.22205528846153846 0.5299145299145299 0.22265625 0.5373931623931624 0.22566105769230768 0.5432692307692307 0.22776442307692307 0.5438034188034188 0.24639423076923078 0.5192307692307693 0.24489182692307693 0.5080128205128205 0.24128605769230768 0.5053418803418803 0.23768028846153846 0.5080128205128205 0.22355769230769232 0.5251068376068376
1 0.2439903846153846 0.5021367521367521 0.24338942307692307 0.5048076923076923 0.2481971153846154 0.5192307692307693 0.25180288461538464 0.5165598290598291 0.26712740384615385 0.4951923076923077 0.26772836538461536 0.4877136752136752 0.26382211538461536 0.4813034188034188 0.25841346153846156 0.48183760683760685
1 0.26502403846153844 0.4775641025641026 0.2644230769230769 0.4807692307692308 0.26772836538461536 0.4877136752136752 0.2686298076923077 0.4935897435897436 0.2725360576923077 0.4930555555555556 0.2770432692307692 0.48504273504273504 0.2863581730769231 0.47649572649572647 0.28966346153846156 0.469017094017094 0.28695913461538464 0.45886752136752135 0.2824519230769231 0.4577991452991453
1 0.2881610576923077 0.45245726495726496 0.28725961538461536 0.45726495726495725 0.28966346153846156 0.4668803418803419 0.29356971153846156 0.4674145299145299 0.30799278846153844 0.452991452991453 0.31069711538461536 0.44604700854700857 0.31099759615384615 0.4391025641025641 0.3073918269230769 0.4342948717948718 0.3043870192307692 0.43482905982905984 0.29296875 0.44551282051282054
1 0.3230168269230769 0.4188034188034188 0.32241586538461536 0.42895299145299143 0.3245192307692308 0.43482905982905984 0.3284254807692308 0.43536324786324787 0.3479567307692308 0.4284188034188034 0.3479567307692308 0.4182692307692308 0.34615384615384615 0.4113247863247863 0.3284254807692308 0.41452991452991456
1 0.3479567307692308 0.4129273504273504 0.34915865384615385 0.42788461538461536 0.3701923076923077 0.4252136752136752 0.37289663461538464 0.421474358974359 0.37169471153846156 0.4081196581196581 0.36959134615384615 0.40544871794871795 0.35546875 0.4081196581196581
1 0.37349759615384615 0.405982905982906 0.3737980769230769 0.4182692307692308 0.3759014423076923 0.421474358974359 0.39393028846153844 0.4182692307692308 0.3972355769230769 0.4155982905982906 0.39783653846153844 0.41239316239316237 0.3975360576923077 0.40384615384615385 0.3942307692307692 0.39850427350427353 0.37650240384615385 0.4027777777777778
1 0.42007211538461536 0.3969017094017094 0.42007211538461536 0.4033119658119658 0.4221754807692308 0.405982905982906 0.4245793269230769 0.4049145299145299 0.4287860576923077 0.39850427350427353 0.4426081730769231 0.3936965811965812 0.4456129807692308 0.390491452991453 0.4426081730769231 0.38301282051282054 0.4387019230769231 0.3819444444444444 0.42427884615384615 0.3894230769230769 0.421875 0.39155982905982906
1 0.44320913461538464 0.3803418803418803 0.4423076923076923 0.38354700854700857 0.4462139423076923 0.39155982905982906 0.46274038461538464 0.3766025641025641 0.46334134615384615 0.37286324786324787 0.45943509615384615 0.36912393162393164 0.4522235576923077 0.37232905982905984
1 0.46243990384615385 0.3685897435897436 0.4621394230769231 0.37446581196581197 0.46334134615384615 0.37606837606837606 0.4690504807692308 0.3733974358974359 0.47205528846153844 0.3685897435897436 0.47896634615384615 0.3627136752136752 0.48046875 0.358974358974359 0.47716346153846156 0.35202991452991456 0.4762620192307692 0.3557692307692308 0.4636418269230769 0.3659188034188034
1 0.48046875 0.3456196581196581 0.4774639423076923 0.3541666666666667 0.4807692307692308 0.36004273504273504 0.48768028846153844 0.3547008547008547 0.49158653846153844 0.3488247863247863 0.49278846153846156 0.33814102564102566 0.49158653846153844 0.3349358974358974 0.4879807692307692 0.33600427350427353
1 0.14381820913461538 0.4947238247863248 0.15504296874999998 0.5292297008547008 0.1650985576923077 0.5246565170940171 0.1627599158653846 0.512184829059829 0.15059975961538463 0.48142040598290603 0.14428575721153847 0.4843306623931624
1 0.14335036057692307 0.48516185897435893 0.13563341346153845 0.4573076923076923 0.13656881009615385 0.44733012820512824 0.14522115384615383 0.44733012820512824 0.15293810096153845 0.48183600427350426 0.14639032451923079 0.482667735042735
1 0.1344639423076923 0.44982425213675215 0.13002103365384615 0.42654326923076924 0.13212560096153847 0.41615010683760684 0.13960877403846153 0.41531837606837607 0.1454549278846154 0.44774572649572647 0.1398425480769231 0.44774572649572647 0.13656881009615385 0.45481303418803415
1 0.20088010817307692 0.2984102564102564 0.21796183894230767 0.27978472222222217 0.21591195913461536 0.26966239316239315 0.2088515625 0.2639935897435898 0.19586959134615387 0.28423878205128206 0.1945030048076923 0.2874775641025641 0.19905799278846154 0.29152670940170944
1 0.21955618990384615 0.2741159188034188 0.21887289663461537 0.2449636752136752 0.21705078125000002 0.23848504273504276 0.21112920673076924 0.2380801282051282 0.2079405048076923 0.2660181623931624 0.2109014423076923 0.2660181623931624 0.2150009014423077 0.27249679487179485 0.21705078125000002 0.28018963675213676