3 0.41346153846153844 0.6057692307692307 0.4113581730769231 0.6410256410256411 0.41466346153846156 0.6447649572649573 0.4209735576923077 0.6442307692307693 0.4227764423076923 0.6410256410256411 0.42397836538461536 0.6164529914529915 0.4230769230769231 0.5982905982905983 0.421875 0.5961538461538461 0.4182692307692308 0.5961538461538461 0.41466346153846156 0.6009615384615384
3 0.4113581730769231 0.5865384615384616 0.41195913461538464 0.6020299145299145 0.4149639423076923 0.6036324786324786 0.4170673076923077 0.5972222222222222 0.421875 0.5956196581196581 0.4230769230769231 0.5646367521367521 0.4221754807692308 0.5614316239316239 0.41466346153846156 0.5614316239316239 0.4131610576923077 0.5667735042735043
3 0.43539663461538464 0.46955128205128205 0.4344951923076923 0.484508547008547 0.4362980769230769 0.48717948717948717 0.4489182692307692 0.4893162393162393 0.4582331730769231 0.4893162393162393 0.46153846153846156 0.48717948717948717 0.4606370192307692 0.4732905982905983 0.4582331730769231 0.469017094017094 0.4465144230769231 0.468482905982906 0.4387019230769231 0.46474358974358976 0.43599759615384615 0.4668803418803419
3 0.46484375 0.47489316239316237 0.4651442307692308 0.4861111111111111 0.4678485576923077 0.48824786324786323 0.4891826923076923 0.483974358974359 0.4909855769230769 0.4807692307692308 0.4912860576923077 0.4732905982905983 0.48768028846153844 0.46474358974358976 0.47716346153846156 0.4652777777777778 0.4699519230769231 0.4668803418803419
3 0.49158653846153844 0.46634615384615385 0.49158653846153844 0.48023504273504275 0.4933894230769231 0.4829059829059829 0.5096153846153846 0.4807692307692308 0.5159254807692307 0.4775641025641026 0.5168269230769231 0.47489316239316237 0.5165264423076923 0.4636752136752137 0.5123197115384616 0.4599358974358974 0.49459134615384615 0.46314102564102566
3 0.5180288461538461 0.46260683760683763 0.5180288461538461 0.47702991452991456 0.5225360576923077 0.4775641025641026 0.5396634615384616 0.46794871794871795 0.5411658653846154 0.4642094017094017 0.5414663461538461 0.4583333333333333 0.5399639423076923 0.4519230769230769 0.5363581730769231 0.4497863247863248 0.5222355769230769 0.45726495726495725
3 0.5252403846153846 0.4155982905982906 0.5249399038461539 0.4230769230769231 0.52734375 0.43162393162393164 0.5342548076923077 0.43803418803418803 0.5363581730769231 0.4444444444444444 0.5396634615384616 0.4465811965811966 0.5408653846153846 0.44551282051282054 0.5420673076923077 0.44337606837606836 0.5411658653846154 0.42895299145299143 0.5342548076923077 0.41185897435897434 0.5294471153846154 0.40865384615384615
3 0.5327524038461539 0.40010683760683763 0.5324519230769231 0.4075854700854701 0.5336538461538461 0.4097222222222222 0.5357572115384616 0.41185897435897434 0.5399639423076923 0.41185897435897434 0.5531850961538461 0.4011752136752137 0.5555889423076923 0.3936965811965812 0.5537860576923077 0.38835470085470086 0.5495793269230769 0.3856837606837607 0.5363581730769231 0.3936965811965812
3 0.5519831730769231 0.38354700854700857 0.55078125 0.38675213675213677 0.5540865384615384 0.38835470085470086 0.5552884615384616 0.3936965811965812 0.5576923076923077 0.3952991452991453 0.5691105769230769 0.38675213675213677 0.5712139423076923 0.38301282051282054 0.5718149038461539 0.37553418803418803 0.5697115384615384 0.3712606837606838 0.5646033653846154 0.3717948717948718
3 0.5724158653846154 0.36912393162393164 0.5721153846153846 0.38087606837606836 0.57421875 0.38354700854700857 0.5931490384615384 0.38514957264957267 0.5949519230769231 0.3840811965811966 0.5961538461538461 0.3798076923076923 0.5961538461538461 0.3712606837606838 0.5931490384615384 0.3680555555555556 0.5814302884615384 0.3643162393162393
3 0.5967548076923077 0.3696581196581197 0.5961538461538461 0.3840811965811966 0.59765625 0.38621794871794873 0.6162860576923077 0.3894230769230769 0.6189903846153846 0.3856837606837607 0.6192908653846154 0.3766025641025641 0.6162860576923077 0.3712606837606838 0.6021634615384616 0.3685897435897436
3 0.4233731971153846 0.5449358974358974 0.42471364182692306 0.5111757478632479 0.42314963942307693 0.5044236111111111 0.4175643028846154 0.5024375 0.41533022836538463 0.5068066239316239 0.41287259615384614 0.5330208333333334 0.41398948317307693 0.5445389957264957 0.4177875600961538 0.5469220085470086
3 0.42382001201923075 0.5036292735042734 0.4233731971153846 0.47900373931623935 0.4213623798076923 0.4682799145299145 0.41600030048076925 0.4682799145299145 0.41376622596153845 0.4782094017094017 0.41354266826923075 0.5111757478632479 0.4164471153846154 0.5032318376068375 0.4256072716346154 0.5044236111111111
2 0.8335336538461539 0.6543803418803419 0.8287259615384616 0.6677350427350427 0.8311298076923077 0.6730769230769231 0.8488581730769231 0.6933760683760684 0.8524639423076923 0.6955128205128205 0.8563701923076923 0.6923076923076923 0.8605769230769231 0.6789529914529915 0.8590745192307693 0.6752136752136753 0.8383413461538461 0.6538461538461539
2 0.8019831730769231 0.6404914529914529 0.8016826923076923 0.6442307692307693 0.8031850961538461 0.6485042735042735 0.8221153846153846 0.6645299145299145 0.828125 0.6661324786324786 0.8305288461538461 0.6602564102564102 0.8314302884615384 0.655448717948718 0.8308293269230769 0.6501068376068376 0.8278245192307693 0.6436965811965812 0.8212139423076923 0.6362179487179487 0.8070913461538461 0.6303418803418803
2 0.7722355769230769 0.6159188034188035 0.7707331730769231 0.6228632478632479 0.7713341346153846 0.6266025641025641 0.796875 0.6420940170940171 0.7992788461538461 0.6399572649572649 0.8022836538461539 0.6276709401709402 0.8001802884615384 0.6217948717948718 0.7962740384615384 0.6180555555555556 0.7797475961538461 0.6095085470085471 0.7746394230769231 0.6100427350427351
2 0.7445913461538461 0.6057692307692307 0.7427884615384616 0.6089743589743589 0.7427884615384616 0.6228632478632479 0.7442908653846154 0.625534188034188 0.7680288461538461 0.6266025641025641 0.7698317307692307 0.624465811965812 0.7719350961538461 0.6127136752136753 0.7713341346153846 0.6089743589743589 0.7665264423076923 0.6057692307692307
2 0.7172475961538461 0.6207264957264957 0.7163461538461539 0.6228632478632479 0.7169471153846154 0.6346153846153846 0.7178485576923077 0.6367521367521367 0.7208533653846154 0.6372863247863247 0.7412860576923077 0.6260683760683761 0.7424879807692307 0.6233974358974359 0.7424879807692307 0.6137820512820513 0.7412860576923077 0.6095085470085471 0.7373798076923077 0.6084401709401709 0.7220552884615384 0.6153846153846154
2 0.6920072115384616 0.6399572649572649 0.6899038461538461 0.6474358974358975 0.6911057692307693 0.6522435897435898 0.6944110576923077 0.655982905982906 0.7001201923076923 0.655448717948718 0.7160456730769231 0.6367521367521367 0.7157451923076923 0.6239316239316239 0.7142427884615384 0.6217948717948718 0.7100360576923077 0.6223290598290598
2 0.6433293269230769 0.6447649572649573 0.6433293269230769 0.657051282051282 0.6475360576923077 0.6597222222222222 0.66796875 0.6527777777777778 0.6697716346153846 0.6506410256410257 0.6715745192307693 0.6394230769230769 0.6700721153846154 0.6335470085470085 0.6682692307692307 0.6319444444444444 0.6622596153846154 0.6330128205128205 0.6475360576923077 0.6378205128205128
2 0.6144831730769231 0.6538461538461539 0.6138822115384616 0.6650641025641025 0.6162860576923077 0.6688034188034188 0.6400240384615384 0.6634615384615384 0.6421274038461539 0.6607905982905983 0.6427283653846154 0.656517094017094 0.6415264423076923 0.6447649572649573 0.6385216346153846 0.6431623931623932 0.6204927884615384 0.6469017094017094 0.6162860576923077 0.6495726495726496
2 0.5766225961538461 0.6217948717948718 0.5769230769230769 0.6287393162393162 0.5922475961538461 0.6506410256410257 0.5982572115384616 0.6511752136752137 0.6006610576923077 0.6474358974358975 0.6024639423076923 0.6410256410256411 0.6018629807692307 0.6340811965811965 0.5859375 0.6127136752136753 0.5826322115384616 0.6111111111111112 0.5790264423076923 0.6127136752136753
2 0.5291466346153846 0.6260683760683761 0.5288461538461539 0.6404914529914529 0.5306490384615384 0.6420940170940171 0.5531850961538461 0.6351495726495726 0.5561899038461539 0.6303418803418803 0.5555889423076923 0.6196581196581197 0.5537860576923077 0.6148504273504274 0.5321514423076923 0.6217948717948718
2 0.5 0.6335470085470085 0.4996995192307692 0.6474358974358975 0.5018028846153846 0.6490384615384616 0.5249399038461539 0.6442307692307693 0.5282451923076923 0.6410256410256411 0.5279447115384616 0.6260683760683761 0.5258413461538461 0.6239316239316239 0.5054086538461539 0.6271367521367521 0.5015024038461539 0.6298076923076923
2 0.47115384615384615 0.6383547008547008 0.47085336538461536 0.6522435897435898 0.4738581730769231 0.655982905982906 0.4948918269230769 0.6517094017094017 0.4987980769230769 0.6469017094017094 0.4987980769230769 0.6330128205128205 0.4948918269230769 0.6298076923076923 0.47596153846153844 0.6330128205128205
2 0.43960336538461536 0.6495726495726496 0.43990384615384615 0.6613247863247863 0.44200721153846156 0.6655982905982906 0.4636418269230769 0.6602564102564102 0.4675480769230769 0.6581196581196581 0.46875 0.6549145299145299 0.4675480769230769 0.6431623931623932 0.4636418269230769 0.6383547008547008 0.4456129807692308 0.6431623931623932 0.4411057692307692 0.6463675213675214
2 0.3671875 0.657051282051282 0.3659855769230769 0.6666666666666666 0.3671875 0.6736111111111112 0.36899038461538464 0.6757478632478633 0.3933293269230769 0.6688034188034188 0.39633413461538464 0.6650641025641025 0.3957331730769231 0.6522435897435898 0.39393028846153844 0.6458333333333334 0.3903245192307692 0.6452991452991453 0.37319711538461536 0.6511752136752137 0.3680889423076923 0.6543803418803419
2 0.3350360576923077 0.6666666666666666 0.3347355769230769 0.6821581196581197 0.3371394230769231 0.6853632478632479 0.36268028846153844 0.6800213675213675 0.36538461538461536 0.6757478632478633 0.3635817307692308 0.6618589743589743 0.359375 0.6581196581196581 0.33804086538461536 0.6623931623931624
2 0.30408653846153844 0.6661324786324786 0.3034855769230769 0.6773504273504274 0.30528846153846156 0.6821581196581197 0.32662259615384615 0.686965811965812 0.33143028846153844 0.6864316239316239 0.33353365384615385 0.6837606837606838 0.33353365384615385 0.6672008547008547 0.3323317307692308 0.6650641025641025 0.3058894230769231 0.6613247863247863
2 0.27493990384615385 0.6538461538461539 0.2731370192307692 0.6677350427350427 0.27403846153846156 0.6714743589743589 0.2980769230769231 0.6810897435897436 0.30258413461538464 0.6794871794871795 0.30258413461538464 0.6677350427350427 0.3037860576923077 0.6613247863247863 0.3010817307692308 0.6581196581196581 0.27974759615384615 0.6490384615384616 0.2761418269230769 0.6501068376068376
2 0.24368990384615385 0.6490384615384616 0.24338942307692307 0.6549145299145299 0.24489182692307693 0.6575854700854701 0.2620192307692308 0.6661324786324786 0.27193509615384615 0.6677350427350427 0.27554086538461536 0.6469017094017094 0.27283653846153844 0.6436965811965812 0.25060096153846156 0.6351495726495726 0.2478966346153846 0.6362179487179487
2 0.2166466346153846 0.6196581196581197 0.2166466346153846 0.6298076923076923 0.23347355769230768 0.6501068376068376 0.23768028846153846 0.6527777777777778 0.24278846153846154 0.6442307692307693 0.24338942307692307 0.6378205128205128 0.2421875 0.6330128205128205 0.22536057692307693 0.6127136752136753 0.22025240384615385 0.6105769230769231
2 0.14993990384615385 0.5106837606837606 0.14963942307692307 0.5202991452991453 0.1544471153846154 0.5448717948717948 0.15775240384615385 0.5523504273504274 0.16075721153846154 0.5496794871794872 0.16466346153846154 0.5502136752136753 0.16466346153846154 0.5427350427350427 0.15985576923076922 0.5176282051282052 0.1544471153846154 0.5101495726495726 0.15084134615384615 0.5090811965811965
2 0.15114182692307693 0.452991452991453 0.14453125 0.452991452991453 0.14573317307692307 0.46100427350427353 0.14543269230769232 0.484508547008547 0.14693509615384615 0.49412393162393164 0.15474759615384615 0.4951923076923077 0.15685096153846154 0.49145299145299143 0.15564903846153846 0.46634615384615385 0.1544471153846154 0.4577991452991453
2 0.17037259615384615 0.35202991452991456 0.16917067307692307 0.358974358974359 0.17518028846153846 0.3680555555555556 0.1856971153846154 0.344017094017094 0.18659855769230768 0.33547008547008544 0.18329326923076922 0.3327991452991453 0.17848557692307693 0.3344017094017094
2 0.19033713942307692 0.6195486111111111 0.19792638221153844 0.6130726495726496 0.19549789663461536 0.6006597222222222 0.1806228966346154 0.5769139957264957 0.1736409254807692 0.5790726495726495 0.1724266826923077 0.5855491452991453 0.17273016826923077 0.5904059829059829 0.1736409254807692 0.5941837606837607
2 0.17090865384615384 0.588786858974359 0.17485516826923078 0.5806917735042736 0.1806228966346154 0.5790726495726495 0.16574819711538463 0.5504700854700855 0.16271243990384615 0.5483114316239317 0.1596766826923077 0.5504700854700855 0.15785546874999998 0.5558664529914531 0.15785546874999998 0.5612633547008546
2 0.1554266826923077 0.4517094017094017 0.16028395432692305 0.42580448717948716 0.15906971153846156 0.41663034188034187 0.15330168269230768 0.4150112179487179 0.14996243990384614 0.41663034188034187 0.14328395432692306 0.4430742521367521 0.14328395432692306 0.4517094017094017 0.14480198317307694 0.4544075854700854 0.14905198317307694 0.45278846153846153 0.15390895432692306 0.4544075854700854
2 0.16119471153846154 0.41986805555555556 0.1672659254807692 0.398821047008547 0.1660516826923077 0.38694818376068374 0.16119471153846154 0.38532905982905985 0.15815895432692306 0.38532905982905985 0.15117698317307693 0.4123130341880342 0.15056971153846155 0.41663034188034187 0.15330168269230768 0.41663034188034187 0.15846243990384618 0.4171698717948718
2 0.16787319711538462 0.3939636752136752 0.1742478966346154 0.3729161324786325 0.1724266826923077 0.36320245726495726 0.16908743990384614 0.3594246794871795 0.16453395432692305 0.35996420940170937 0.15815895432692306 0.38532905982905985 0.1593731971153846 0.38532905982905985 0.1639266826923077 0.3874877136752137 0.16635516826923077 0.3891068376068376
1 0.3004807692307692 0.265491452991453 0.2998798076923077 0.26976495726495725 0.30318509615384615 0.28044871794871795 0.30709134615384615 0.2799145299145299 0.31430288461538464 0.2676282051282051 0.3161057692307692 0.26175213675213677 0.31490384615384615 0.2516025641025641 0.31189903846153844 0.24893162393162394 0.3082932692307692 0.25
1 0.27974759615384615 0.2793803418803419 0.2803485576923077 0.2932692307692308 0.28275240384615385 0.296474358974359 0.30018028846153844 0.28739316239316237 0.30288461538461536 0.2825854700854701 0.3004807692307692 0.27297008547008544 0.296875 0.2686965811965812
1 0.25540865384615385 0.2879273504273504 0.2551081730769231 0.3002136752136752 0.2581129807692308 0.30288461538461536 0.2761418269230769 0.3002136752136752 0.27974759615384615 0.296474358974359 0.27884615384615385 0.2847222222222222 0.2770432692307692 0.280982905982906 0.26111778846153844 0.28365384615384615
1 0.23016826923076922 0.2900641025641026 0.23046875 0.29967948717948717 0.23287259615384615 0.3018162393162393 0.25150240384615385 0.30235042735042733 0.2548076923076923 0.3002136752136752 0.25540865384615385 0.28899572649572647 0.25450721153846156 0.2857905982905983 0.2509014423076923 0.2825854700854701 0.23407451923076922 0.28365384615384615 0.2322716346153846 0.2847222222222222
1 0.19951923076923078 0.3194444444444444 0.19981971153846154 0.3247863247863248 0.20192307692307693 0.32745726495726496 0.20582932692307693 0.3301282051282051 0.21003605769230768 0.32905982905982906 0.22115384615384615 0.31036324786324787 0.2208533653846154 0.3002136752136752 0.21754807692307693 0.2948717948717949 0.2127403846153846 0.29594017094017094 0.20552884615384615 0.3060897435897436
1 0.18810096153846154 0.33760683760683763 0.18719951923076922 0.3418803418803419 0.17998798076923078 0.3557692307692308 0.18118990384615385 0.36004273504273504 0.18900240384615385 0.36378205128205127 0.19801682692307693 0.3488247863247863 0.20012019230769232 0.34134615384615385 0.19561298076923078 0.33386752136752135 0.19260817307692307 0.3333333333333333
1 0.15655048076923078 0.46047008547008544 0.15625 0.4674145299145299 0.15925480769230768 0.4935897435897436 0.16135817307692307 0.49572649572649574 0.16496394230769232 0.4951923076923077 0.16887019230769232 0.4877136752136752 0.16556490384615385 0.4594017094017094 0.16346153846153846 0.45566239316239315 0.15775240384615385 0.45405982905982906
1 0.17307692307692307 0.4909188034188034 0.17247596153846154 0.49893162393162394 0.17487980769230768 0.5080128205128205 0.19951923076923078 0.5048076923076923 0.20192307692307693 0.5016025641025641 0.20252403846153846 0.49786324786324787 0.19951923076923078 0.48344017094017094 0.17698317307692307 0.48664529914529914
1 0.20222355769230768 0.4823717948717949 0.20192307692307693 0.49145299145299143 0.20342548076923078 0.49732905982905984 0.20582932692307693 0.49946581196581197 0.23137019230769232 0.48717948717948717 0.22926682692307693 0.4700854700854701 0.20823317307692307 0.47649572649572647
1 0.23137019230769232 0.4706196581196581 0.23197115384615385 0.4861111111111111 0.23407451923076922 0.48824786324786323 0.25570913461538464 0.4791666666666667 0.2590144230769231 0.47489316239316237 0.2569110576923077 0.4594017094017094 0.24248798076923078 0.46314102564102566
1 0.2590144230769231 0.4599358974358974 0.25961538461538464 0.47435897435897434 0.2614182692307692 0.47702991452991456 0.2824519230769231 0.4700854700854701 0.2848557692307692 0.46794871794871795 0.2863581730769231 0.46314102564102566 0.28515625 0.453525641025641 0.28335336538461536 0.45032051282051283 0.2653245192307692 0.4551282051282051
1 0.2881610576923077 0.44925213675213677 0.2878605769230769 0.4620726495726496 0.28966346153846156 0.4658119658119658 0.31099759615384615 0.46100427350427353 0.31460336538461536 0.4561965811965812 0.31460336538461536 0.44925213675213677 0.31310096153846156 0.44337606837606836 0.31099759615384615 0.4412393162393162 0.29537259615384615 0.4444444444444444
1 0.3308293269230769 0.4391025641025641 0.33022836538461536 0.4497863247863248 0.3317307692307692 0.452991452991453 0.3524639423076923 0.4583333333333333 0.3566706730769231 0.4567307692307692 0.35606971153846156 0.44604700854700857 0.35727163461538464 0.44177350427350426 0.35546875 0.4391025641025641 0.33834134615384615 0.4342948717948718 0.33353365384615385 0.43482905982905984
1 0.35757211538461536 0.4423076923076923 0.3566706730769231 0.4561965811965812 0.359375 0.4594017094017094 0.37560096153846156 0.4642094017094017 0.38221153846153844 0.46314102564102566 0.3825120192307692 0.4519230769230769 0.3801081730769231 0.44604700854700857 0.35997596153846156 0.44017094017094016
1 0.3840144230769231 0.44925213675213677 0.3831129807692308 0.46314102564102566 0.38431490384615385 0.4642094017094017 0.40414663461538464 0.4700854700854701 0.4071514423076923 0.46955128205128205 0.40865384615384615 0.4668803418803419 0.4098557692307692 0.4551282051282051 0.4071514423076923 0.45032051282051283 0.3909254807692308 0.44604700854700857 0.38611778846153844 0.44604700854700857
1 0.4365985576923077 0.46260683760683763 0.4365985576923077 0.46634615384615385 0.4384014423076923 0.46794871794871795 0.4600360576923077 0.4706196581196581 0.4621394230769231 0.4599358974358974 0.45522836538461536 0.4567307692307692 0.4426081730769231 0.4567307692307692 0.4387019230769231 0.45886752136752135
1 0.46304086538461536 0.46047008547008544 0.46334134615384615 0.4716880341880342 0.4717548076923077 0.4658119658119658 0.48768028846153844 0.4636752136752137 0.48677884615384615 0.4567307692307692 0.4840745192307692 0.4545940170940171 0.46694711538461536 0.45566239316239315
1 0.4894831730769231 0.4551282051282051 0.4885817307692308 0.4561965811965812 0.48888221153846156 0.46153846153846156 0.4912860576923077 0.4658119658119658 0.4990985576923077 0.46153846153846156 0.5123197115384616 0.4594017094017094 0.5135216346153846 0.4567307692307692 0.5114182692307693 0.44871794871794873 0.5030048076923077 0.4497863247863248
1 0.5135216346153846 0.44711538461538464 0.5126201923076923 0.45032051282051283 0.5144230769230769 0.4583333333333333 0.5189302884615384 0.4599358974358974 0.5255408653846154 0.4545940170940171 0.5342548076923077 0.45085470085470086 0.5360576923076923 0.44925213675213677 0.5366586538461539 0.44551282051282054 0.5330528846153846 0.43803418803418803 0.5288461538461539 0.43803418803418803 0.515625 0.4444444444444444
1 0.1680615985576923 0.4553477564102564 0.17137710336538461 0.42882264957264954 0.16930498798076923 0.41924412393162397 0.1645387620192308 0.4162970085470085 0.16246634615384614 0.4177708333333333 0.16060126201923078 0.4207179487179487 0.15915084134615384 0.44724305555555555 0.15749278846153844 0.45166399572649574 0.15749278846153844 0.45350587606837606 0.16205198317307692 0.45350587606837606 0.164953125 0.45608493589743593 0.1678542668269231 0.45645299145299145
1 0.17262049278846153 0.4244022435897436 0.18008082932692307 0.397508547008547 0.17925180288461537 0.38903525641025644 0.17489993990384617 0.3853509615384615 0.1722061298076923 0.3853509615384615 0.16971935096153848 0.38977190170940174 0.16329537259615384 0.40856036324786327 0.16205198317307692 0.4137184829059829 0.16080859375 0.41850747863247867 0.16578215144230768 0.4162970085470085 0.16889032451923078 0.4181388888888889 0.17034104567307692 0.4210865384615385
1 0.18215294471153848 0.39382425213675215 0.18899158653846154 0.3724567307692308 0.18816256009615387 0.3650886752136752 0.18567578125 0.35956303418803415 0.18008082932692307 0.35698397435897433 0.1771796875 0.3658258547008547 0.17303485576923078 0.37687767094017094 0.17034104567307692 0.38461431623931625 0.1728278245192308 0.38571955128205127 0.17572896634615384 0.3864561965811966 0.17759405048076923 0.38866666666666666 0.17883743990384618 0.39235096153846155 0.1802878605769231 0.39529807692307695
4 0.23497596153846154 0.2483974358974359 0.23467548076923078 0.25854700854700857 0.23707932692307693 0.26175213675213677 0.25570913461538464 0.25961538461538464 0.25841346153846156 0.25854700854700857 0.2590144230769231 0.2553418803418803 0.2575120192307692 0.24412393162393162 0.2536057692307692 0.24145299145299146 0.23768028846153846 0.24358974358974358
4 0.25931490384615385 0.24465811965811965 0.2590144230769231 0.2553418803418803 0.26111778846153844 0.2590811965811966 0.2725360576923077 0.25854700854700857 0.28305288461538464 0.2548076923076923 0.2815504807692308 0.24145299145299146 0.2800480769230769 0.23931623931623933 0.26171875 0.24145299145299146
4 0.28515625 0.24412393162393162 0.2848557692307692 0.2548076923076923 0.28725961538461536 0.2569444444444444 0.30288461538461536 0.25747863247863245 0.3049879807692308 0.25587606837606836 0.30859375 0.24786324786324787 0.30709134615384615 0.24091880341880342 0.3043870192307692 0.23931623931623933 0.2890625 0.23985042735042736 0.2863581730769231 0.24091880341880342
4 0.3212139423076923 0.24305555555555555 0.3212139423076923 0.25267094017094016 0.3251201923076923 0.25427350427350426 0.34044471153846156 0.24732905982905984 0.34314903846153844 0.24465811965811965 0.34314903846153844 0.23985042735042736 0.3407451923076923 0.23237179487179488 0.33743990384615385 0.23076923076923078 0.3233173076923077 0.23717948717948717
4 0.34585336538461536 0.23344017094017094 0.34555288461538464 0.24091880341880342 0.3479567307692308 0.24519230769230768 0.36508413461538464 0.24145299145299146 0.36778846153846156 0.23824786324786323 0.3668870192307692 0.2264957264957265 0.36328125 0.2232905982905983 0.3485576923076923 0.2264957264957265
4 0.3683894230769231 0.2248931623931624 0.3680889423076923 0.23557692307692307 0.36959134615384615 0.2403846153846154 0.3870192307692308 0.23985042735042736 0.38912259615384615 0.2377136752136752 0.3894230769230769 0.2264957264957265 0.3879206730769231 0.22275641025641027 0.37109375 0.22275641025641027
4 0.39122596153846156 0.23076923076923078 0.3909254807692308 0.2377136752136752 0.3933293269230769 0.2403846153846154 0.4113581730769231 0.2419871794871795 0.4131610576923077 0.23931623931623933 0.4128605769230769 0.22863247863247863 0.4104567307692308 0.2248931623931624 0.3936298076923077 0.22275641025641027 0.39212740384615385 0.2248931623931624
4 0.4152644230769231 0.23023504273504272 0.4149639423076923 0.2377136752136752 0.4170673076923077 0.2419871794871795 0.43179086538461536 0.2467948717948718 0.4344951923076923 0.24412393162393162 0.43569711538461536 0.234508547008547 0.4338942307692308 0.23076923076923078 0.41856971153846156 0.22382478632478633 0.41616586538461536 0.2264957264957265
4 0.43539663461538464 0.2387820512820513 0.43509615384615385 0.24465811965811965 0.43689903846153844 0.24893162393162394 0.4522235576923077 0.2569444444444444 0.45462740384615385 0.25587606837606836 0.4567307692307692 0.2516025641025641 0.4567307692307692 0.24358974358974358 0.4543269230769231 0.2387820512820513 0.43990384615384615 0.23237179487179488 0.4365985576923077 0.23344017094017094
4 0.47265625 0.25213675213675213 0.4723557692307692 0.2622863247863248 0.4738581730769231 0.2644230769230769 0.4912860576923077 0.26655982905982906 0.49368990384615385 0.26282051282051283 0.49368990384615385 0.25106837606837606 0.4912860576923077 0.2483974358974359 0.47716346153846156 0.2467948717948718
4 0.49819711538461536 0.25854700854700857 0.49789663461538464 0.265491452991453 0.4996995192307692 0.2676282051282051 0.5147235576923077 0.27136752136752135 0.5174278846153846 0.2692307692307692 0.5198317307692307 0.2590811965811966 0.5174278846153846 0.25427350427350426 0.5060096153846154 0.25106837606837606 0.5006009615384616 0.2516025641025641
4 0.5186298076923077 0.2686965811965812 0.5183293269230769 0.2724358974358974 0.5210336538461539 0.2745726495726496 0.5330528846153846 0.2777777777777778 0.5396634615384616 0.2761752136752137 0.5399639423076923 0.26495726495726496 0.5366586538461539 0.26121794871794873 0.5219350961538461 0.25747863247863245
4 0.5405649038461539 0.2686965811965812 0.5402644230769231 0.2761752136752137 0.5426682692307693 0.2799145299145299 0.5588942307692307 0.2825854700854701 0.5609975961538461 0.2793803418803419 0.5615985576923077 0.2686965811965812 0.5603966346153846 0.266025641025641 0.5432692307692307 0.2638888888888889
4 0.5618990384615384 0.2708333333333333 0.5612980769230769 0.28044871794871795 0.5625 0.2831196581196581 0.5772235576923077 0.2879273504273504 0.5829326923076923 0.2857905982905983 0.5841346153846154 0.2761752136752137 0.5835336538461539 0.2724358974358974 0.5652043269230769 0.265491452991453 0.5631009615384616 0.266025641025641
4 0.5847355769230769 0.27564102564102566 0.5832331730769231 0.2863247863247863 0.5850360576923077 0.28846153846153844 0.6015625 0.2932692307692308 0.60546875 0.28952991452991456 0.6057692307692307 0.27884615384615385 0.6027644230769231 0.27510683760683763 0.5874399038461539 0.2724358974358974
4 0.6222956730769231 0.28952991452991456 0.6216947115384616 0.2948717948717949 0.6237980769230769 0.3002136752136752 0.6403245192307693 0.30448717948717946 0.6439302884615384 0.3018162393162393 0.6454326923076923 0.2932692307692308 0.6436298076923077 0.28952991452991456 0.6271033653846154 0.2825854700854701 0.6237980769230769 0.2847222222222222
4 0.6460336538461539 0.2932692307692308 0.6448317307692307 0.30395299145299143 0.6499399038461539 0.3076923076923077 0.6628605769230769 0.31036324786324787 0.6685697115384616 0.3071581196581197 0.6700721153846154 0.30074786324786323 0.6688701923076923 0.2948717948717949 0.6664663461538461 0.29273504273504275 0.6487379807692307 0.2905982905982906
4 0.6983173076923077 0.2553418803418803 0.6980168269230769 0.26175213675213677 0.6995192307692307 0.2676282051282051 0.7133413461538461 0.2622863247863248 0.7151442307692307 0.25801282051282054 0.7160456730769231 0.24786324786324787 0.7139423076923077 0.24465811965811965 0.7097355769230769 0.24465811965811965 0.7046274038461539 0.24786324786324787
4 0.7229567307692307 0.2532051282051282 0.7214543269230769 0.25854700854700857 0.7223557692307693 0.265491452991453 0.7409855769230769 0.2745726495726496 0.7436899038461539 0.26816239316239315 0.7439903846153846 0.26121794871794873 0.7412860576923077 0.2569444444444444 0.7283653846153846 0.24946581196581197 0.7247596153846154 0.25
4 0.7427884615384616 0.27297008547008544 0.7424879807692307 0.27564102564102566 0.7445913461538461 0.2793803418803419 0.7584134615384616 0.28899572649572647 0.7632211538461539 0.2900641025641026 0.7653245192307693 0.2847222222222222 0.765625 0.2793803418803419 0.7638221153846154 0.2745726495726496 0.7509014423076923 0.265491452991453 0.7463942307692307 0.265491452991453
4 0.6789405048076923 0.3035582264957265 0.6742725360576922 0.30007799145299147 0.6766817908653846 0.2893707264957265 0.683608173076923 0.27625373931623937 0.6858668870192308 0.27357692307692305 0.68948046875 0.27384455128205126 0.690384014423077 0.27893108974358977 0.6893299278846154 0.2856228632478633 0.6873725961538462 0.2893707264957265 0.6802956730769231 0.30436111111111114
4 0.6908356370192308 0.2797339743589744 0.6989666466346154 0.2695619658119658 0.6992680288461539 0.2615309829059829 0.6959552283653847 0.25778365384615387 0.6837587139423077 0.27090010683760685 0.6821024639423077 0.27759241452991457 0.6849633413461539 0.27384455128205126 0.6897818509615384 0.27357692307692305