2 0.7524038461538461 0.5817307692307693 0.75 0.5966880341880342 0.7530048076923077 0.6025641025641025 0.7722355769230769 0.6212606837606838 0.7758413461538461 0.6201923076923077 0.7785456730769231 0.6159188034188035 0.7797475961538461 0.6127136752136753 0.7800480769230769 0.6025641025641025 0.77734375 0.5950854700854701 0.7647235576923077 0.5844017094017094 0.7593149038461539 0.5774572649572649 0.7548076923076923 0.5774572649572649
2 0.7235576923076923 0.5753205128205128 0.7232572115384616 0.5779914529914529 0.7274639423076923 0.5838675213675214 0.7469951923076923 0.5956196581196581 0.75 0.593482905982906 0.7527043269230769 0.5790598290598291 0.7487980769230769 0.5705128205128205 0.7430889423076923 0.5694444444444444 0.7310697115384616 0.5608974358974359 0.7256610576923077 0.5662393162393162
2 0.6947115384615384 0.5598290598290598 0.6944110576923077 0.5641025641025641 0.6962139423076923 0.5673076923076923 0.7199519230769231 0.5779914529914529 0.7229567307692307 0.5747863247863247 0.7244591346153846 0.5662393162393162 0.7235576923076923 0.5598290598290598 0.7214543269230769 0.5560897435897436 0.7037259615384616 0.5486111111111112 0.6980168269230769 0.5496794871794872
2 0.6673677884615384 0.5507478632478633 0.6658653846153846 0.5534188034188035 0.6658653846153846 0.5657051282051282 0.6676682692307693 0.5699786324786325 0.6905048076923077 0.5678418803418803 0.6935096153846154 0.5646367521367521 0.6932091346153846 0.5502136752136753 0.6902043269230769 0.5475427350427351 0.6721754807692307 0.5486111111111112
2 0.6385216346153846 0.5689102564102564 0.6388221153846154 0.5827991452991453 0.6400240384615384 0.5849358974358975 0.6442307692307693 0.5849358974358975 0.6616586538461539 0.5742521367521367 0.6649639423076923 0.5710470085470085 0.6658653846153846 0.5673076923076923 0.6631610576923077 0.5555555555555556 0.6571514423076923 0.5544871794871795 0.6403245192307693 0.5641025641025641
2 0.6123798076923077 0.594551282051282 0.6120793269230769 0.5988247863247863 0.6147836538461539 0.6057692307692307 0.6195913461538461 0.6063034188034188 0.6340144230769231 0.5924145299145299 0.6370192307692307 0.5881410256410257 0.6376201923076923 0.5817307692307693 0.6343149038461539 0.5710470085470085 0.6304086538461539 0.5721153846153846 0.6168870192307693 0.5838675213675214 0.6138822115384616 0.5886752136752137
2 0.5643028846153846 0.6095085470085471 0.5637019230769231 0.6159188034188035 0.5649038461538461 0.6175213675213675 0.5715144230769231 0.6169871794871795 0.5859375 0.6105769230769231 0.5904447115384616 0.6068376068376068 0.5907451923076923 0.5950854700854701 0.5889423076923077 0.5881410256410257 0.5718149038461539 0.594551282051282 0.5661057692307693 0.5988247863247863
2 0.5357572115384616 0.6159188034188035 0.5354567307692307 0.6271367521367521 0.5363581730769231 0.6298076923076923 0.5393629807692307 0.6308760683760684 0.5588942307692307 0.6239316239316239 0.5612980769230769 0.6223290598290598 0.5631009615384616 0.6180555555555556 0.5615985576923077 0.6057692307692307 0.5582932692307693 0.6036324786324786 0.5402644230769231 0.6089743589743589 0.5369591346153846 0.6121794871794872
2 0.5033052884615384 0.5913461538461539 0.5036057692307693 0.6009615384615384 0.5141225961538461 0.6116452991452992 0.5168269230769231 0.6169871794871795 0.5225360576923077 0.6164529914529915 0.5252403846153846 0.6121794871794872 0.5258413461538461 0.6047008547008547 0.5246394230769231 0.6004273504273504 0.5102163461538461 0.5827991452991453 0.5051081730769231 0.5827991452991453
2 0.45703125 0.6025641025641025 0.4573317307692308 0.6148504273504274 0.45913461538461536 0.6180555555555556 0.48106971153846156 0.6100427350427351 0.48377403846153844 0.6057692307692307 0.4816706730769231 0.593482905982906 0.4777644230769231 0.5902777777777778 0.46274038461538464 0.5966880341880342
2 0.4308894230769231 0.6095085470085471 0.42908653846153844 0.6127136752136753 0.42908653846153844 0.6201923076923077 0.43149038461538464 0.6287393162393162 0.44681490384615385 0.625 0.45522836538461536 0.6207264957264957 0.4567307692307692 0.6175213675213675 0.45492788461538464 0.6052350427350427 0.4522235576923077 0.6025641025641025
2 0.4014423076923077 0.6217948717948718 0.40234375 0.6340811965811965 0.40384615384615385 0.6378205128205128 0.41225961538461536 0.6372863247863247 0.4254807692307692 0.6324786324786325 0.4284855769230769 0.6303418803418803 0.4293870192307692 0.6266025641025641 0.4266826923076923 0.6137820512820513 0.42518028846153844 0.6121794871794872 0.41075721153846156 0.6148504273504274 0.40414663461538464 0.6180555555555556
2 0.3740985576923077 0.6351495726495726 0.3737980769230769 0.6479700854700855 0.37650240384615385 0.6522435897435898 0.39663461538461536 0.6442307692307693 0.40054086538461536 0.6399572649572649 0.3993389423076923 0.6282051282051282 0.3975360576923077 0.6239316239316239 0.38671875 0.625534188034188 0.3762019230769231 0.6314102564102564
2 0.30649038461538464 0.6538461538461539 0.30618990384615385 0.6586538461538461 0.30859375 0.6682692307692307 0.31189903846153844 0.6709401709401709 0.33263221153846156 0.6613247863247863 0.3356370192307692 0.6575854700854701 0.3362379807692308 0.6501068376068376 0.3332331730769231 0.6415598290598291 0.32992788461538464 0.6399572649572649 0.3112980769230769 0.6474358974358975
2 0.27884615384615385 0.6650641025641025 0.27944711538461536 0.6816239316239316 0.28125 0.6826923076923077 0.3034855769230769 0.6768162393162394 0.3073918269230769 0.6714743589743589 0.3055889423076923 0.6575854700854701 0.3037860576923077 0.655448717948718 0.2824519230769231 0.6613247863247863
2 0.2527043269230769 0.6682692307692307 0.2527043269230769 0.6821581196581197 0.2551081730769231 0.6848290598290598 0.27403846153846156 0.6858974358974359 0.27974759615384615 0.6821581196581197 0.2782451923076923 0.6677350427350427 0.27674278846153844 0.6655982905982906 0.2575120192307692 0.6639957264957265 0.2542067307692308 0.6645299145299145
2 0.22986778846153846 0.6575854700854701 0.22896634615384615 0.6698717948717948 0.22986778846153846 0.6784188034188035 0.24729567307692307 0.6837606837606838 0.25210336538461536 0.6826923076923077 0.25150240384615385 0.6645299145299145 0.23377403846153846 0.656517094017094 0.23076923076923078 0.655982905982906
2 0.20703125 0.6538461538461539 0.20552884615384615 0.6655982905982906 0.20733173076923078 0.6698717948717948 0.22265625 0.6778846153846154 0.22806490384615385 0.6752136752136753 0.23016826923076922 0.6581196581196581 0.22896634615384615 0.655982905982906 0.21213942307692307 0.6501068376068376 0.20853365384615385 0.6506410256410257
2 0.18389423076923078 0.6362179487179487 0.18389423076923078 0.6474358974358975 0.18780048076923078 0.6543803418803419 0.19951923076923078 0.6655982905982906 0.203125 0.6655982905982906 0.2052283653846154 0.6623931623931624 0.20643028846153846 0.6543803418803419 0.20582932692307693 0.6506410256410257 0.2010216346153846 0.6431623931623932 0.1896033653846154 0.6319444444444444 0.1853966346153846 0.6335470085470085
2 0.13731971153846154 0.5566239316239316 0.13701923076923078 0.5641025641025641 0.13972355769230768 0.5886752136752137 0.14332932692307693 0.5918803418803419 0.1484375 0.5897435897435898 0.14963942307692307 0.5811965811965812 0.14753605769230768 0.5598290598290598 0.14152644230769232 0.5550213675213675
2 0.1661658653846154 0.4172008547008547 0.16496394230769232 0.4252136752136752 0.16826923076923078 0.42948717948717946 0.17578125 0.41773504273504275 0.18028846153846154 0.405982905982906 0.17998798076923078 0.4011752136752137 0.17487980769230768 0.40010683760683763
2 0.15151201923076923 0.6241527777777778 0.16352734375000003 0.6449925213675213 0.17261237980769228 0.6387403846153846 0.1576661658653846 0.605917735042735 0.15121905048076922 0.6074807692307692 0.15092578125 0.6220689102564102
2 0.15033984375 0.6189428418803419 0.14096183894230768 0.5970608974358975 0.14242728365384616 0.5866410256410256 0.1462370793269231 0.5855988247863247 0.15532181490384614 0.6048760683760683 0.15209825721153847 0.6074807692307692 0.15092578125 0.6231105769230769
2 0.14653004807692308 0.539230235042735 0.1474092548076923 0.5090128205128205 0.14242728365384616 0.5064075854700855 0.13891045673076924 0.5084914529914529 0.13715204326923078 0.5303733974358975 0.13920342548076922 0.5418354700854701
2 0.1462370793269231 0.5064075854700855 0.15209825721153847 0.4808787393162393 0.14916766826923078 0.47619017094017096 0.14535787259615385 0.47671100427350427 0.13744501201923076 0.49911378205128204 0.13744501201923076 0.5079706196581197
2 0.15297746394230768 0.4787948717948718 0.1605967548076923 0.456392094017094 0.15854537259615384 0.44961912393162395 0.1535634014423077 0.4490982905982906 0.14535787259615385 0.470980235042735 0.1450646033653846 0.47775267094017093 0.14828846153846154 0.47462713675213675
2 0.16118299278846154 0.45534989316239316 0.16880258413461538 0.4334684829059829 0.1664579326923077 0.4251324786324786 0.16089002403846153 0.4246116452991453 0.15297746394230768 0.4464930555555556 0.15825240384615386 0.44805608974358974
1 0.2821514423076923 0.31837606837606836 0.2815504807692308 0.32425213675213677 0.28335336538461536 0.32905982905982906 0.2860576923076923 0.33226495726495725 0.2878605769230769 0.3311965811965812 0.2971754807692308 0.31517094017094016 0.29747596153846156 0.30662393162393164 0.2941706730769231 0.30288461538461536 0.2902644230769231 0.30395299145299143 0.28575721153846156 0.30982905982905984
1 0.26322115384615385 0.3349358974358974 0.2626201923076923 0.3418803418803419 0.26502403846153844 0.3488247863247863 0.26712740384615385 0.3488247863247863 0.27974759615384615 0.3408119658119658 0.28455528846153844 0.3344017094017094 0.28455528846153844 0.3317307692307692 0.27944711538461536 0.32425213675213677 0.27584134615384615 0.32425213675213677 0.265625 0.3311965811965812
1 0.24158653846153846 0.3472222222222222 0.2421875 0.35844017094017094 0.2442908653846154 0.36004273504273504 0.25961538461538464 0.3557692307692308 0.2629206730769231 0.3530982905982906 0.2644230769230769 0.3488247863247863 0.2620192307692308 0.3392094017094017 0.25931490384615385 0.3370726495726496 0.24759615384615385 0.34134615384615385 0.2421875 0.3450854700854701
1 0.21995192307692307 0.3557692307692308 0.22025240384615385 0.36217948717948717 0.22355769230769232 0.3643162393162393 0.24068509615384615 0.36004273504273504 0.24188701923076922 0.358974358974359 0.24158653846153846 0.3456196581196581 0.22716346153846154 0.343482905982906 0.22295673076923078 0.34775641025641024
1 0.19501201923076922 0.3787393162393162 0.19411057692307693 0.38247863247863245 0.19471153846153846 0.390491452991453 0.19861778846153846 0.39316239316239315 0.203125 0.3920940170940171 0.2130408653846154 0.37553418803418803 0.21364182692307693 0.36912393162393164 0.21003605769230768 0.36217948717948717 0.20643028846153846 0.3611111111111111 0.20252403846153846 0.3643162393162393
1 0.18118990384615385 0.4011752136752137 0.17998798076923078 0.4075854700854701 0.1739783653846154 0.421474358974359 0.18209134615384615 0.42895299145299143 0.19230769230769232 0.4113247863247863 0.19260817307692307 0.4043803418803419 0.1893028846153846 0.39903846153846156 0.1856971153846154 0.3969017094017094
1 0.15745192307692307 0.5363247863247863 0.15715144230769232 0.5432692307692307 0.16135817307692307 0.5518162393162394 0.17848557692307693 0.5464743589743589 0.18359375 0.5395299145299145 0.18088942307692307 0.5293803418803419 0.17938701923076922 0.5277777777777778 0.16947115384615385 0.5293803418803419
1 0.1466346153846154 0.5133547008547008 0.1463341346153846 0.5293803418803419 0.14813701923076922 0.5395299145299145 0.15084134615384615 0.5427350427350427 0.1544471153846154 0.5411324786324786 0.15715144230769232 0.5331196581196581 0.15594951923076922 0.5144230769230769 0.15504807692307693 0.5090811965811965 0.15204326923076922 0.5058760683760684 0.15017548076923076 0.5053728632478632 0.14933894230769232 0.5021367521367521 0.14723557692307693 0.5048076923076923
1 0.18239182692307693 0.5240384615384616 0.18269230769230768 0.5325854700854701 0.1856971153846154 0.5389957264957265 0.19381009615384615 0.5363247863247863 0.20823317307692307 0.5256410256410257 0.20643028846153846 0.5128205128205128 0.20402644230769232 0.5112179487179487 0.1893028846153846 0.5181623931623932
1 0.20823317307692307 0.5080128205128205 0.2049278846153846 0.5122863247863247 0.20763221153846154 0.5235042735042735 0.20943509615384615 0.5261752136752137 0.21364182692307693 0.5256410256410257 0.23197115384615385 0.5117521367521367 0.23046875 0.49893162393162394 0.22896634615384615 0.49732905982905984
1 0.23106971153846154 0.49732905982905984 0.2322716346153846 0.5106837606837606 0.234375 0.5128205128205128 0.25240384615384615 0.5032051282051282 0.2551081730769231 0.500534188034188 0.25600961538461536 0.49572649572649574 0.2530048076923077 0.4861111111111111 0.24969951923076922 0.4855769230769231 0.23798076923076922 0.4909188034188034
1 0.2578125 0.4807692307692308 0.25540865384615385 0.483974358974359 0.25540865384615385 0.48824786324786323 0.25841346153846156 0.49786324786324787 0.2620192307692308 0.49786324786324787 0.2761418269230769 0.4909188034188034 0.2800480769230769 0.48717948717948717 0.28125 0.4823717948717949 0.2803485576923077 0.47702991452991456 0.2764423076923077 0.4716880341880342
1 0.2959735576923077 0.4636752136752137 0.29507211538461536 0.4716880341880342 0.2965745192307692 0.4791666666666667 0.3121995192307692 0.4807692307692308 0.3161057692307692 0.4780982905982906 0.31430288461538464 0.46314102564102566 0.30018028846153844 0.46153846153846156
1 0.31580528846153844 0.4636752136752137 0.31580528846153844 0.47649572649572647 0.31790865384615385 0.4807692307692308 0.32992788461538464 0.4823717948717949 0.33834134615384615 0.4807692307692308 0.33834134615384615 0.4668803418803419 0.33653846153846156 0.46474358974358976
1 0.3407451923076923 0.4642094017094017 0.3395432692307692 0.46634615384615385 0.3395432692307692 0.4732905982905983 0.3410456730769231 0.4813034188034188 0.3602764423076923 0.4823717948717949 0.3635817307692308 0.4797008547008547 0.36388221153846156 0.468482905982906 0.36117788461538464 0.46474358974358976
1 0.38731971153846156 0.4668803418803419 0.3864182692307692 0.4700854700854701 0.3870192307692308 0.4738247863247863 0.4014423076923077 0.47275641025641024 0.4065504807692308 0.4754273504273504 0.40865384615384615 0.4738247863247863 0.4092548076923077 0.468482905982906 0.4089543269230769 0.46314102564102566 0.4053485576923077 0.46153846153846156 0.390625 0.46260683760683763
1 0.4104567307692308 0.46260683760683763 0.4110576923076923 0.4706196581196581 0.41466346153846156 0.4722222222222222 0.41947115384615385 0.4668803418803419 0.4326923076923077 0.4642094017094017 0.43359375 0.4594017094017094 0.43179086538461536 0.45566239316239315 0.42788461538461536 0.4545940170940171 0.41466346153846156 0.45886752136752135
1 0.43569711538461536 0.452991452991453 0.43419471153846156 0.4583333333333333 0.43689903846153844 0.4620726495726496 0.45643028846153844 0.4545940170940171 0.4573317307692308 0.44871794871794873 0.45643028846153844 0.44551282051282054 0.45252403846153844 0.44497863247863245
1 0.45763221153846156 0.4428418803418803 0.45703125 0.4465811965811966 0.4600360576923077 0.45245726495726496 0.4723557692307692 0.44337606837606836 0.47896634615384615 0.4423076923076923 0.48046875 0.43856837606837606 0.4774639423076923 0.4310897435897436 0.47325721153846156 0.4305555555555556 0.4612379807692308 0.43803418803418803
1 0.17343389423076921 0.45584188034188033 0.1811953125 0.4332633547008547 0.17865504807692306 0.4232280982905983 0.1739981971153846 0.42247542735042737 0.16482572115384614 0.44480341880341884 0.16454326923076923 0.44781410256410253 0.16934134615384616 0.449821047008547
1 0.1728692908653846 0.45835096153846155 0.1632734375 0.48293643162393163 0.15889873798076926 0.4744070512820513 0.15508864182692308 0.472650641025641 0.16397896634615383 0.4483157051282051 0.16821243990384616 0.44956997863247866
1 0.16369681490384616 0.4816821581196581 0.1574873798076923 0.5092788461538461 0.14831490384615384 0.5045117521367521 0.14803275240384617 0.49899252136752137 0.1495850360576923 0.49196794871794874 0.1524071514423077 0.48444177350427353 0.15268960336538462 0.47892254273504276 0.15452403846153845 0.4754102564102564 0.15508864182692308 0.4739049145299145 0.1570643028846154 0.47365438034188034 0.15889873798076926 0.4754102564102564 0.16002764423076923 0.47641399572649573 0.16101532451923078 0.47766826923076927 0.1632734375 0.4804278846153846
4 0.22776442307692307 0.3157051282051282 0.22776442307692307 0.3231837606837607 0.23046875 0.32745726495726496 0.24489182692307693 0.32264957264957267 0.24759615384615385 0.32104700854700857 0.24849759615384615 0.3173076923076923 0.24699519230769232 0.3076923076923077 0.24489182692307693 0.30662393162393164 0.23076923076923078 0.3108974358974359
4 0.24849759615384615 0.31036324786324787 0.24909855769230768 0.3189102564102564 0.25180288461538464 0.31997863247863245 0.26712740384615385 0.31517094017094016 0.2686298076923077 0.31356837606837606 0.2692307692307692 0.3087606837606838 0.26802884615384615 0.30288461538461536 0.26502403846153844 0.29967948717948717 0.25150240384615385 0.30448717948717946 0.24879807692307693 0.3071581196581197
4 0.27103365384615385 0.3002136752136752 0.2707331730769231 0.3108974358974359 0.2737379807692308 0.31356837606837606 0.28695913461538464 0.30822649572649574 0.2902644230769231 0.30235042735042733 0.29056490384615385 0.29754273504273504 0.28966346153846156 0.2954059829059829 0.2854567307692308 0.2948717948717949
4 0.3034855769230769 0.28952991452991456 0.30318509615384615 0.3002136752136752 0.3043870192307692 0.30288461538461536 0.3073918269230769 0.3034188034188034 0.3215144230769231 0.2932692307692308 0.32241586538461536 0.2879273504273504 0.3200120192307692 0.281517094017094 0.3167067307692308 0.2799145299145299
4 0.3245192307692308 0.2783119658119658 0.3245192307692308 0.2857905982905983 0.3272235576923077 0.2900641025641026 0.34224759615384615 0.2841880341880342 0.3446514423076923 0.2793803418803419 0.34194711538461536 0.2692307692307692 0.3311298076923077 0.2719017094017094 0.32662259615384615 0.2745726495726496
4 0.3446514423076923 0.26816239316239315 0.3446514423076923 0.2761752136752137 0.34705528846153844 0.280982905982906 0.36087740384615385 0.2783119658119658 0.36478365384615385 0.27564102564102566 0.3641826923076923 0.266025641025641 0.36147836538461536 0.26282051282051283 0.34945913461538464 0.2644230769230769
4 0.36568509615384615 0.26335470085470086 0.36568509615384615 0.2724358974358974 0.3683894230769231 0.2767094017094017 0.3837139423076923 0.27510683760683763 0.38611778846153844 0.2724358974358974 0.3855168269230769 0.26335470085470086 0.3828125 0.26014957264957267 0.3719951923076923 0.25961538461538464
4 0.3870192307692308 0.25961538461538464 0.38671875 0.266025641025641 0.38852163461538464 0.2724358974358974 0.4026442307692308 0.27403846153846156 0.40444711538461536 0.27136752136752135 0.40474759615384615 0.26175213675213677 0.40234375 0.25854700854700857 0.3897235576923077 0.2564102564102564
4 0.40474759615384615 0.26121794871794873 0.40474759615384615 0.2708333333333333 0.4071514423076923 0.27510683760683763 0.42037259615384615 0.2783119658119658 0.42397836538461536 0.27510683760683763 0.42427884615384615 0.2686965811965812 0.4215745192307692 0.26335470085470086 0.4089543269230769 0.26014957264957267
4 0.43810096153846156 0.26976495726495725 0.4375 0.2761752136752137 0.43930288461538464 0.281517094017094 0.45643028846153844 0.2793803418803419 0.45763221153846156 0.2767094017094017 0.45763221153846156 0.26655982905982906 0.45643028846153844 0.2644230769230769 0.4453125 0.2644230769230769
4 0.4618389423076923 0.26655982905982906 0.46153846153846156 0.2761752136752137 0.46334134615384615 0.2783119658119658 0.4777644230769231 0.27884615384615385 0.4795673076923077 0.2761752136752137 0.4807692307692308 0.265491452991453 0.47596153846153844 0.2622863247863248 0.4651442307692308 0.2622863247863248
4 0.4801682692307692 0.2692307692307692 0.4795673076923077 0.27724358974358976 0.48197115384615385 0.28044871794871795 0.5 0.27884615384615385 0.4996995192307692 0.26816239316239315 0.49819711538461536 0.266025641025641 0.48287259615384615 0.2644230769230769 0.4807692307692308 0.265491452991453
4 0.5003004807692307 0.2676282051282051 0.5003004807692307 0.2793803418803419 0.5162259615384616 0.280982905982906 0.5198317307692307 0.27884615384615385 0.5198317307692307 0.2676282051282051 0.5186298076923077 0.26495726495726496 0.5051081730769231 0.26495726495726496
4 0.5204326923076923 0.2670940170940171 0.5198317307692307 0.2793803418803419 0.53515625 0.281517094017094 0.5411658653846154 0.2793803418803419 0.5405649038461539 0.2686965811965812 0.5387620192307693 0.265491452991453 0.5225360576923077 0.2638888888888889
4 0.5420673076923077 0.2676282051282051 0.5420673076923077 0.27884615384615385 0.54296875 0.2799145299145299 0.5606971153846154 0.280982905982906 0.5628004807692307 0.27564102564102566 0.5621995192307693 0.2670940170940171 0.5594951923076923 0.2638888888888889 0.5471754807692307 0.26335470085470086 0.5438701923076923 0.2644230769230769
4 0.5787259615384616 0.26976495726495725 0.5784254807692307 0.27724358974358976 0.5808293269230769 0.2825854700854701 0.5970552884615384 0.2831196581196581 0.6003605769230769 0.2793803418803419 0.5988581730769231 0.2702991452991453 0.5967548076923077 0.2676282051282051 0.5814302884615384 0.265491452991453
4 0.6006610576923077 0.2708333333333333 0.5997596153846154 0.2799145299145299 0.6012620192307693 0.2825854700854701 0.6177884615384616 0.2831196581196581 0.6219951923076923 0.2793803418803419 0.6213942307692307 0.2692307692307692 0.6198918269230769 0.2670940170940171 0.6051682692307693 0.2670940170940171
4 0.6589543269230769 0.2168803418803419 0.6568509615384616 0.2206196581196581 0.6577524038461539 0.23344017094017094 0.671875 0.22702991452991453 0.67578125 0.2206196581196581 0.6748798076923077 0.2110042735042735 0.6721754807692307 0.20886752136752137
4 0.640625 0.2419871794871795 0.640625 0.24626068376068377 0.6475360576923077 0.25053418803418803 0.65625 0.23717948717948717 0.6565504807692307 0.22916666666666666 0.6547475961538461 0.22542735042735043 0.6508413461538461 0.2264957264957265
4 0.6826923076923077 0.21367521367521367 0.6811899038461539 0.22008547008547008 0.6817908653846154 0.22382478632478633 0.6929086538461539 0.22916666666666666 0.7004206730769231 0.23076923076923078 0.7019230769230769 0.22916666666666666 0.7037259615384616 0.2206196581196581 0.7034254807692307 0.2168803418803419 0.7010216346153846 0.2142094017094017 0.6899038461538461 0.2094017094017094 0.6850961538461539 0.2094017094017094
4 0.7022235576923077 0.2280982905982906 0.7019230769230769 0.23076923076923078 0.7037259615384616 0.23397435897435898 0.7166466346153846 0.24145299145299146 0.7217548076923077 0.24091880341880342 0.7247596153846154 0.234508547008547 0.7232572115384616 0.22756410256410256 0.7103365384615384 0.22008547008547008 0.7046274038461539 0.2206196581196581
4 0.6367731370192308 0.2741415598290598 0.6469894831730769 0.2525737179487179 0.64619140625 0.2457628205128205 0.6412427884615385 0.2443434829059829 0.6305474759615385 0.2619385683760684 0.6294299879807692 0.2707361111111111
3 0.38611778846153844 0.47702991452991456 0.38431490384615385 0.48824786324786323 0.3864182692307692 0.49198717948717946 0.40474759615384615 0.49198717948717946 0.4098557692307692 0.4877136752136752 0.40955528846153844 0.4797008547008547 0.4059495192307692 0.4732905982905983 0.38852163461538464 0.4732905982905983
3 0.41256009615384615 0.4700854700854701 0.41225961538461536 0.4807692307692308 0.4143629807692308 0.48824786324786323 0.43299278846153844 0.4829059829059829 0.43599759615384615 0.48023504273504275 0.4347956730769231 0.4668803418803419 0.4323918269230769 0.4636752136752137
3 0.4365985576923077 0.46260683760683763 0.43689903846153844 0.4775641025641026 0.4384014423076923 0.4807692307692308 0.4567307692307692 0.4738247863247863 0.46033653846153844 0.4700854700854701 0.45913461538461536 0.4583333333333333 0.4567307692307692 0.453525641025641
3 0.46033653846153844 0.453525641025641 0.4597355769230769 0.4561965811965812 0.46153846153846156 0.46634615384615385 0.4645432692307692 0.46955128205128205 0.4813701923076923 0.4599358974358974 0.4846754807692308 0.452991452991453 0.4831730769230769 0.44497863247863245 0.48046875 0.44017094017094016 0.4699519230769231 0.44551282051282054
3 0.47205528846153844 0.4081196581196581 0.47265625 0.4172008547008547 0.4801682692307692 0.43803418803418803 0.484375 0.43803418803418803 0.4879807692307692 0.43482905982905984 0.48888221153846156 0.4321581196581197 0.48828125 0.42895299145299143 0.4807692307692308 0.405982905982906 0.4762620192307692 0.4033119658119658 0.4735576923076923 0.4043803418803419
3 0.48227163461538464 0.39316239316239315 0.4816706730769231 0.40384615384615385 0.4870793269230769 0.405982905982906 0.49789663461538464 0.3969017094017094 0.5027043269230769 0.3888888888888889 0.5018028846153846 0.38354700854700857 0.49789663461538464 0.37927350427350426 0.48647836538461536 0.3856837606837607
3 0.5015024038461539 0.37553418803418803 0.5012019230769231 0.3803418803418803 0.5045072115384616 0.38782051282051283 0.5057091346153846 0.38782051282051283 0.5186298076923077 0.3766025641025641 0.5207331730769231 0.37286324786324787 0.5207331730769231 0.3680555555555556 0.5189302884615384 0.36164529914529914 0.5153245192307693 0.36217948717948717 0.5054086538461539 0.3696581196581197
3 0.5201322115384616 0.35523504273504275 0.5201322115384616 0.3627136752136752 0.5225360576923077 0.3712606837606838 0.5399639423076923 0.37072649572649574 0.5420673076923077 0.3696581196581197 0.54296875 0.36645299145299143 0.5426682692307693 0.3557692307692308 0.5408653846153846 0.35363247863247865 0.5285456730769231 0.35149572649572647 0.5222355769230769 0.3525641025641026
3 0.5438701923076923 0.3541666666666667 0.5435697115384616 0.36698717948717946 0.5450721153846154 0.3696581196581197 0.5640024038461539 0.3701923076923077 0.5667067307692307 0.3659188034188034 0.5667067307692307 0.3573717948717949 0.5646033653846154 0.35363247863247865 0.5495793269230769 0.35202991452991456
3 0.3606304086538462 0.6333445512820514 0.3645186298076923 0.6009428418803419 0.3618455528846154 0.5923023504273504 0.35552734375 0.5944626068376069 0.3516391225961539 0.6268643162393163 0.3506670673076923 0.6359369658119658
3 0.36233173076923075 0.5935982905982905 0.36646274038461535 0.5676773504273505 0.36378966346153846 0.5611971153846154 0.35771454326923074 0.5607649572649572 0.3538263221153847 0.5892783119658119 0.3538263221153847 0.5979188034188034 0.3579573317307692 0.594894764957265
3 0.37010817307692306 0.5452120726495726 0.3730243389423077 0.5197227564102564 0.37035096153846153 0.5106501068376068 0.3645186298076923 0.5106501068376068 0.3608734975961539 0.5378675213675214 0.3616024639423077 0.5495320512820513
3 0.37351021634615383 0.5106501068376068 0.3742391826923077 0.4894813034188034 0.37229507211538465 0.4778167735042735 0.36646274038461535 0.4782483974358974 0.3633037860576923 0.505465811965812 0.36378966346153846 0.5128103632478632 0.36549068509615384 0.5115144230769231 0.3691361177884615 0.5110822649572649 0.37229507211538465 0.5166987179487179