4 0.1935096153846154 0.13995726495726496 0.1935096153846154 0.1543803418803419 0.1953125 0.15651709401709402 0.21634615384615385 0.1543803418803419 0.22025240384615385 0.1501068376068376 0.2205528846153846 0.13942307692307693 0.21754807692307693 0.13354700854700854 0.19621394230769232 0.13568376068376067
4 0.22145432692307693 0.13782051282051283 0.22115384615384615 0.14957264957264957 0.22295673076923078 0.15224358974358973 0.24549278846153846 0.15117521367521367 0.24759615384615385 0.1469017094017094 0.2481971153846154 0.14102564102564102 0.24639423076923078 0.13354700854700854 0.24459134615384615 0.13141025641025642 0.22355769230769232 0.13354700854700854
4 0.25060096153846156 0.13995726495726496 0.25 0.14797008547008547 0.25150240384615385 0.15064102564102563 0.2761418269230769 0.15064102564102563 0.2785456730769231 0.14423076923076922 0.2764423076923077 0.13354700854700854 0.2737379807692308 0.13034188034188035 0.25450721153846156 0.13087606837606838 0.25180288461538464 0.13408119658119658
4 0.29116586538461536 0.1346153846153846 0.29116586538461536 0.14636752136752137 0.2977764423076923 0.14743589743589744 0.31430288461538464 0.13782051282051283 0.3152043269230769 0.13194444444444445 0.3134014423076923 0.12286324786324786 0.3097956730769231 0.11965811965811966 0.29627403846153844 0.1266025641025641
4 0.31700721153846156 0.11912393162393162 0.3176081730769231 0.13354700854700854 0.3194110576923077 0.13568376068376067 0.33804086538461536 0.13194444444444445 0.3407451923076923 0.1282051282051282 0.34044471153846156 0.11591880341880342 0.33834134615384615 0.11271367521367522 0.32091346153846156 0.11485042735042734
4 0.34164663461538464 0.11431623931623931 0.34224759615384615 0.12980769230769232 0.34314903846153844 0.13034188034188035 0.36117788461538464 0.13087606837606838 0.3635817307692308 0.12980769230769232 0.3644831730769231 0.1266025641025641 0.3644831730769231 0.11645299145299146 0.3623798076923077 0.11217948717948718 0.3446514423076923 0.1111111111111111
4 0.3662860576923077 0.12179487179487179 0.3662860576923077 0.12980769230769232 0.36868990384615385 0.13141025641025642 0.38731971153846156 0.13408119658119658 0.38912259615384615 0.13087606837606838 0.38912259615384615 0.11912393162393162 0.3858173076923077 0.11431623931623931 0.36929086538461536 0.1111111111111111 0.3674879807692308 0.11271367521367522
4 0.39122596153846156 0.11912393162393162 0.390625 0.12713675213675213 0.39212740384615385 0.13247863247863248 0.40685096153846156 0.14102564102564102 0.4113581730769231 0.1420940170940171 0.4128605769230769 0.13942307692307693 0.4140625 0.1266025641025641 0.41195913461538464 0.12286324786324786 0.3975360576923077 0.11431623931623931 0.39393028846153844 0.11378205128205128
4 0.4149639423076923 0.1330128205128205 0.4140625 0.14102564102564102 0.41586538461538464 0.14423076923076922 0.43209134615384615 0.15544871794871795 0.43569711538461536 0.1543803418803419 0.43689903846153844 0.1469017094017094 0.43689903846153844 0.13942307692307693 0.43569711538461536 0.13568376068376067 0.41977163461538464 0.1266025641025641 0.4167668269230769 0.12713675213675213
4 0.45552884615384615 0.15064102564102563 0.45492788461538464 0.16132478632478633 0.4579326923076923 0.16506410256410256 0.47445913461538464 0.16613247863247863 0.4768629807692308 0.1623931623931624 0.47836538461538464 0.1543803418803419 0.4768629807692308 0.15064102564102563 0.47055288461538464 0.14743589743589744 0.4582331730769231 0.1469017094017094
4 0.4813701923076923 0.16132478632478633 0.48106971153846156 0.16613247863247863 0.48287259615384615 0.16933760683760685 0.49759615384615385 0.17414529914529914 0.5012019230769231 0.17307692307692307 0.5048076923076923 0.1623931623931624 0.5021033653846154 0.15705128205128205 0.48768028846153844 0.15117521367521367 0.48377403846153844 0.1527777777777778
4 0.5030048076923077 0.17254273504273504 0.5027043269230769 0.1752136752136752 0.5048076923076923 0.17841880341880342 0.5225360576923077 0.18269230769230768 0.5246394230769231 0.18162393162393162 0.5255408653846154 0.16987179487179488 0.5222355769230769 0.16613247863247863 0.5081129807692307 0.16132478632478633 0.5045072115384616 0.1655982905982906
4 0.5258413461538461 0.17467948717948717 0.5249399038461539 0.18215811965811965 0.5285456730769231 0.18536324786324787 0.5414663461538461 0.18963675213675213 0.5456730769230769 0.18856837606837606 0.5459735576923077 0.1752136752136752 0.5441706730769231 0.17307692307692307 0.5291466346153846 0.16880341880341881 0.52734375 0.16987179487179488
4 0.546875 0.17467948717948717 0.5465745192307693 0.18803418803418803 0.5486778846153846 0.1907051282051282 0.5625 0.1955128205128205 0.5655048076923077 0.19444444444444445 0.5676081730769231 0.18856837606837606 0.5679086538461539 0.18215811965811965 0.5649038461538461 0.17895299145299146 0.55078125 0.17307692307692307
4 0.5673076923076923 0.19017094017094016 0.5682091346153846 0.19658119658119658 0.5850360576923077 0.20085470085470086 0.5880408653846154 0.19604700854700854 0.5883413461538461 0.1891025641025641 0.5871394230769231 0.18536324786324787 0.58203125 0.18215811965811965 0.5718149038461539 0.18108974358974358 0.5691105769230769 0.18269230769230768
4 0.6045673076923077 0.1971153846153846 0.6030649038461539 0.20673076923076922 0.6057692307692307 0.21047008547008547 0.6225961538461539 0.21634615384615385 0.625 0.21367521367521367 0.6259014423076923 0.202991452991453 0.6234975961538461 0.1997863247863248 0.6096754807692307 0.19337606837606838 0.6063701923076923 0.19391025641025642
4 0.625 0.2126068376068376 0.6246995192307693 0.2168803418803419 0.6265024038461539 0.21848290598290598 0.6409254807692307 0.2222222222222222 0.6451322115384616 0.21955128205128205 0.6466346153846154 0.21047008547008547 0.6424278846153846 0.20566239316239315 0.6298076923076923 0.20192307692307693 0.6268028846153846 0.20405982905982906
4 0.7037259615384616 0.18002136752136752 0.7040264423076923 0.1842948717948718 0.7100360576923077 0.19230769230769232 0.7199519230769231 0.1997863247863248 0.7238581730769231 0.19818376068376067 0.7244591346153846 0.18856837606837606 0.7211538461538461 0.18108974358974358 0.7100360576923077 0.17307692307692307 0.7055288461538461 0.17467948717948717
4 0.6847956730769231 0.1607905982905983 0.6841947115384616 0.16826923076923078 0.6968149038461539 0.17895299145299146 0.7028245192307693 0.1794871794871795 0.7049278846153846 0.17147435897435898 0.703125 0.16452991452991453 0.6893028846153846 0.1543803418803419
4 0.6641370192307693 0.16361752136752136 0.6668810096153847 0.17052831196581195 0.6785426682692308 0.16199145299145298 0.6799146634615384 0.15325160256410256 0.6769420072115384 0.14959294871794873 0.6664236778846154 0.1577232905982906
4 0.6610501802884615 0.1654465811965812 0.6634513221153846 0.16382051282051283 0.6660808293269231 0.16747916666666668 0.6656234975961539 0.1743899572649573 0.6609359975961537 0.18597542735042735 0.6579633413461539 0.18211324786324787 0.6548765024038462 0.18800747863247863 0.6532758413461538 0.18780448717948717 0.6517896634615384 0.18536538461538463
4 0.6496174879807692 0.2103653846153846 0.654419170673077 0.2150400641025641 0.6572773437499999 0.20487767094017095 0.6613933293269232 0.18719444444444444 0.6583064903846154 0.18292628205128206 0.6551051682692308 0.18800747863247863 0.6524756610576923 0.18536538461538463 0.6500748197115385 0.19105662393162395
1 0.2725360576923077 0.16826923076923078 0.27193509615384615 0.17254273504273504 0.2764423076923077 0.17574786324786323 0.27944711538461536 0.18482905982905984 0.28275240384615385 0.18269230769230768 0.28725961538461536 0.16452991452991453 0.2878605769230769 0.14797008547008547 0.28335336538461536 0.14423076923076922 0.27974759615384615 0.1452991452991453
1 0.25450721153846156 0.1858974358974359 0.2569110576923077 0.202991452991453 0.2587139423076923 0.20566239316239315 0.2764423076923077 0.19337606837606838 0.27914663461538464 0.18856837606837606 0.2800480769230769 0.18162393162393162 0.27734375 0.1762820512820513 0.2725360576923077 0.172008547008547
1 0.22896634615384615 0.19925213675213677 0.22806490384615385 0.21314102564102563 0.23046875 0.2152777777777778 0.25240384615384615 0.21047008547008547 0.2569110576923077 0.20512820512820512 0.25570913461538464 0.19444444444444445 0.25210336538461536 0.18856837606837606 0.2322716346153846 0.19444444444444445
1 0.19771634615384615 0.1997863247863248 0.19561298076923078 0.20726495726495728 0.19951923076923078 0.21367521367521367 0.22385817307692307 0.21367521367521367 0.22746394230769232 0.21047008547008547 0.22806490384615385 0.19818376068376067 0.22776442307692307 0.19604700854700854 0.22235576923076922 0.19177350427350429 0.20252403846153846 0.19177350427350429
1 0.16796875 0.24252136752136752 0.16766826923076922 0.24465811965811965 0.17157451923076922 0.24946581196581197 0.17818509615384615 0.2532051282051282 0.18209134615384615 0.25213675213675213 0.19020432692307693 0.22702991452991453 0.1896033653846154 0.20993589743589744 0.18449519230769232 0.20833333333333334 0.18088942307692307 0.2110042735042735
1 0.15715144230769232 0.29273504273504275 0.15685096153846154 0.30074786324786323 0.16135817307692307 0.3092948717948718 0.16826923076923078 0.30502136752136755 0.17548076923076922 0.2793803418803419 0.17548076923076922 0.26816239316239315 0.17337740384615385 0.26121794871794873 0.17157451923076922 0.2590811965811966 0.16466346153846154 0.265491452991453 0.1619591346153846 0.2799145299145299
1 0.16105769230769232 0.4326923076923077 0.16165865384615385 0.44337606837606836 0.16796875 0.47115384615384615 0.16796875 0.48023504273504275 0.17307692307692307 0.4823717948717949 0.18088942307692307 0.4775641025641026 0.1817908653846154 0.47489316239316237 0.18118990384615385 0.46794871794871795 0.17518028846153846 0.4465811965811966 0.16826923076923078 0.4284188034188034
1 0.15384615384615385 0.3872863247863248 0.15384615384615385 0.4091880341880342 0.15594951923076922 0.4252136752136752 0.16135817307692307 0.4337606837606838 0.16826923076923078 0.4305555555555556 0.16917067307692307 0.4284188034188034 0.16856971153846154 0.4182692307692308 0.1661658653846154 0.40224358974358976 0.16346153846153846 0.39476495726495725 0.16466346153846154 0.390491452991453 0.16346153846153846 0.38514957264957267 0.16466346153846154 0.38301282051282054 0.16316105769230768 0.38461538461538464 0.15775240384615385 0.38301282051282054
1 0.15423527644230767 0.38182158119658116 0.1661123798076923 0.38240811965811966 0.16693719951923078 0.3416452991452991 0.15786448317307694 0.3395924145299145 0.1540703125 0.3498568376068376
1 0.15473016826923078 0.3436981837606838 0.15885426682692308 0.33871260683760684 0.16578245192307695 0.33871260683760684 0.16809164663461537 0.30498824786324785 0.16215324519230767 0.3085074786324786 0.15539002403846155 0.31143963675213676
1 0.18900240384615385 0.4791666666666667 0.1896033653846154 0.4909188034188034 0.19200721153846154 0.4962606837606838 0.21394230769230768 0.49145299145299143 0.22025240384615385 0.48824786324786323 0.22325721153846154 0.483974358974359 0.22175480769230768 0.4706196581196581 0.21754807692307693 0.4668803418803419 0.19411057692307693 0.4732905982905983
1 0.22205528846153846 0.4636752136752137 0.22145432692307693 0.46955128205128205 0.22325721153846154 0.4807692307692308 0.22746394230769232 0.4813034188034188 0.2509014423076923 0.46474358974358976 0.2527043269230769 0.4599358974358974 0.2509014423076923 0.44925213675213677 0.24699519230769232 0.44604700854700857 0.22986778846153846 0.4551282051282051
1 0.25240384615384615 0.44551282051282054 0.2527043269230769 0.46314102564102566 0.25600961538461536 0.4642094017094017 0.2800480769230769 0.44604700854700857 0.27974759615384615 0.43643162393162394 0.2776442307692308 0.42948717948717946 0.27403846153846156 0.42895299145299143 0.25991586538461536 0.43803418803418803
1 0.2800480769230769 0.4284188034188034 0.28125 0.44497863247863245 0.28305288461538464 0.4465811965811966 0.3034855769230769 0.43643162393162394 0.30679086538461536 0.4321581196581197 0.3076923076923077 0.4252136752136752 0.30679086538461536 0.4172008547008547 0.30288461538461536 0.41452991452991456
1 0.31039663461538464 0.4107905982905983 0.3082932692307692 0.41452991452991456 0.3094951923076923 0.42895299145299143 0.31460336538461536 0.43002136752136755 0.33383413461538464 0.4204059829059829 0.33653846153846156 0.4150641025641026 0.3368389423076923 0.4043803418803419 0.3347355769230769 0.4011752136752137 0.3308293269230769 0.40064102564102566
1 0.35216346153846156 0.3974358974358974 0.3515625 0.4075854700854701 0.3545673076923077 0.41025641025641024 0.3801081730769231 0.41452991452991456 0.38131009615384615 0.3974358974358974 0.37890625 0.3936965811965812 0.3557692307692308 0.38835470085470086
1 0.38100961538461536 0.4027777777777778 0.38070913461538464 0.41239316239316237 0.38221153846153844 0.4155982905982906 0.4026442307692308 0.421474358974359 0.4053485576923077 0.421474358974359 0.4074519230769231 0.41773504273504275 0.40865384615384615 0.4011752136752137 0.4053485576923077 0.39850427350427353 0.3831129807692308 0.3952991452991453 0.3816105769230769 0.3974358974358974
1 0.4098557692307692 0.4017094017094017 0.40835336538461536 0.4188034188034188 0.4104567307692308 0.42094017094017094 0.4287860576923077 0.42414529914529914 0.4338942307692308 0.42414529914529914 0.43599759615384615 0.422008547008547 0.43599759615384615 0.4075854700854701 0.4344951923076923 0.40384615384615385 0.41736778846153844 0.3995726495726496 0.41195913461538464 0.3995726495726496
1 0.46424278846153844 0.4150641025641026 0.4645432692307692 0.422008547008547 0.46634615384615385 0.42414529914529914 0.49068509615384615 0.421474358974359 0.48978365384615385 0.4107905982905983 0.48768028846153844 0.4075854700854701 0.4690504807692308 0.4091880341880342 0.46634615384615385 0.4107905982905983
1 0.49038461538461536 0.41239316239316237 0.49008413461538464 0.4188034188034188 0.4912860576923077 0.422008547008547 0.5147235576923077 0.41452991452991456 0.5138221153846154 0.406517094017094 0.5093149038461539 0.40384615384615385 0.4924879807692308 0.4075854700854701
1 0.5150240384615384 0.4043803418803419 0.5144230769230769 0.4113247863247863 0.5192307692307693 0.4150641025641026 0.5339543269230769 0.4075854700854701 0.5354567307692307 0.4033119658119658 0.5342548076923077 0.39636752136752135 0.5324519230769231 0.39476495726495725
1 0.5360576923076923 0.39155982905982906 0.53515625 0.39636752136752135 0.5363581730769231 0.40544871794871795 0.5432692307692307 0.405982905982906 0.5549879807692307 0.3936965811965812 0.5555889423076923 0.38301282051282054 0.5501802884615384 0.3798076923076923
3 0.5970552884615384 0.3002136752136752 0.5958533653846154 0.31036324786324787 0.5982572115384616 0.31356837606837606 0.61328125 0.3157051282051282 0.6159855769230769 0.3141025641025641 0.6177884615384616 0.30822649572649574 0.6165865384615384 0.29967948717948717 0.609375 0.296474358974359 0.5988581730769231 0.29594017094017094
3 0.57421875 0.296474358974359 0.5733173076923077 0.30128205128205127 0.5760216346153846 0.31036324786324787 0.5874399038461539 0.31196581196581197 0.5949519230769231 0.3108974358974359 0.59765625 0.297008547008547 0.5952524038461539 0.2938034188034188 0.5835336538461539 0.29273504273504275 0.5775240384615384 0.2932692307692308
3 0.5381610576923077 0.35523504273504275 0.5381610576923077 0.3627136752136752 0.5462740384615384 0.3798076923076923 0.5576923076923077 0.3814102564102564 0.5591947115384616 0.37713675213675213 0.5582932692307693 0.3696581196581197 0.5486778846153846 0.3504273504273504 0.54296875 0.3504273504273504
3 0.5419957932692308 0.34049786324786324 0.5471424278846154 0.3476741452991453 0.5634900841346154 0.3268637820512821 0.5627836538461538 0.31914957264957267 0.5590498798076923 0.3153824786324786 0.5437115384615384 0.3333221153846154
3 0.5642974759615385 0.32542841880341883 0.5755994591346154 0.3101794871794872 0.5732785456730769 0.29959508547008545 0.5712602163461539 0.29798076923076927 0.5581418269230769 0.31394711538461534 0.5627836538461538 0.31771420940170936
3 0.5414663461538461 0.4091880341880342 0.5408653846153846 0.4113247863247863 0.5426682692307693 0.4166666666666667 0.5426682692307693 0.42467948717948717 0.5471754807692307 0.42414529914529914 0.5579927884615384 0.41399572649572647 0.5640024038461539 0.4011752136752137 0.5646033653846154 0.3969017094017094 0.5612980769230769 0.3936965811965812 0.5570913461538461 0.3936965811965812 0.5528846153846154 0.3995726495726496
3 0.5192307692307693 0.41773504273504275 0.51953125 0.42895299145299143 0.5183293269230769 0.4321581196581197 0.5201322115384616 0.43322649572649574 0.5378605769230769 0.4284188034188034 0.5420673076923077 0.42467948717948717 0.5420673076923077 0.41452991452991456 0.5396634615384616 0.4091880341880342 0.5285456730769231 0.4107905982905983
3 0.49459134615384615 0.42254273504273504 0.4930889423076923 0.4252136752136752 0.4930889423076923 0.4358974358974359 0.4948918269230769 0.44017094017094016 0.5150240384615384 0.4358974358974359 0.5186298076923077 0.4321581196581197 0.5183293269230769 0.41773504273504275 0.5159254807692307 0.4155982905982906 0.4996995192307692 0.4188034188034188
3 0.46304086538461536 0.43696581196581197 0.46334134615384615 0.4412393162393162 0.46694711538461536 0.4439102564102564 0.48828125 0.44337606837606836 0.4918870192307692 0.4391025641025641 0.4918870192307692 0.42735042735042733 0.48828125 0.4230769230769231 0.46814903846153844 0.4236111111111111 0.46544471153846156 0.42735042735042733
3 0.44381009615384615 0.4342948717948718 0.44320913461538464 0.44551282051282054 0.44771634615384615 0.4668803418803419 0.4495192307692308 0.47275641025641024 0.4528245192307692 0.47489316239316237 0.45522836538461536 0.4738247863247863 0.45643028846153844 0.469017094017094 0.4579326923076923 0.46794871794871795 0.45853365384615385 0.4567307692307692 0.4528245192307692 0.42254273504273504 0.4462139423076923 0.42574786324786323
3 0.45132211538461536 0.4797008547008547 0.45102163461538464 0.4861111111111111 0.45492788461538464 0.5122863247863247 0.45943509615384615 0.5170940170940171 0.4639423076923077 0.5160256410256411 0.4660456730769231 0.5122863247863247 0.4660456730769231 0.49786324786324787 0.4636418269230769 0.4807692307692308 0.46033653846153844 0.469017094017094 0.4561298076923077 0.4716880341880342
3 0.4609375 0.5427350427350427 0.4606370192307692 0.5571581196581197 0.4639423076923077 0.5779914529914529 0.46634615384615385 0.5833333333333334 0.47085336538461536 0.5844017094017094 0.4765625 0.5774572649572649 0.4714543269230769 0.5357905982905983 0.46694711538461536 0.5331196581196581 0.46304086538461536 0.5352564102564102
3 0.47085336538461536 0.5849358974358975 0.4696514423076923 0.5924145299145299 0.4738581730769231 0.6260683760683761 0.47596153846153844 0.6287393162393162 0.48046875 0.6298076923076923 0.4846754807692308 0.6276709401709402 0.48587740384615385 0.6239316239316239 0.48587740384615385 0.6143162393162394 0.48197115384615385 0.5811965811965812 0.4762620192307692 0.5769230769230769
2 0.8233173076923077 0.5950854700854701 0.8230168269230769 0.5988247863247863 0.8248197115384616 0.6020299145299145 0.8404447115384616 0.6201923076923077 0.8428485576923077 0.6201923076923077 0.8470552884615384 0.6159188034188035 0.84765625 0.6052350427350427 0.8467548076923077 0.6020299145299145 0.8347355769230769 0.5881410256410257 0.828125 0.5881410256410257
2 0.8010817307692307 0.5710470085470085 0.7995793269230769 0.5774572649572649 0.8016826923076923 0.5806623931623932 0.8209134615384616 0.5972222222222222 0.828125 0.5881410256410257 0.8287259615384616 0.5854700854700855 0.8245192307692307 0.5769230769230769 0.8143028846153846 0.5689102564102564 0.8043870192307693 0.5662393162393162
2 0.7770432692307693 0.5507478632478633 0.7761418269230769 0.5608974358974359 0.7776442307692307 0.5641025641025641 0.7932692307692307 0.5747863247863247 0.7977764423076923 0.5753205128205128 0.8037860576923077 0.5641025641025641 0.8013822115384616 0.5592948717948718 0.7833533653846154 0.5470085470085471 0.7782451923076923 0.5464743589743589
2 0.7548076923076923 0.5480769230769231 0.75390625 0.5502136752136753 0.7560096153846154 0.5635683760683761 0.7650240384615384 0.5641025641025641 0.7743389423076923 0.5614316239316239 0.7758413461538461 0.5582264957264957 0.7770432692307693 0.5470085470085471 0.7722355769230769 0.5448717948717948 0.7614182692307693 0.5448717948717948
2 0.7367788461538461 0.563034188034188 0.734375 0.5673076923076923 0.7360276442307693 0.5673076923076923 0.7391826923076923 0.5742521367521367 0.7412860576923077 0.5753205128205128 0.7554086538461539 0.5641025641025641 0.7551081730769231 0.5566239316239316 0.7518028846153846 0.5512820512820513 0.7481971153846154 0.5523504273504274 0.7412860576923077 0.5571581196581197
2 0.7163461538461539 0.5918803418803419 0.7166466346153846 0.5972222222222222 0.7199519230769231 0.6020299145299145 0.7256610576923077 0.6004273504273504 0.7376802884615384 0.5779914529914529 0.7379807692307693 0.5742521367521367 0.7361778846153846 0.5673076923076923 0.734375 0.5651709401709402 0.7268629807692307 0.5726495726495726 0.7181490384615384 0.5860042735042735
2 0.68359375 0.594551282051282 0.6805889423076923 0.5988247863247863 0.6850961538461539 0.6089743589743589 0.6890024038461539 0.6095085470085471 0.7001201923076923 0.6014957264957265 0.7034254807692307 0.5902777777777778 0.7022235576923077 0.5849358974358975 0.6977163461538461 0.5833333333333334
2 0.6556490384615384 0.6164529914529915 0.6550480769230769 0.6201923076923077 0.6577524038461539 0.6271367521367521 0.6622596153846154 0.6276709401709402 0.6763822115384616 0.6201923076923077 0.6811899038461539 0.6159188034188035 0.6832932692307693 0.6111111111111112 0.6811899038461539 0.6025641025641025 0.6778846153846154 0.6004273504273504 0.6613581730769231 0.6073717948717948
2 0.6195913461538461 0.5833333333333334 0.6192908653846154 0.5886752136752137 0.6207932692307693 0.5913461538461539 0.6376201923076923 0.6116452991452992 0.6418269230769231 0.6111111111111112 0.6469350961538461 0.5988247863247863 0.6472355769230769 0.5956196581196581 0.6448317307692307 0.5913461538461539 0.6298076923076923 0.5737179487179487 0.6262019230769231 0.5726495726495726
2 0.5841346153846154 0.5918803418803419 0.5811298076923077 0.5950854700854701 0.5832331730769231 0.5966880341880342 0.5844350961538461 0.6014957264957265 0.5838341346153846 0.6089743589743589 0.5847355769230769 0.6100427350427351 0.5883413461538461 0.6095085470085471 0.6024639423076923 0.5993589743589743 0.6060697115384616 0.5924145299145299 0.6045673076923077 0.5838675213675214 0.6024639423076923 0.5795940170940171
2 0.5594951923076923 0.6036324786324786 0.5582932692307693 0.6057692307692307 0.5591947115384616 0.6111111111111112 0.55859375 0.6201923076923077 0.5612980769230769 0.6217948717948718 0.5814302884615384 0.6116452991452992 0.5835336538461539 0.6079059829059829 0.5835336538461539 0.5982905982905983 0.58203125 0.594551282051282 0.5784254807692307 0.594551282051282
2 0.5321514423076923 0.6159188034188035 0.5330528846153846 0.6303418803418803 0.5366586538461539 0.6335470085470085 0.5573918269230769 0.6228632478632479 0.55859375 0.6127136752136753 0.5570913461538461 0.6068376068376068 0.5513822115384616 0.6068376068376068 0.5363581730769231 0.6121794871794872
2 0.5042067307692307 0.6340811965811965 0.5042067307692307 0.6463675213675214 0.5087139423076923 0.6495726495726496 0.5300480769230769 0.6378205128205128 0.5327524038461539 0.6330128205128205 0.5306490384615384 0.6217948717948718 0.5258413461538461 0.6201923076923077 0.5081129807692307 0.6292735042735043
2 0.4375 0.6543803418803419 0.43900240384615385 0.6704059829059829 0.44320913461538464 0.6720085470085471 0.46334134615384615 0.6597222222222222 0.46634615384615385 0.6506410256410257 0.4657451923076923 0.6442307692307693 0.4636418269230769 0.6388888888888888 0.45913461538461536 0.6388888888888888 0.44381009615384615 0.6474358974358975
2 0.4092548076923077 0.6704059829059829 0.4092548076923077 0.6864316239316239 0.4110576923076923 0.6896367521367521 0.43509615384615385 0.6805555555555556 0.4378004807692308 0.6784188034188035 0.4387019230769231 0.6746794871794872 0.4387019230769231 0.6682692307692307 0.43599759615384615 0.6597222222222222 0.4149639423076923 0.6655982905982906
2 0.37830528846153844 0.6725427350427351 0.37650240384615385 0.6875 0.3777043269230769 0.6923076923076923 0.40414663461538464 0.6939102564102564 0.40865384615384615 0.6891025641025641 0.40865384615384615 0.6741452991452992 0.4065504807692308 0.6709401709401709 0.3825120192307692 0.6693376068376068
2 0.3464543269230769 0.6623931623931624 0.3425480769230769 0.6784188034188035 0.3434495192307692 0.6821581196581197 0.36868990384615385 0.6912393162393162 0.3737980769230769 0.6917735042735043 0.37560096153846156 0.6896367521367521 0.37740384615384615 0.6714743589743589 0.35216346153846156 0.6602564102564102 0.3485576923076923 0.6597222222222222
2 0.3112980769230769 0.6549145299145299 0.3076923076923077 0.6645299145299145 0.30799278846153844 0.6693376068376068 0.30859375 0.6714743589743589 0.31430288461538464 0.6746794871794872 0.3308293269230769 0.6810897435897436 0.33533653846153844 0.6810897435897436 0.34164663461538464 0.6789529914529915 0.34375 0.6720085470085471 0.3446514423076923 0.6607905982905983 0.34164663461538464 0.655448717948718 0.3293269230769231 0.6527777777777778 0.32181490384615385 0.6485042735042735 0.31460336538461536 0.6495726495726496
2 0.26893028846153844 0.6388888888888888 0.26893028846153844 0.6436965811965812 0.27163461538461536 0.6474358974358975 0.2956730769230769 0.6666666666666666 0.30078125 0.6666666666666666 0.3046875 0.6549145299145299 0.3046875 0.6469017094017094 0.30288461538461536 0.6420940170940171 0.2824519230769231 0.625 0.2782451923076923 0.6239316239316239 0.27524038461538464 0.625534188034188
2 0.21213942307692307 0.6020299145299145 0.21183894230769232 0.6057692307692307 0.21364182692307693 0.6095085470085471 0.234375 0.6346153846153846 0.23768028846153846 0.6367521367521367 0.24128605769230768 0.6351495726495726 0.24669471153846154 0.625 0.24609375 0.6148504273504274 0.22355769230769232 0.5897435897435898 0.22025240384615385 0.5886752136752137 0.21754807692307693 0.5908119658119658
2 0.18900240384615385 0.5641025641025641 0.18870192307692307 0.5678418803418803 0.19140625 0.5774572649572649 0.19681490384615385 0.5881410256410257 0.20612980769230768 0.6004273504273504 0.2109375 0.6025641025641025 0.21935096153846154 0.5881410256410257 0.21965144230769232 0.5849358974358975 0.2169471153846154 0.5790598290598291 0.19981971153846154 0.5560897435897436 0.19561298076923078 0.5550213675213675
2 0.16766826923076922 0.5090811965811965 0.16676682692307693 0.5208333333333334 0.16826923076923078 0.5288461538461539 0.18088942307692307 0.5539529914529915 0.1856971153846154 0.5550213675213675 0.19200721153846154 0.5496794871794872 0.1932091346153846 0.5432692307692307 0.1856971153846154 0.5224358974358975 0.17878605769230768 0.5080128205128205 0.17548076923076922 0.5042735042735043 0.171875 0.5037393162393162 0.16917067307692307 0.5053418803418803
2 0.14783653846153846 0.43536324786324787 0.14753605769230768 0.4423076923076923 0.15084134615384615 0.45566239316239315 0.15174278846153846 0.4668803418803419 0.15324519230769232 0.4700854700854701 0.15354567307692307 0.48023504273504275 0.15655048076923078 0.48183760683760685 0.16646634615384615 0.48023504273504275 0.16706730769230768 0.4706196581196581 0.16015625 0.43536324786324787 0.1541466346153846 0.42735042735042733 0.15084134615384615 0.42735042735042733
2 0.14253275240384616 0.4297761752136752 0.14119651442307693 0.3959246794871795 0.14342367788461538 0.3830571581196581 0.15121844951923077 0.38365117521367526 0.15233203125 0.42423344017094017 0.1483233173076923 0.43254754273504276
2 0.14219891826923076 0.38919391025641026 0.1436463341346154 0.38285897435897437 0.15099579326923077 0.3832548076923077 0.15032752403846156 0.3414850427350427 0.1476550480769231 0.3397035256410256 0.14275570913461538 0.3402970085470085 0.14141947115384615 0.34920566239316236
2 0.14153064903846155 0.3420790598290598 0.14208743990384615 0.30110042735042736 0.15010486778846152 0.300704594017094 0.15077313701923079 0.34128685897435895 0.1475438701923077 0.33950534188034187 0.14231009615384616 0.3410892094017094
2 0.14431460336538462 0.2985272435897436 0.15010486778846152 0.2997147435897436 0.15055048076923078 0.30585202991452987 0.1535567908653846 0.3066436965811966 0.16090625 0.272 0.15879056490384616 0.2628936965811966 0.15333413461538462 0.2609145299145299 0.15121844951923077 0.26526923076923076 0.15088431490384616 0.2702184829059829 0.14431460336538462 0.29813141025641027
0 0.6126802884615384 0.5405982905982906 0.6111778846153846 0.5528846153846154 0.6117788461538461 0.5608974358974359 0.6144831730769231 0.563034188034188 0.6198918269230769 0.5625 0.62109375 0.5603632478632479 0.6243990384615384 0.5379273504273504 0.6253004807692307 0.5219017094017094 0.6213942307692307 0.5202991452991453 0.6165865384615384 0.5229700854700855
0 0.6159855769230769 0.5144230769230769 0.6162860576923077 0.5213675213675214 0.6243990384615384 0.5202991452991453 0.6271033653846154 0.5128205128205128 0.6325120192307693 0.4877136752136752 0.6268028846153846 0.483974358974359 0.6228966346153846 0.4877136752136752 0.6192908653846154 0.4983974358974359
0 0.6198918269230769 0.43322649572649574 0.6213942307692307 0.46634615384615385 0.6262019230769231 0.4706196581196581 0.6295072115384616 0.46955128205128205 0.6310096153846154 0.4674145299145299 0.6316105769230769 0.4620726495726496 0.6307091346153846 0.43162393162393164 0.6298076923076923 0.42895299145299143 0.6265024038461539 0.4268162393162393
0 0.6159855769230769 0.3974358974358974 0.6153846153846154 0.4107905982905983 0.6180889423076923 0.42948717948717946 0.6201923076923077 0.4326923076923077 0.6274038461538461 0.4284188034188034 0.6274038461538461 0.3974358974358974 0.6228966346153846 0.3942307692307692
0 0.5916466346153846 0.3814102564102564 0.5904447115384616 0.38354700854700857 0.5922475961538461 0.3894230769230769 0.5919471153846154 0.3974358974358974 0.5931490384615384 0.39903846153846156 0.6102764423076923 0.39797008547008544 0.61328125 0.3942307692307692 0.6129807692307693 0.38354700854700857 0.609375 0.37927350427350426
0 0.5698209134615385 0.3872110042735043 0.5670072115384616 0.4011752136752137 0.5691105769230769 0.4033119658119658 0.5877403846153846 0.4011752136752137 0.5901442307692307 0.3995726495726496 0.5919471153846154 0.39476495726495725 0.5910033052884616 0.38634882478632476 0.5879311899038462 0.3834738247863248 0.5838888221153846 0.3837612179487179
0 0.6274038461538461 0.39903846153846156 0.6265024038461539 0.4075854700854701 0.6298076923076923 0.4155982905982906 0.6457331730769231 0.4182692307692308 0.6484375 0.4150641025641026 0.6496394230769231 0.4043803418803419 0.6484375 0.40064102564102566 0.6334134615384616 0.3952991452991453 0.6283052884615384 0.39636752136752135
0 0.6499399038461539 0.4043803418803419 0.6484375 0.41452991452991456 0.6493389423076923 0.4182692307692308 0.6667668269230769 0.4236111111111111 0.6703725961538461 0.422008547008547 0.671875 0.4188034188034188 0.6724759615384616 0.4113247863247863 0.6688701923076923 0.40544871794871795 0.6559495192307693 0.4017094017094017 0.6511418269230769 0.40224358974358976
0 0.7160456730769231 0.375 0.7157451923076923 0.38621794871794873 0.71875 0.3888888888888889 0.7349759615384616 0.390491452991453 0.7385817307692307 0.38354700854700857 0.7379807692307693 0.3766025641025641 0.7349759615384616 0.37286324786324787 0.7193509615384616 0.3717948717948718
0 0.6964453125 0.3908536324786325 0.7012749399038462 0.3959268162393162 0.715544170673077 0.3857799145299145 0.7162028245192308 0.37914529914529915 0.7146661658653847 0.37368162393162396 0.6988602764423076 0.3820721153846154 0.6957869591346154 0.3894877136752137
0 0.683493389423077 0.4115373931623932 0.6863473557692308 0.41544017094017094 0.6883230168269231 0.41641613247863246 0.6998479567307693 0.4008050213675214 0.7006162860576922 0.3935854700854701 0.6964453125 0.39065811965811964 0.6868960336538461 0.40197596153846155 0.6831640625000001 0.40880555555555553
0 0.7426556490384615 0.3842190170940171 0.7469362980769231 0.3633397435897436 0.7528635817307693 0.3506559829059829 0.7569248798076923 0.35514369658119654 0.7513269230769232 0.3797307692307692 0.7477046274038461 0.3890972222222222
0 0.7473753004807692 0.3594369658119658 0.7504486177884615 0.3401185897435897 0.7553882211538461 0.33250854700854704 0.7603275240384615 0.3340694444444445 0.7571442307692308 0.3537777777777778 0.7537415865384616 0.3504604700854701
0 0.7397836538461539 0.29273504273504275 0.7397836538461539 0.29967948717948717 0.7466947115384616 0.3194444444444444 0.7509014423076923 0.32264957264957267 0.75390625 0.32104700854700857 0.7566105769230769 0.31036324786324787 0.7493990384615384 0.2900641025641026 0.7445913461538461 0.28685897435897434
0 0.7283653846153846 0.26175213675213677 0.7268629807692307 0.265491452991453 0.7271634615384616 0.2686965811965812 0.7337740384615384 0.2863247863247863 0.7373798076923077 0.2922008547008547 0.7412860576923077 0.28952991452991456 0.7436899038461539 0.2825854700854701 0.7379807692307693 0.2622863247863248 0.7346754807692307 0.25747863247863245 0.7310697115384616 0.25747863247863245
0 0.7078608774038462 0.2686992521367521 0.711153545673077 0.2751388888888889 0.7201541466346153 0.2640165598290598 0.7220201322115384 0.2550400641025641 0.7196054687500001 0.2511372863247863
0 0.698969951923077 0.2940667735042735 0.7114828725961538 0.2770902777777778 0.7072022235576922 0.2677238247863248 0.6934819711538461 0.28762767094017094
0 0.6730769230769231 0.2516025641025641 0.6715745192307693 0.25427350427350426 0.6715745192307693 0.25854700854700857 0.6817370793269231 0.280017094017094 0.6841947115384616 0.28365384615384615 0.6890024038461539 0.2825854700854701 0.6908052884615384 0.27403846153846156 0.6905048076923077 0.2692307692307692 0.6832932692307693 0.25427350427350426 0.6787860576923077 0.24893162393162394
0 0.6619591346153846 0.2232905982905983 0.6613581730769231 0.22702991452991453 0.6655649038461539 0.24091880341880342 0.6700721153846154 0.25 0.671875 0.25213675213675213 0.6772836538461539 0.2483974358974359 0.6772836538461539 0.23717948717948717 0.6700721153846154 0.21794871794871795 0.6646634615384616 0.2168803418803419