3 0.5865384615384616 0.33653846153846156 0.5859375 0.3472222222222222 0.5880408653846154 0.3504273504273504 0.6060697115384616 0.3541666666666667 0.6081730769230769 0.35202991452991456 0.6099759615384616 0.3456196581196581 0.6096754807692307 0.33814102564102566 0.6069711538461539 0.3349358974358974 0.5916466346153846 0.33226495726495725 0.5877403846153846 0.33386752136752135
3 0.5621995192307693 0.3333333333333333 0.5621995192307693 0.3424145299145299 0.5637019230769231 0.3472222222222222 0.5787259615384616 0.34935897435897434 0.5832331730769231 0.34935897435897434 0.5856370192307693 0.3472222222222222 0.5865384615384616 0.3349358974358974 0.5841346153846154 0.3317307692307692 0.5703125 0.3295940170940171 0.5637019230769231 0.3311965811965812
3 0.5450721153846154 0.34455128205128205 0.54296875 0.3482905982905983 0.5444711538461539 0.3541666666666667 0.546875 0.3579059829059829 0.5501802884615384 0.35844017094017094 0.5612980769230769 0.3488247863247863 0.5615985576923077 0.33600427350427353 0.5609975961538461 0.3344017094017094 0.5567908653846154 0.3344017094017094
3 0.5231370192307693 0.3685897435897436 0.5240384615384616 0.3766025641025641 0.5294471153846154 0.3798076923076923 0.5432692307692307 0.36645299145299143 0.5456730769230769 0.3627136752136752 0.5456730769230769 0.36004273504273504 0.5426682692307693 0.3530982905982906 0.5396634615384616 0.35149572649572647 0.5294471153846154 0.3573717948717949
3 0.5168269230769231 0.38354700854700857 0.5168269230769231 0.391025641025641 0.5225360576923077 0.4043803418803419 0.5276442307692307 0.406517094017094 0.5294471153846154 0.41239316239316237 0.5330528846153846 0.4129273504273504 0.5345552884615384 0.4107905982905983 0.5354567307692307 0.40064102564102566 0.5294471153846154 0.3819444444444444 0.5261418269230769 0.3766025641025641 0.5198317307692307 0.37606837606837606
3 0.5126201923076923 0.43162393162393164 0.5126201923076923 0.44604700854700857 0.515625 0.44764957264957267 0.5330528846153846 0.43643162393162394 0.5360576923076923 0.42788461538461536 0.53515625 0.4236111111111111 0.5324519230769231 0.4198717948717949 0.5291466346153846 0.41933760683760685 0.5189302884615384 0.42467948717948717
3 0.48647836538461536 0.43536324786324787 0.48677884615384615 0.453525641025641 0.5090144230769231 0.44925213675213677 0.5114182692307693 0.44551282051282054 0.51171875 0.4321581196581197 0.5090144230769231 0.42948717948717946 0.49459134615384615 0.4310897435897436
3 0.45913461538461536 0.44497863247863245 0.45883413461538464 0.452991452991453 0.46153846153846156 0.4577991452991453 0.48046875 0.4561965811965812 0.4852764423076923 0.452991452991453 0.48587740384615385 0.44017094017094016 0.484375 0.4358974358974359 0.4816706730769231 0.43482905982905984 0.46694711538461536 0.43643162393162394 0.4612379807692308 0.4391025641025641
3 0.4293870192307692 0.4444444444444444 0.42908653846153844 0.4561965811965812 0.4323918269230769 0.46047008547008544 0.453125 0.46100427350427353 0.4561298076923077 0.45726495726495725 0.4558293269230769 0.44551282051282054 0.453125 0.4407051282051282 0.43179086538461536 0.43856837606837606
3 0.41256009615384615 0.5950854700854701 0.41256009615384615 0.6207264957264957 0.4140625 0.6233974358974359 0.41796875 0.625 0.4215745192307692 0.6239316239316239 0.42367788461538464 0.6212606837606838 0.4245793269230769 0.6164529914529915 0.42367788461538464 0.5779914529914529 0.4215745192307692 0.5753205128205128 0.4143629807692308 0.5769230769230769 0.4131610576923077 0.5811965811965812
3 0.41075721153846156 0.5459401709401709 0.41075721153846156 0.5774572649572649 0.4113581730769231 0.5801282051282052 0.4149639423076923 0.5817307692307693 0.421875 0.5753205128205128 0.4206730769230769 0.5411324786324786 0.41977163461538464 0.5379273504273504 0.4128605769230769 0.5336538461538461
3 0.41097656250000003 0.5208814102564103 0.4198302283653846 0.5208814102564103 0.4198302283653846 0.4798846153846154 0.41674188701923076 0.4751260683760684 0.41406490384615385 0.47475961538461536 0.41180018028846155 0.4769561965811966 0.41159435096153846 0.4835448717948718 0.41097656250000003 0.4875715811965812
3 0.40871153846153846 0.480616452991453 0.40788792067307694 0.45316292735042735 0.4085057091346154 0.4421816239316239 0.4144768629807692 0.44035149572649573 0.41612409855769233 0.44071741452991453 0.41818299278846155 0.473295405982906 0.41880078125 0.4802505341880342 0.41612409855769233 0.47805395299145304 0.41262379807692307 0.4795181623931624 0.41118239182692307 0.48317895299145297 0.40747626201923076 0.48208066239316244
4 0.20943509615384615 0.20619658119658119 0.2091346153846154 0.21794871794871795 0.2109375 0.22115384615384615 0.22566105769230768 0.22008547008547008 0.23347355769230768 0.2168803418803419 0.23287259615384615 0.2045940170940171 0.23076923076923078 0.20085470085470086 0.21454326923076922 0.20245726495726496
4 0.23527644230769232 0.2013888888888889 0.234375 0.202991452991453 0.23467548076923078 0.2168803418803419 0.2361778846153846 0.21848290598290598 0.2569110576923077 0.2168803418803419 0.25931490384615385 0.21367521367521367 0.2569110576923077 0.2013888888888889 0.2548076923076923 0.1987179487179487
4 0.26322115384615385 0.19925213675213677 0.26111778846153844 0.202991452991453 0.26171875 0.21314102564102563 0.26322115384615385 0.2152777777777778 0.2821514423076923 0.2152777777777778 0.28515625 0.20993589743589744 0.2842548076923077 0.19925213675213677 0.28275240384615385 0.19764957264957264
4 0.30018028846153844 0.1987179487179487 0.30018028846153844 0.20886752136752137 0.30318509615384615 0.21367521367521367 0.32271634615384615 0.202991452991453 0.32181490384615385 0.1955128205128205 0.31790865384615385 0.18856837606837606 0.3076923076923077 0.19230769230769232
4 0.3245192307692308 0.18856837606837606 0.32421875 0.19658119658119658 0.32662259615384615 0.202991452991453 0.34164663461538464 0.20032051282051283 0.34705528846153844 0.19604700854700854 0.3467548076923077 0.18536324786324787 0.3446514423076923 0.18215811965811965 0.3272235576923077 0.1842948717948718
4 0.34765625 0.18215811965811965 0.3473557692307692 0.19391025641025642 0.34945913461538464 0.19764957264957264 0.3668870192307692 0.19818376068376067 0.37049278846153844 0.1955128205128205 0.36929086538461536 0.18322649572649571 0.3659855769230769 0.1794871794871795 0.35486778846153844 0.1794871794871795
4 0.37259615384615385 0.18322649572649571 0.3722956730769231 0.1955128205128205 0.37439903846153844 0.19764957264957264 0.39302884615384615 0.1997863247863248 0.39453125 0.1971153846153846 0.39393028846153844 0.1858974358974359 0.3915264423076923 0.18215811965811965 0.37560096153846156 0.18002136752136752
4 0.39603365384615385 0.18536324786324787 0.39603365384615385 0.19604700854700854 0.3972355769230769 0.1997863247863248 0.41466346153846156 0.20619658119658119 0.4170673076923077 0.20245726495726496 0.4176682692307692 0.19230769230769232 0.4143629807692308 0.1875 0.40234375 0.18162393162393162 0.3981370192307692 0.18215811965811965
4 0.41796875 0.19497863247863248 0.4176682692307692 0.202991452991453 0.41947115384615385 0.20726495726495728 0.4347956730769231 0.21474358974358973 0.43930288461538464 0.20886752136752137 0.43930288461538464 0.20085470085470086 0.4375 0.19764957264957264 0.42337740384615385 0.19123931623931623 0.4182692307692308 0.19230769230769232
4 0.45643028846153844 0.2110042735042735 0.4561298076923077 0.22008547008547008 0.45883413461538464 0.22382478632478633 0.47506009615384615 0.2248931623931624 0.47716346153846156 0.22382478632478633 0.47806490384615385 0.2206196581196581 0.47806490384615385 0.2110042735042735 0.47415865384615385 0.20673076923076922 0.4597355769230769 0.20566239316239315
4 0.48287259615384615 0.21634615384615385 0.48227163461538464 0.22382478632478633 0.4831730769230769 0.22542735042735043 0.4972956730769231 0.2297008547008547 0.5021033653846154 0.22916666666666666 0.5045072115384616 0.21848290598290598 0.5018028846153846 0.21314102564102563 0.49158653846153844 0.20993589743589744 0.4855769230769231 0.21047008547008547
4 0.50390625 0.22542735042735043 0.5036057692307693 0.23076923076923078 0.5060096153846154 0.23344017094017094 0.5240384615384616 0.23717948717948717 0.5255408653846154 0.22382478632478633 0.5225360576923077 0.2206196581196581 0.5081129807692307 0.2168803418803419 0.5054086538461539 0.21955128205128205
4 0.5255408653846154 0.2329059829059829 0.5255408653846154 0.2377136752136752 0.5444711538461539 0.2419871794871795 0.5465745192307693 0.23931623931623933 0.546875 0.22756410256410256 0.5399639423076923 0.22382478632478633 0.5282451923076923 0.2232905982905983
4 0.5474759615384616 0.23023504273504272 0.546875 0.2387820512820513 0.5483774038461539 0.24252136752136752 0.5625 0.24732905982905984 0.5667067307692307 0.24732905982905984 0.5688100961538461 0.24465811965811965 0.5694110576923077 0.23344017094017094 0.5676081730769231 0.23130341880341881 0.5516826923076923 0.22596153846153846 0.5486778846153846 0.2264957264957265
4 0.5697115384615384 0.23985042735042736 0.5694110576923077 0.24572649572649571 0.5706129807692307 0.2483974358974359 0.5856370192307693 0.25267094017094016 0.5886418269230769 0.25267094017094016 0.5901442307692307 0.25 0.5913461538461539 0.24091880341880342 0.5907451923076923 0.2377136752136752 0.5880408653846154 0.234508547008547 0.5766225961538461 0.23237179487179488 0.5712139423076923 0.23397435897435898
4 0.6090745192307693 0.2467948717948718 0.6069711538461539 0.25213675213675213 0.609375 0.25961538461538464 0.625 0.2644230769230769 0.6283052884615384 0.2638888888888889 0.6295072115384616 0.26121794871794873 0.6307091346153846 0.2516025641025641 0.6268028846153846 0.24786324786324787 0.6126802884615384 0.24252136752136752
4 0.6310096153846154 0.25801282051282054 0.6316105769230769 0.265491452991453 0.6430288461538461 0.26976495726495725 0.6511418269230769 0.2692307692307692 0.6538461538461539 0.2638888888888889 0.6526442307692307 0.2553418803418803 0.6502403846153846 0.25267094017094016 0.6343149038461539 0.25106837606837606 0.6319110576923077 0.2537393162393162
4 0.6808894230769231 0.21474358974358973 0.6820913461538461 0.22596153846153846 0.6871995192307693 0.22382478632478633 0.6962139423076923 0.21794871794871795 0.6983173076923077 0.21314102564102563 0.6986177884615384 0.20619658119658119 0.6962139423076923 0.202991452991453 0.6908052884615384 0.20405982905982906 0.6841947115384616 0.20886752136752137
4 0.7049278846153846 0.21367521367521367 0.7046274038461539 0.21901709401709402 0.7067307692307693 0.22382478632478633 0.7202524038461539 0.23183760683760685 0.7235576923076923 0.23183760683760685 0.7256610576923077 0.22702991452991453 0.7259615384615384 0.21955128205128205 0.7244591346153846 0.21581196581196582 0.71484375 0.2094017094017094 0.7076322115384616 0.20726495726495728
4 0.7253605769230769 0.23076923076923078 0.7250600961538461 0.234508547008547 0.7268629807692307 0.23824786324786323 0.7415865384615384 0.2483974358974359 0.7445913461538461 0.2483974358974359 0.7475961538461539 0.23824786324786323 0.7463942307692307 0.2329059829059829 0.7313701923076923 0.22275641025641027 0.7280649038461539 0.22382478632478633
4 0.6655823317307692 0.2646458333333333 0.6740240384615385 0.24126923076923076 0.6736992187499999 0.23694017094017095 0.670127704326923 0.2326111111111111 0.6668810096153847 0.23318856837606838 0.6646084735576923 0.2383830128205128 0.660225360576923 0.25108173076923074 0.6590889423076922 0.2594508547008547
4 0.6761343149038462 0.24098023504273505 0.682627704326923 0.2277051282051282 0.6831147836538461 0.21875854700854702 0.6790564903846155 0.21500641025641026 0.6699654447115384 0.22799358974358974 0.6685045072115384 0.23318856837606838 0.6704525240384616 0.23347702991452993 0.6736992187499999 0.2366517094017094 0.6741862980769231 0.23953739316239314
0 0.7445913461538461 0.3018162393162393 0.7433894230769231 0.3071581196581197 0.7445913461538461 0.3141025641025641 0.7487980769230769 0.32425213675213677 0.7551081730769231 0.3327991452991453 0.7599158653846154 0.32425213675213677 0.7569110576923077 0.3162393162393162 0.7557091346153846 0.3071581196581197 0.7512019230769231 0.2986111111111111 0.7466947115384616 0.2980769230769231
0 0.7560096153846154 0.3317307692307692 0.7545072115384616 0.3349358974358974 0.7551081730769231 0.3424145299145299 0.76171875 0.36004273504273504 0.7689302884615384 0.36164529914529914 0.7704326923076923 0.3557692307692308 0.7704326923076923 0.34935897435897434 0.765625 0.3333333333333333 0.7623197115384616 0.3269230769230769 0.7599158653846154 0.3269230769230769
0 0.7151442307692307 0.4081196581196581 0.7145432692307693 0.4182692307692308 0.7175480769230769 0.422008547008547 0.7376802884615384 0.42414529914529914 0.7409855769230769 0.41773504273504275 0.7394831730769231 0.4081196581196581 0.7346754807692307 0.4043803418803419 0.7196514423076923 0.4033119658119658
0 0.6325120192307693 0.4375 0.6331129807692307 0.44604700854700857 0.6541466346153846 0.452991452991453 0.6571514423076923 0.45032051282051283 0.6586538461538461 0.4439102564102564 0.6568509615384616 0.43482905982905984 0.6514423076923077 0.4310897435897436 0.6370192307692307 0.42628205128205127 0.6340144230769231 0.42948717948717946
0 0.6069711538461539 0.4252136752136752 0.6063701923076923 0.4391025641025641 0.6075721153846154 0.4412393162393162 0.625 0.44604700854700857 0.6283052884615384 0.44604700854700857 0.6304086538461539 0.44337606837606836 0.6310096153846154 0.4305555555555556 0.6286057692307693 0.4268162393162393 0.61328125 0.422008547008547 0.6087740384615384 0.422008547008547
0 0.5438701923076923 0.42094017094017094 0.5438701923076923 0.42574786324786323 0.5465745192307693 0.42895299145299143 0.5655048076923077 0.42788461538461536 0.5691105769230769 0.42467948717948717 0.5691105769230769 0.4113247863247863 0.5658052884615384 0.4081196581196581 0.5462740384615384 0.41025641025641024 0.5444711538461539 0.41399572649572647
0 0.5697115384615384 0.4097222222222222 0.5694110576923077 0.4252136752136752 0.5709134615384616 0.42628205128205127 0.5901442307692307 0.4268162393162393 0.5928485576923077 0.42574786324786323 0.5940504807692307 0.42254273504273504 0.5940504807692307 0.4113247863247863 0.5913461538461539 0.4075854700854701 0.5718149038461539 0.4075854700854701
0 0.59765625 0.42735042735042733 0.5973557692307693 0.45085470085470086 0.5988581730769231 0.4583333333333333 0.6057692307692307 0.45085470085470086 0.6078725961538461 0.42467948717948717 0.6063701923076923 0.421474358974359 0.6048677884615384 0.421474358974359 0.6006610576923077 0.4230769230769231
0 0.5982572115384616 0.4594017094017094 0.5949519230769231 0.4877136752136752 0.5994591346153846 0.49198717948717946 0.6030649038461539 0.49198717948717946 0.6048677884615384 0.4877136752136752 0.6066706730769231 0.4658119658119658 0.6069711538461539 0.4561965811965812 0.6057692307692307 0.45032051282051283 0.6009615384615384 0.4519230769230769
0 0.67189453125 0.27371100427350425 0.6776923076923077 0.2943253205128205 0.6818795072115384 0.2926073717948718 0.6847782451923077 0.2903167735042735 0.6860667067307692 0.2840181623931624 0.6780144230769231 0.26111324786324785 0.6741490384615385 0.2628311965811966 0.6731829927884616 0.26970245726495723
0 0.6783365384615384 0.30520512820512824 0.6908981370192309 0.32524626068376067 0.6954074519230768 0.3241014957264957 0.697984375 0.32123824786324784 0.697984375 0.3115037393162393 0.6863888221153847 0.2903167735042735 0.6822016225961539 0.2897441239316239 0.6802689302884615 0.30234188034188036
0 0.7057836538461538 0.33560844017094016 0.7216853966346153 0.3218365384615384 0.7215492788461538 0.315071047008547 0.7189669471153847 0.3090304487179487 0.7167923677884616 0.30854700854700856 0.704424579326923 0.3206282051282051 0.7025219350961538 0.3295678418803419 0.7038810096153847 0.33464209401709405
0 0.7238599759615384 0.32135309829059827 0.7352764423076923 0.30830555555555555 0.7354122596153847 0.295982905982906 0.732014423076923 0.29260042735042735 0.7193746995192308 0.3058894230769231 0.7185591947115384 0.30854700854700856 0.719782451923077 0.3112051282051282 0.7215492788461538 0.315071047008547 0.7225006009615385 0.3218365384615384
0 0.7583810096153846 0.3911810897435898 0.768166766826923 0.36677724358974356 0.7727875600961538 0.36919337606837604 0.772108173076923 0.37885844017094017 0.7703413461538461 0.38514049145299145 0.768166766826923 0.3909391025641025 0.7662638221153847 0.3948050213675214 0.7647689302884615 0.3914225427350428 0.7615072115384615 0.3906976495726496
0 0.747372295673077 0.417517094017094 0.7500904447115384 0.4095438034188034 0.7590606971153846 0.3911810897435898 0.7619146634615385 0.39045619658119657 0.7646331129807693 0.3909391025641025 0.7654486177884615 0.3943221153846154 0.7657202524038461 0.39649626068376065 0.7538960336538462 0.42428258547008546
0 0.7132587139423077 0.42138301282051277 0.6951826923076924 0.4298397435897436 0.6942313701923077 0.4211415598290598 0.6912412860576923 0.41679273504273506 0.6923284254807692 0.4122019230769231 0.7102686298076922 0.40447008547008545 0.7110841346153846 0.4042280982905983 0.7128509615384615 0.4054364316239316 0.7143461538461539 0.40930235042735047 0.7143461538461539 0.4119599358974359 0.7138025841346154 0.4177590811965812 0.7135306490384615 0.4206586538461538
0 0.695046875 0.43080662393162394 0.6776502403846153 0.44675320512820516 0.6731652644230769 0.4407126068376068 0.6752037259615384 0.4315309829059829 0.677106670673077 0.4271821581196581 0.6818635817307693 0.42428258547008546 0.6902899639423077 0.41655074786324786 0.6939594350961538 0.4206586538461538
0 0.5913834134615384 0.5382964743589744 0.6007109374999999 0.5150320512820513 0.600989483173077 0.5046372863247863 0.5962560096153846 0.49944017094017096 0.5945853365384616 0.5031522435897435 0.5858149038461539 0.5241891025641026 0.5833091947115384 0.5328514957264957 0.58567578125 0.537553952991453 0.5883209134615385 0.5365641025641026 0.5904089543269231 0.5387911324786324
0 0.5713365384615384 0.5704706196581197 0.5798287259615384 0.5771527777777778 0.5906875 0.5429989316239316 0.5904089543269231 0.5358215811965812 0.5847013221153846 0.5328514957264957 0.5750955528846153 0.5578482905982906
1 0.2776442307692308 0.2297008547008547 0.28185096153846156 0.2419871794871795 0.2863581730769231 0.24145299145299146 0.2941706730769231 0.22435897435897437 0.29356971153846156 0.21314102564102563 0.2902644230769231 0.20833333333333334 0.2860576923076923 0.20993589743589744
1 0.2581129807692308 0.24145299145299146 0.2587139423076923 0.25587606837606836 0.26021634615384615 0.25854700854700857 0.27524038461538464 0.2516025641025641 0.28275240384615385 0.24465811965811965 0.2809495192307692 0.23664529914529914 0.2770432692307692 0.23023504273504272 0.2722355769230769 0.23130341880341881
1 0.2325721153846154 0.2537393162393162 0.23167067307692307 0.265491452991453 0.23467548076923078 0.26655982905982906 0.25540865384615385 0.26335470085470086 0.25841346153846156 0.25801282051282054 0.2575120192307692 0.24572649572649571 0.25540865384615385 0.2419871794871795 0.23677884615384615 0.24626068376068377 0.23377403846153846 0.24893162393162394
1 0.2052283653846154 0.25427350427350426 0.20462740384615385 0.2622863247863248 0.20733173076923078 0.266025641025641 0.22806490384615385 0.26655982905982906 0.2322716346153846 0.26495726495726496 0.23167067307692307 0.24786324786324787 0.22776442307692307 0.24519230769230768 0.20943509615384615 0.24626068376068377 0.20703125 0.24786324786324787
1 0.17668269230769232 0.28044871794871795 0.17728365384615385 0.28899572649572647 0.17908653846153846 0.2932692307692308 0.18599759615384615 0.2954059829059829 0.19651442307692307 0.27564102564102566 0.1971153846153846 0.2638888888888889 0.1935096153846154 0.25854700854700857 0.18870192307692307 0.2590811965811966 0.18209134615384615 0.2686965811965812
1 0.13671875 0.43536324786324787 0.13671875 0.44711538461538464 0.14092548076923078 0.4716880341880342 0.1427283653846154 0.47489316239316237 0.14573317307692307 0.47596153846153844 0.15114182692307693 0.4738247863247863 0.15204326923076922 0.4668803418803419 0.14783653846153846 0.4439102564102564 0.14723557692307693 0.4342948717948718 0.14453125 0.43162393162393164 0.13942307692307693 0.4310897435897436
1 0.15625 0.4700854700854701 0.15594951923076922 0.48717948717948717 0.15745192307692307 0.48878205128205127 0.18389423076923078 0.48504273504273504 0.18780048076923078 0.48023504273504275 0.18659855769230768 0.4652777777777778 0.1853966346153846 0.46260683760683763 0.17878605769230768 0.4620726495726496 0.16105769230769232 0.4658119658119658 0.1580528846153846 0.4668803418803419
1 0.18810096153846154 0.4599358974358974 0.1875 0.4716880341880342 0.18900240384615385 0.4797008547008547 0.21394230769230768 0.469017094017094 0.21814903846153846 0.4636752136752137 0.2166466346153846 0.44871794871794873 0.21364182692307693 0.44604700854700857 0.19651442307692307 0.452991452991453 0.19080528846153846 0.4561965811965812
1 0.21814903846153846 0.44604700854700857 0.21814903846153846 0.4620726495726496 0.21995192307692307 0.4652777777777778 0.22776442307692307 0.46314102564102566 0.24579326923076922 0.45245726495726496 0.24459134615384615 0.43536324786324787 0.2421875 0.4342948717948718 0.23016826923076922 0.43856837606837606
1 0.24699519230769232 0.43322649572649574 0.24519230769230768 0.4358974358974359 0.24639423076923078 0.45032051282051283 0.24759615384615385 0.452991452991453 0.2527043269230769 0.452991452991453 0.26953125 0.44604700854700857 0.2746394230769231 0.4423076923076923 0.27493990384615385 0.4391025641025641 0.27403846153846156 0.42735042735042733 0.27013221153846156 0.42414529914529914
1 0.2764423076923077 0.422008547008547 0.27524038461538464 0.42467948717948717 0.2761418269230769 0.43803418803418803 0.2785456730769231 0.4412393162393162 0.30078125 0.4337606837606838 0.30408653846153844 0.42895299145299143 0.30258413461538464 0.4182692307692308 0.3004807692307692 0.41346153846153844 0.28275240384615385 0.41773504273504275
1 0.32091346153846156 0.41452991452991456 0.32091346153846156 0.42414529914529914 0.3239182692307692 0.42735042735042733 0.3440504807692308 0.4305555555555556 0.3464543269230769 0.42895299145299143 0.3464543269230769 0.41773504273504275 0.34765625 0.41452991452991456 0.34525240384615385 0.41025641025641024 0.3239182692307692 0.406517094017094
1 0.34705528846153844 0.4182692307692308 0.3467548076923077 0.4268162393162393 0.3488581730769231 0.43162393162393164 0.36959134615384615 0.4375 0.37319711538461536 0.43643162393162394 0.3740985576923077 0.43322649572649574 0.3737980769230769 0.42094017094017094 0.37259615384615385 0.41773504273504275 0.36929086538461536 0.4155982905982906 0.3527644230769231 0.4129273504273504 0.3479567307692308 0.41452991452991456
1 0.37560096153846156 0.422008547008547 0.375 0.4326923076923077 0.37680288461538464 0.43696581196581197 0.39663461538461536 0.44177350427350426 0.40024038461538464 0.4407051282051282 0.4014423076923077 0.43803418803418803 0.4020432692307692 0.4252136752136752 0.40084134615384615 0.421474358974359 0.37890625 0.41773504273504275
1 0.4299879807692308 0.4326923076923077 0.4296875 0.43643162393162394 0.43209134615384615 0.44017094017094016 0.44981971153846156 0.44017094017094016 0.4540264423076923 0.4423076923076923 0.4558293269230769 0.43856837606837606 0.4561298076923077 0.4310897435897436 0.45372596153846156 0.42788461538461536 0.43569711538461536 0.4268162393162393
1 0.4573317307692308 0.4284188034188034 0.4573317307692308 0.43643162393162394 0.45943509615384615 0.44017094017094016 0.4657451923076923 0.43696581196581197 0.47896634615384615 0.43482905982905984 0.4813701923076923 0.4321581196581197 0.4807692307692308 0.4252136752136752 0.47896634615384615 0.42414529914529914 0.4639423076923077 0.42574786324786323
1 0.4831730769230769 0.4252136752136752 0.48287259615384615 0.4321581196581197 0.4870793269230769 0.4342948717948718 0.49549278846153844 0.43002136752136755 0.5063100961538461 0.4284188034188034 0.5069110576923077 0.4252136752136752 0.5051081730769231 0.4172008547008547 0.4879807692307692 0.422008547008547
1 0.5069110576923077 0.4155982905982906 0.5063100961538461 0.41933760683760685 0.5075120192307693 0.42628205128205127 0.5120192307692307 0.42948717948717946 0.5279447115384616 0.4188034188034188 0.5294471153846154 0.41346153846153844 0.5279447115384616 0.40705128205128205 0.5234375 0.40544871794871795 0.5114182692307693 0.4113247863247863
1 0.1663016826923077 0.33552724358974356 0.17600811298076924 0.3171212606837607 0.17385126201923076 0.30216613247863244 0.16802734375 0.2998653846153846 0.15702674278846154 0.3213392094017094 0.15551682692307692 0.328625 0.15832091346153848 0.32824145299145296 0.16069350961538462 0.32824145299145296 0.16392908653846155 0.3324599358974359
1 0.16522325721153847 0.3405122863247863 0.15918389423076923 0.3677382478632478 0.15810516826923077 0.3604524572649573 0.15034014423076922 0.3593018162393163 0.14883022836538462 0.364286858974359 0.14839903846153846 0.3623696581196581 0.15357572115384616 0.34511378205128207 0.15573257211538463 0.33169284188034187 0.16004657451923077 0.329008547008547 0.16414483173076924 0.33361004273504274 0.16565474759615384 0.3401287393162393
1 0.15832091346153848 0.3677382478632478 0.151203125 0.400332264957265 0.14839903846153846 0.39419658119658124 0.14128094951923076 0.3915122863247863 0.1490459735576923 0.3585347222222222 0.15508563701923078 0.35623397435897436 0.15767397836538463 0.36083600427350426
1 0.1494774639423077 0.400332264957265 0.14688912259615383 0.43445993589743587 0.14279086538461538 0.4302419871794872 0.13955528846153847 0.433309829059829 0.13782992788461537 0.4356105769230769 0.13696694711538462 0.43522702991452994 0.13696694711538462 0.42909134615384614 0.13696694711538462 0.4264075854700855 0.1373984375 0.41452029914529914 0.1391240985576923 0.3930464743589744 0.14214393028846153 0.3892115384615385 0.14559495192307692 0.3915122863247863 0.14818329326923077 0.3926629273504274
2 0.14362980769230768 0.3247863247863248 0.14332932692307693 0.328525641025641 0.14753605769230768 0.33386752136752135 0.15294471153846154 0.3327991452991453 0.16256009615384615 0.3076923076923077 0.16256009615384615 0.30395299145299143 0.1583533653846154 0.29967948717948717 0.1541466346153846 0.30074786324786323
2 0.12620192307692307 0.4284188034188034 0.12530048076923078 0.43482905982905984 0.12620192307692307 0.4700854700854701 0.12770432692307693 0.4732905982905983 0.1307091346153846 0.47489316239316237 0.13792067307692307 0.4738247863247863 0.13942307692307693 0.47115384615384615 0.13942307692307693 0.4658119658119658 0.13641826923076922 0.4513888888888889 0.1349158653846154 0.4284188034188034 0.13010817307692307 0.4252136752136752
2 0.13311298076923078 0.49198717948717946 0.13221153846153846 0.49412393162393164 0.13251201923076922 0.5048076923076923 0.13912259615384615 0.5336538461538461 0.140625 0.5363247863247863 0.14423076923076922 0.5368589743589743 0.15114182692307693 0.5325854700854701 0.15204326923076922 0.5293803418803419 0.14302884615384615 0.4946581196581197
2 0.21003605769230768 0.6036324786324786 0.2088341346153846 0.6153846153846154 0.21213942307692307 0.6212606837606838 0.23046875 0.6394230769230769 0.23407451923076922 0.6399572649572649 0.2361778846153846 0.6372863247863247 0.23918269230769232 0.6266025641025641 0.23918269230769232 0.6223290598290598 0.23768028846153846 0.6169871794871795 0.23407451923076922 0.6116452991452992 0.23016826923076922 0.6095085470085471 0.2244591346153846 0.6020299145299145 0.2169471153846154 0.5977564102564102 0.2127403846153846 0.5972222222222222
2 0.23918269230769232 0.6372863247863247 0.23978365384615385 0.6442307692307693 0.2548076923076923 0.6527777777777778 0.265625 0.655982905982906 0.27103365384615385 0.6533119658119658 0.2734375 0.6351495726495726 0.27013221153846156 0.6298076923076923 0.24699519230769232 0.6223290598290598 0.24338942307692307 0.624465811965812
2 0.2731370192307692 0.6404914529914529 0.27133413461538464 0.6533119658119658 0.2725360576923077 0.6586538461538461 0.2995793269230769 0.6677350427350427 0.3034855769230769 0.6645299145299145 0.3043870192307692 0.6474358974358975 0.30078125 0.6436965811965812 0.2770432692307692 0.6346153846153846 0.27493990384615385 0.6351495726495726
2 0.30408653846153844 0.6602564102564102 0.3037860576923077 0.6677350427350427 0.30649038461538464 0.6693376068376068 0.33203125 0.6730769230769231 0.3350360576923077 0.6714743589743589 0.3359375 0.6682692307692307 0.3356370192307692 0.6533119658119658 0.33263221153846156 0.6495726495726496 0.30649038461538464 0.6469017094017094 0.30528846153846156 0.6490384615384616
2 0.33653846153846156 0.6495726495726496 0.3362379807692308 0.6682692307692307 0.33774038461538464 0.6698717948717948 0.3629807692307692 0.6639957264957265 0.3668870192307692 0.6613247863247863 0.36778846153846156 0.6581196581196581 0.3662860576923077 0.6458333333333334 0.3629807692307692 0.6420940170940171 0.3410456730769231 0.6463675213675214
2 0.3674879807692308 0.6415598290598291 0.3674879807692308 0.6517094017094017 0.36929086538461536 0.6591880341880342 0.37680288461538464 0.6586538461538461 0.3876201923076923 0.6522435897435898 0.39693509615384615 0.6501068376068376 0.39903846153846156 0.6452991452991453 0.3972355769230769 0.6292735042735043 0.3948317307692308 0.6266025641025641 0.3737980769230769 0.6330128205128205 0.36959134615384615 0.6362179487179487
2 0.4423076923076923 0.6298076923076923 0.4423076923076923 0.6404914529914529 0.44591346153846156 0.6452991452991453 0.4684495192307692 0.6372863247863247 0.4717548076923077 0.6335470085470085 0.47205528846153844 0.6303418803418803 0.47085336538461536 0.6201923076923077 0.46694711538461536 0.6159188034188035 0.4462139423076923 0.6239316239316239
2 0.47265625 0.6185897435897436 0.4729567307692308 0.6298076923076923 0.4765625 0.6330128205128205 0.49939903846153844 0.6266025641025641 0.5018028846153846 0.6228632478632479 0.5015024038461539 0.6111111111111112 0.49939903846153844 0.6073717948717948 0.4774639423076923 0.6105769230769231 0.4756610576923077 0.6116452991452992
2 0.5030048076923077 0.6057692307692307 0.5021033653846154 0.6089743589743589 0.5027043269230769 0.6228632478632479 0.5048076923076923 0.625 0.5258413461538461 0.6196581196581197 0.5288461538461539 0.6175213675213675 0.5300480769230769 0.6137820512820513 0.5300480769230769 0.6041666666666666 0.5279447115384616 0.5982905982905983 0.5102163461538461 0.6020299145299145
2 0.5309495192307693 0.5982905982905983 0.5306490384615384 0.6159188034188035 0.5318509615384616 0.6175213675213675 0.5549879807692307 0.6095085470085471 0.5579927884615384 0.6020299145299145 0.5564903846153846 0.5918803418803419 0.5540865384615384 0.5881410256410257
2 0.5769230769230769 0.5956196581196581 0.5772235576923077 0.6014957264957265 0.5922475961538461 0.6228632478632479 0.5988581730769231 0.6239316239316239 0.6030649038461539 0.6153846153846154 0.6033653846153846 0.6057692307692307 0.5853365384615384 0.5838675213675214 0.5814302884615384 0.5844017094017094
2 0.6144831730769231 0.6298076923076923 0.6141826923076923 0.6367521367521367 0.6156850961538461 0.6404914529914529 0.6216947115384616 0.6410256410256411 0.6418269230769231 0.6340811965811965 0.64453125 0.6298076923076923 0.6448317307692307 0.625534188034188 0.6421274038461539 0.6148504273504274 0.6361177884615384 0.6143162393162394 0.6201923076923077 0.6185897435897436 0.6159855769230769 0.624465811965812
2 0.64453125 0.6127136752136753 0.6448317307692307 0.6298076923076923 0.6487379807692307 0.6303418803418803 0.6661658653846154 0.6228632478632479 0.6694711538461539 0.6180555555555556 0.6709735576923077 0.6089743589743589 0.6682692307692307 0.6020299145299145 0.6637620192307693 0.6020299145299145 0.6484375 0.6079059829059829
2 0.6899038461538461 0.6127136752136753 0.6890024038461539 0.6169871794871795 0.6923076923076923 0.6233974358974359 0.6959134615384616 0.624465811965812 0.7028245192307693 0.6201923076923077 0.71484375 0.6025641025641025 0.7133413461538461 0.5902777777777778 0.7097355769230769 0.5892094017094017 0.703125 0.593482905982906 0.6926081730769231 0.6052350427350427
2 0.7145432692307693 0.5854700854700855 0.71484375 0.6009615384615384 0.7172475961538461 0.6036324786324786 0.7370793269230769 0.5918803418803419 0.73828125 0.5886752136752137 0.73828125 0.5774572649572649 0.7370793269230769 0.5747863247863247 0.7331730769230769 0.5742521367521367
2 0.7403846153846154 0.5710470085470085 0.7385817307692307 0.5742521367521367 0.7385817307692307 0.5881410256410257 0.7409855769230769 0.5908119658119658 0.7629206730769231 0.5902777777777778 0.7647235576923077 0.5876068376068376 0.7662259615384616 0.5779914529914529 0.7659254807692307 0.5742521367521367 0.7626201923076923 0.5710470085470085 0.7448918269230769 0.5694444444444444
2 0.7653245192307693 0.5849358974358975 0.7650240384615384 0.5886752136752137 0.7671274038461539 0.5918803418803419 0.7896634615384616 0.6052350427350427 0.7926682692307693 0.6030982905982906 0.7959735576923077 0.5924145299145299 0.7953725961538461 0.5886752136752137 0.7917668269230769 0.5833333333333334 0.7743389423076923 0.5731837606837606 0.7689302884615384 0.5747863247863247
2 0.7986778846153846 0.5918803418803419 0.7950721153846154 0.6052350427350427 0.7953725961538461 0.6089743589743589 0.7977764423076923 0.6121794871794872 0.8173076923076923 0.6271367521367521 0.8212139423076923 0.625 0.8251201923076923 0.6191239316239316 0.8260216346153846 0.6127136752136753 0.82421875 0.6089743589743589 0.8073918269230769 0.594551282051282
2 0.82421875 0.6196581196581197 0.8188100961538461 0.6266025641025641 0.8245192307692307 0.6362179487179487 0.8419471153846154 0.6549145299145299 0.8452524038461539 0.655982905982906 0.8500600961538461 0.6506410256410257 0.8512620192307693 0.6399572649572649 0.8485576923076923 0.6335470085470085 0.8335336538461539 0.6185897435897436
2 0.16118719951923077 0.5797451923076923 0.18020282451923078 0.6078632478632479 0.18926622596153847 0.6005966880341881 0.18819981971153846 0.5911185897435898 0.1841123798076923 0.5835363247863249 0.1695399639423077 0.5620523504273505 0.16438611778846154 0.5623685897435897 0.16207602163461537 0.5671073717948718 0.1604765625 0.576269764957265
2 0.15905468749999999 0.571846688034188 0.14412680288461538 0.5494150641025641 0.14377133413461538 0.5364615384615384 0.14803635817307692 0.5317227564102565 0.15212379807692306 0.5314065170940171 0.15514513221153844 0.5396212606837607 0.16776262019230767 0.5585774572649572 0.16811808894230768 0.5611047008547008 0.16509705528846153 0.5623685897435897 0.16296454326923077 0.5636324786324786 0.16189813701923078 0.5677393162393163 0.1608317307692308 0.573110576923077 0.15941015625000002 0.5727943376068376
2 0.1238671875 0.4214604700854701 0.12884314903846156 0.39081463675213673 0.13612950721153846 0.3914465811965812 0.13701802884615383 0.39492147435897434 0.13755138221153845 0.39902884615384615 0.13755138221153845 0.40724305555555557 0.13612950721153846 0.4205128205128205 0.13559645432692308 0.42651549145299145 0.1341745793269231 0.42777938034188034 0.1325751201923077 0.42619978632478633 0.12902103365384615 0.42746314102564104 0.12742157451923078 0.42967467948717947 0.12635516826923077 0.4334663461538461 0.12617758413461538 0.4353616452991453 0.12404477163461539 0.43504594017094017 0.12351171875000001 0.4246196581196581
2 0.12884314903846156 0.3904983974358974 0.13488551682692307 0.3598525641025641 0.1414609375 0.3589049145299145 0.14412680288461538 0.3601688034188034 0.14448197115384614 0.36585523504273504 0.14483743990384615 0.3705945512820513 0.14163882211538462 0.38544337606837603 0.13897295673076923 0.39586965811965813 0.13737349759615383 0.3927099358974359 0.13595192307692308 0.3904983974358974 0.1311535456730769 0.3911303418803419
2 0.1341745793269231 0.36238034188034185 0.1412833533653846 0.3282590811965812 0.14448197115384614 0.3279428418803419 0.14572626201923075 0.3276271367521367 0.14697025240384615 0.3285747863247863 0.14839182692307692 0.3314182692307692 0.14981370192307691 0.33457745726495725 0.1499912860576923 0.33994871794871795 0.14874729567307693 0.3472152777777778 0.14785877403846154 0.3544818376068376 0.14679236778846153 0.36080074786324784 0.14554837740384616 0.36459188034188034 0.14483743990384615 0.36048450854700853 0.14359344951923078 0.359536858974359 0.13986147836538462 0.359536858974359 0.13826201923076925 0.359536858974359 0.13541856971153846 0.36238034188034185 0.1336415264423077 0.36459188034188034