1 0.33353365384615385 0.27350427350427353 0.3332331730769231 0.27564102564102566 0.3359375 0.2799145299145299 0.33533653846153844 0.2857905982905983 0.3386418269230769 0.2857905982905983 0.34224759615384615 0.28365384615384615 0.3485576923076923 0.27564102564102566 0.3515625 0.265491452991453 0.34975961538461536 0.26014957264957267 0.34525240384615385 0.25801282051282054 0.3386418269230769 0.2644230769230769
1 0.3134014423076923 0.28044871794871795 0.31400240384615385 0.2954059829059829 0.33143028846153844 0.2905982905982906 0.33653846153846156 0.2857905982905983 0.3362379807692308 0.281517094017094 0.33203125 0.27350427350427353 0.3206129807692308 0.27510683760683763
1 0.29116586538461536 0.2825854700854701 0.2899639423076923 0.2932692307692308 0.2920673076923077 0.296474358974359 0.31069711538461536 0.297008547008547 0.3128004807692308 0.2938034188034188 0.3125 0.2825854700854701 0.31039663461538464 0.2799145299145299 0.29867788461538464 0.2793803418803419
1 0.26893028846153844 0.2793803418803419 0.26802884615384615 0.2863247863247863 0.26953125 0.29113247863247865 0.28756009615384615 0.2954059829059829 0.2917668269230769 0.2932692307692308 0.29086538461538464 0.28205128205128205 0.2893629807692308 0.27884615384615385 0.27193509615384615 0.27510683760683763
1 0.23978365384615385 0.297008547008547 0.23858173076923078 0.3002136752136752 0.23888221153846154 0.3071581196581197 0.24489182692307693 0.31143162393162394 0.25631009615384615 0.3002136752136752 0.2587139423076923 0.296474358974359 0.2590144230769231 0.29113247863247865 0.2569110576923077 0.28525641025641024 0.25450721153846156 0.28365384615384615 0.2478966346153846 0.28739316239316237
1 0.21514423076923078 0.3301282051282051 0.21514423076923078 0.3317307692307692 0.2205528846153846 0.33547008547008544 0.22385817307692307 0.33547008547008544 0.23167067307692307 0.328525641025641 0.23467548076923078 0.32051282051282054 0.23137019230769232 0.31196581196581197 0.22686298076923078 0.3125 0.22415865384615385 0.3141025641025641
1 0.17337740384615385 0.42788461538461536 0.17307692307692307 0.4423076923076923 0.17518028846153846 0.44497863247863245 0.1814903846153846 0.44337606837606836 0.18329326923076922 0.4375 0.18509615384615385 0.4113247863247863 0.17878605769230768 0.40705128205128205 0.1778846153846154 0.4081196581196581 0.17548076923076922 0.41452991452991456
1 0.18449519230769232 0.43963675213675213 0.18359375 0.45405982905982906 0.1853966346153846 0.4577991452991453 0.2052283653846154 0.45886752136752135 0.20973557692307693 0.4561965811965812 0.2088341346153846 0.4444444444444444 0.20703125 0.4407051282051282 0.19050480769230768 0.43856837606837606
1 0.21033653846153846 0.4391025641025641 0.21063701923076922 0.452991452991453 0.21334134615384615 0.4561965811965812 0.23377403846153846 0.45245726495726496 0.2364783653846154 0.44925213675213677 0.2361778846153846 0.4375 0.234375 0.4342948717948718 0.21334134615384615 0.43643162393162394
1 0.23677884615384615 0.43536324786324787 0.23677884615384615 0.45032051282051283 0.23768028846153846 0.45245726495726496 0.2575120192307692 0.44871794871794873 0.26231971153846156 0.44551282051282054 0.2614182692307692 0.4321581196581197 0.25931490384615385 0.43002136752136755 0.24308894230769232 0.4321581196581197
1 0.26231971153846156 0.4358974358974359 0.2620192307692308 0.44604700854700857 0.26502403846153844 0.4481837606837607 0.28335336538461536 0.44604700854700857 0.2878605769230769 0.4423076923076923 0.28695913461538464 0.42895299145299143 0.28275240384615385 0.4268162393162393 0.2653245192307692 0.43002136752136755 0.2626201923076923 0.4326923076923077
1 0.2902644230769231 0.42788461538461536 0.2902644230769231 0.4412393162393162 0.2920673076923077 0.4439102564102564 0.31189903846153844 0.4428418803418803 0.31460336538461536 0.43963675213675213 0.31460336538461536 0.42735042735042733 0.31099759615384615 0.4230769230769231 0.29537259615384615 0.4252136752136752
1 0.33143028846153844 0.42628205128205127 0.33022836538461536 0.4284188034188034 0.33022836538461536 0.4358974358974359 0.3317307692307692 0.44017094017094016 0.3464543269230769 0.44711538461538464 0.3488581730769231 0.44711538461538464 0.35006009615384615 0.44497863247863245 0.3518629807692308 0.43696581196581197 0.3515625 0.4321581196581197 0.34194711538461536 0.42628205128205127
1 0.3515625 0.44337606837606836 0.35216346153846156 0.44925213675213677 0.3629807692307692 0.4567307692307692 0.36959134615384615 0.4599358974358974 0.37319711538461536 0.4599358974358974 0.3746995192307692 0.4567307692307692 0.3753004807692308 0.44551282051282054 0.3740985576923077 0.4423076923076923 0.37109375 0.44017094017094016 0.35396634615384615 0.43322649572649574 0.3527644230769231 0.43482905982905984
1 0.375 0.4519230769230769 0.37439903846153844 0.4599358974358974 0.3933293269230769 0.46955128205128205 0.3975360576923077 0.469017094017094 0.4014423076923077 0.4577991452991453 0.40054086538461536 0.4545940170940171 0.3972355769230769 0.4513888888888889 0.3837139423076923 0.4444444444444444 0.3780048076923077 0.4444444444444444 0.3762019230769231 0.4465811965811966
1 0.42337740384615385 0.46794871794871795 0.4227764423076923 0.4700854700854701 0.42397836538461536 0.4716880341880342 0.43599759615384615 0.4754273504273504 0.4441105769230769 0.48023504273504275 0.44591346153846156 0.48344017094017094 0.44771634615384615 0.47489316239316237 0.44681490384615385 0.4700854700854701 0.43900240384615385 0.4658119658119658 0.4269831730769231 0.46474358974358976
1 0.4489182692307692 0.4738247863247863 0.4495192307692308 0.4855769230769231 0.45492788461538464 0.4807692307692308 0.4678485576923077 0.48023504273504275 0.47025240384615385 0.48183760683760685 0.4717548076923077 0.4797008547008547 0.47265625 0.4738247863247863 0.47025240384615385 0.4716880341880342 0.4567307692307692 0.469017094017094 0.4528245192307692 0.469017094017094
1 0.47415865384615385 0.4738247863247863 0.47325721153846156 0.4780982905982906 0.47475961538461536 0.4829059829059829 0.49669471153846156 0.4823717948717949 0.49789663461538464 0.4807692307692308 0.49789663461538464 0.4732905982905983 0.49549278846153844 0.4716880341880342
1 0.49939903846153844 0.4706196581196581 0.4990985576923077 0.4807692307692308 0.5012019230769231 0.483974358974359 0.5201322115384616 0.4775641025641026 0.5219350961538461 0.4738247863247863 0.5189302884615384 0.4642094017094017 0.5030048076923077 0.46794871794871795
1 0.18749759615384615 0.4123263888888889 0.19454236778846154 0.3887238247863248 0.1929167668269231 0.37764476495726496 0.18641376201923077 0.37668108974358977 0.1793692908653846 0.3978755341880342 0.1788272235576923 0.40702777777777777 0.18397536057692307 0.41088141025641023 0.18560096153846153 0.4161800213675214
1 0.19643900240384615 0.3867970085470085 0.20808984375 0.3660844017094017 0.20646424278846157 0.3550053418803419 0.20104537259615382 0.35404166666666664 0.18966526442307693 0.3723461538461539 0.18776862980769232 0.37668108974358977 0.19237469951923075 0.3761997863247863
1 0.2086319110576923 0.3656025641025641 0.2210955528846154 0.3424813034188034 0.21974068509615385 0.3338108974358974 0.2129669471153846 0.3318840811965812 0.20104537259615382 0.35259668803418803 0.2056514423076923 0.35452350427350426
4 0.2800480769230769 0.24572649572649571 0.2800480769230769 0.25427350427350426 0.2821514423076923 0.25801282051282054 0.29867788461538464 0.2590811965811966 0.3010817307692308 0.2564102564102564 0.3004807692307692 0.24519230769230768 0.2977764423076923 0.24252136752136752 0.28515625 0.24145299145299146 0.28185096153846156 0.24252136752136752
4 0.3016826923076923 0.2467948717948718 0.30138221153846156 0.25587606837606836 0.30288461538461536 0.2590811965811966 0.3206129807692308 0.2606837606837607 0.32241586538461536 0.25854700854700857 0.3230168269230769 0.24786324786324787 0.3203125 0.24465811965811965 0.3043870192307692 0.24358974358974358
4 0.3245192307692308 0.2516025641025641 0.32421875 0.2590811965811966 0.3278245192307692 0.26335470085470086 0.3371394230769231 0.26282051282051283 0.34585336538461536 0.2553418803418803 0.34555288461538464 0.2516025641025641 0.34194711538461536 0.24786324786324787 0.33143028846153844 0.24572649572649571 0.32602163461538464 0.2467948717948718
4 0.3584735576923077 0.25267094017094016 0.3581730769230769 0.26282051282051283 0.3602764423076923 0.265491452991453 0.3740985576923077 0.26175213675213677 0.37890625 0.25854700854700857 0.3777043269230769 0.24786324786324787 0.3746995192307692 0.24572649572649571 0.3620793269230769 0.2483974358974359
4 0.3816105769230769 0.24732905982905984 0.3816105769230769 0.25801282051282054 0.3831129807692308 0.26014957264957267 0.40024038461538464 0.26014957264957267 0.4020432692307692 0.25801282051282054 0.40174278846153844 0.2467948717948718 0.40024038461538464 0.24412393162393162 0.38341346153846156 0.24358974358974358
4 0.40294471153846156 0.24786324786324787 0.4026442307692308 0.25854700854700857 0.40474759615384615 0.26014957264957267 0.41856971153846156 0.2622863247863248 0.421875 0.26175213675213677 0.4227764423076923 0.25854700854700857 0.42337740384615385 0.24786324786324787 0.421875 0.24572649572649571 0.4071514423076923 0.24358974358974358 0.40414663461538464 0.24465811965811965
4 0.4245793269230769 0.25267094017094016 0.42427884615384615 0.26175213675213677 0.42518028846153844 0.26282051282051283 0.43900240384615385 0.2676282051282051 0.4444110576923077 0.266025641025641 0.4450120192307692 0.25587606837606836 0.4426081730769231 0.2516025641025641 0.4284855769230769 0.24626068376068377 0.42638221153846156 0.24786324786324787
4 0.4462139423076923 0.25747863247863245 0.4456129807692308 0.265491452991453 0.44741586538461536 0.2686965811965812 0.4600360576923077 0.2767094017094017 0.46334134615384615 0.27564102564102566 0.46484375 0.26495726495726496 0.46304086538461536 0.26014957264957267 0.45072115384615385 0.25267094017094016 0.44711538461538464 0.25427350427350426
4 0.46484375 0.26655982905982906 0.46424278846153844 0.2761752136752137 0.4657451923076923 0.2793803418803419 0.4768629807692308 0.28739316239316237 0.4807692307692308 0.28685897435897434 0.48287259615384615 0.28365384615384615 0.48377403846153844 0.27884615384615385 0.4813701923076923 0.27136752136752135 0.47055288461538464 0.2638888888888889 0.46634615384615385 0.26335470085470086
4 0.49609375 0.2900641025641026 0.4957932692307692 0.296474358974359 0.49759615384615385 0.2986111111111111 0.5111177884615384 0.30235042735042733 0.515625 0.30235042735042733 0.5171274038461539 0.29967948717948717 0.5174278846153846 0.29113247863247865 0.5147235576923077 0.28525641025641024 0.5006009615384616 0.2825854700854701 0.49759615384615385 0.2847222222222222
4 0.5210336538461539 0.2948717948717949 0.5201322115384616 0.3018162393162393 0.5213341346153846 0.30502136752136755 0.5330528846153846 0.3108974358974359 0.5372596153846154 0.3108974358974359 0.5417668269230769 0.3002136752136752 0.5381610576923077 0.29433760683760685 0.5258413461538461 0.28952991452991456 0.5225360576923077 0.29113247863247865
4 0.5405649038461539 0.30288461538461536 0.5390625 0.30662393162393164 0.5405649038461539 0.3141025641025641 0.5459735576923077 0.3178418803418803 0.5582932692307693 0.32051282051282054 0.5597956730769231 0.3108974358974359 0.5588942307692307 0.3071581196581197 0.546875 0.3002136752136752 0.54296875 0.3002136752136752
4 0.5600961538461539 0.31356837606837606 0.5591947115384616 0.32104700854700857 0.5628004807692307 0.32425213675213677 0.5748197115384616 0.3295940170940171 0.578125 0.3301282051282051 0.5796274038461539 0.327991452991453 0.5805288461538461 0.3173076923076923 0.5784254807692307 0.3141025641025641 0.5646033653846154 0.3087606837606838 0.5615985576923077 0.30982905982905984
4 0.5805288461538461 0.3231837606837607 0.5802283653846154 0.32745726495726496 0.5814302884615384 0.3301282051282051 0.5889423076923077 0.3349358974358974 0.5988581730769231 0.3370726495726496 0.6003605769230769 0.3333333333333333 0.6000600961538461 0.32425213675213677 0.5877403846153846 0.3162393162393162 0.5844350961538461 0.31517094017094016 0.58203125 0.31677350427350426
4 0.6018629807692307 0.3317307692307692 0.6015625 0.33814102564102566 0.60546875 0.3418803418803419 0.6195913461538461 0.3472222222222222 0.6228966346153846 0.34294871794871795 0.6231971153846154 0.33226495726495725 0.6198918269230769 0.328525641025641 0.6051682692307693 0.32425213675213677
4 0.6403245192307693 0.34455128205128205 0.6379206730769231 0.3488247863247863 0.6394230769230769 0.35683760683760685 0.6550480769230769 0.3659188034188034 0.6604567307692307 0.3659188034188034 0.6604567307692307 0.35202991452991456 0.6586538461538461 0.34935897435897434 0.6484375 0.34294871794871795
4 0.6616586538461539 0.358974358974359 0.6613581730769231 0.3659188034188034 0.6676682692307693 0.3701923076923077 0.6808894230769231 0.37446581196581197 0.6826923076923077 0.3733974358974359 0.6838942307692307 0.3696581196581197 0.6841947115384616 0.36324786324786323 0.6811899038461539 0.35844017094017094 0.6640625 0.3530982905982906
4 0.7241586538461539 0.327991452991453 0.7232572115384616 0.3311965811965812 0.7244591346153846 0.3344017094017094 0.7244591346153846 0.3402777777777778 0.7286658653846154 0.34134615384615385 0.7430889423076923 0.33600427350427353 0.7451923076923077 0.3301282051282051 0.7451923076923077 0.32425213675213677 0.7427884615384616 0.32104700854700857 0.7388822115384616 0.32104700854700857 0.7274639423076923 0.32425213675213677
4 0.7512019230769231 0.3349358974358974 0.7518028846153846 0.34294871794871795 0.7662259615384616 0.35523504273504275 0.7689302884615384 0.3563034188034188 0.7731370192307693 0.34615384615384615 0.7728365384615384 0.34134615384615385 0.7707331730769231 0.33814102564102566 0.7581129807692307 0.328525641025641 0.7542067307692307 0.327991452991453
4 0.7707331730769231 0.3525641025641026 0.7692307692307693 0.3557692307692308 0.7701322115384616 0.358974358974359 0.7782451923076923 0.36752136752136755 0.7863581730769231 0.37446581196581197 0.7905649038461539 0.375 0.7926682692307693 0.37286324786324787 0.7935697115384616 0.3680555555555556 0.7926682692307693 0.36217948717948717 0.7866586538461539 0.3547008547008547 0.7764423076923077 0.3472222222222222 0.7731370192307693 0.3482905982905983
4 0.7000652043269231 0.3715037393162393 0.7115754206730769 0.35649839743589745 0.7113194110576924 0.3492227564102564 0.7062040264423076 0.3442206196581196 0.6941823918269231 0.35786217948717947 0.6921361177884615 0.36695673076923074
4 0.7120868389423076 0.3546794871794872 0.724619891826923 0.34194711538461536 0.7238527644230769 0.3328530982905983 0.7210390624999999 0.33103418803418805 0.7067154447115385 0.3414925213675214 0.7067154447115385 0.34467574786324784 0.7113194110576924 0.34967735042735043
2 0.2049278846153846 0.3269230769230769 0.20552884615384615 0.3301282051282051 0.21003605769230768 0.3344017094017094 0.22145432692307693 0.3178418803418803 0.22295673076923078 0.31356837606837606 0.2208533653846154 0.3092948717948718 0.2166466346153846 0.3092948717948718 0.20763221153846154 0.32104700854700857
2 0.1640625 0.4284188034188034 0.16376201923076922 0.43856837606837606 0.16496394230769232 0.4407051282051282 0.16826923076923078 0.4428418803418803 0.17217548076923078 0.4407051282051282 0.17518028846153846 0.422008547008547 0.17608173076923078 0.4075854700854701 0.16856971153846154 0.3995726495726496 0.1661658653846154 0.4097222222222222
2 0.16015625 0.4561965811965812 0.15955528846153846 0.484508547008547 0.16045673076923078 0.4909188034188034 0.16105769230769232 0.49252136752136755 0.16826923076923078 0.49145299145299143 0.16947115384615385 0.4807692307692308 0.16947115384615385 0.46100427350427353 0.16466346153846154 0.4519230769230769 0.16135817307692307 0.452991452991453
2 0.19831730769230768 0.5571581196581197 0.1974158653846154 0.5678418803418803 0.203125 0.5811965811965812 0.21033653846153846 0.5913461538461539 0.21364182692307693 0.592948717948718 0.21754807692307693 0.5897435897435898 0.21875 0.5849358974358975 0.21814903846153846 0.5769230769230769 0.21003605769230768 0.5608974358974359 0.20342548076923078 0.5534188034188035 0.20012019230769232 0.5539529914529915
2 0.21905048076923078 0.5849358974358975 0.2169471153846154 0.594551282051282 0.21724759615384615 0.5982905982905983 0.21905048076923078 0.6009615384615384 0.23467548076923078 0.6137820512820513 0.23768028846153846 0.6143162393162394 0.23978365384615385 0.6100427350427351 0.24188701923076922 0.5977564102564102 0.23828125 0.5913461538461539 0.22385817307692307 0.5806623931623932 0.2208533653846154 0.5817307692307693
2 0.24188701923076922 0.5988247863247863 0.23948317307692307 0.6121794871794872 0.23948317307692307 0.6153846153846154 0.24158653846153846 0.6196581196581197 0.2581129807692308 0.6319444444444444 0.2626201923076923 0.6319444444444444 0.2653245192307692 0.6159188034188035 0.25991586538461536 0.6089743589743589 0.24759615384615385 0.5988247863247863 0.24519230769230768 0.5972222222222222
2 0.2644230769230769 0.6196581196581197 0.26352163461538464 0.6228632478632479 0.26382211538461536 0.6330128205128205 0.265625 0.6356837606837606 0.2848557692307692 0.6452991452991453 0.29086538461538464 0.6436965811965812 0.2902644230769231 0.6266025641025641 0.26893028846153844 0.6159188034188035 0.265625 0.6169871794871795
2 0.29146634615384615 0.6266025641025641 0.29116586538461536 0.6394230769230769 0.29296875 0.6447649572649573 0.3088942307692308 0.6474358974358975 0.31820913461538464 0.6474358974358975 0.3203125 0.6447649572649573 0.3203125 0.6324786324786325 0.31850961538461536 0.6271367521367521 0.2971754807692308 0.624465811965812
2 0.32241586538461536 0.6266025641025641 0.32211538461538464 0.6410256410256411 0.3239182692307692 0.6447649572649573 0.3467548076923077 0.6442307692307693 0.34945913461538464 0.6431623931623932 0.3518629807692308 0.6378205128205128 0.35006009615384615 0.625534188034188 0.34525240384615385 0.6212606837606838 0.3278245192307692 0.6212606837606838 0.3239182692307692 0.6233974358974359
2 0.3918269230769231 0.6372863247863247 0.3915264423076923 0.6485042735042735 0.3936298076923077 0.6538461538461539 0.4149639423076923 0.6538461538461539 0.41947115384615385 0.6511752136752137 0.4191706730769231 0.6356837606837606 0.4176682692307692 0.6330128205128205 0.39603365384615385 0.6330128205128205
2 0.42247596153846156 0.6335470085470085 0.4221754807692308 0.6506410256410257 0.42367788461538464 0.6522435897435898 0.4489182692307692 0.6533119658119658 0.45072115384615385 0.6506410256410257 0.4501201923076923 0.6367521367521367 0.44741586538461536 0.6330128205128205 0.4245793269230769 0.6314102564102564
2 0.45162259615384615 0.6362179487179487 0.45132211538461536 0.6511752136752137 0.4528245192307692 0.6538461538461539 0.4774639423076923 0.6549145299145299 0.4792668269230769 0.6511752136752137 0.4792668269230769 0.6383547008547008 0.4774639423076923 0.6346153846153846 0.45492788461538464 0.6330128205128205
2 0.4813701923076923 0.6372863247863247 0.47986778846153844 0.6506410256410257 0.4813701923076923 0.6549145299145299 0.5057091346153846 0.6543803418803419 0.5090144230769231 0.6506410256410257 0.5075120192307693 0.6367521367521367 0.5054086538461539 0.6335470085470085 0.48617788461538464 0.6340811965811965
2 0.5291466346153846 0.6474358974358975 0.5294471153846154 0.6549145299145299 0.5426682692307693 0.6800213675213675 0.5471754807692307 0.6800213675213675 0.5501802884615384 0.6768162393162394 0.5501802884615384 0.6623931623931624 0.5363581730769231 0.6362179487179487 0.5324519230769231 0.6383547008547008
2 0.5597956730769231 0.6901709401709402 0.5594951923076923 0.6992521367521367 0.5631009615384616 0.7019230769230769 0.5865384615384616 0.7035256410256411 0.5886418269230769 0.7013888888888888 0.5895432692307693 0.6971153846153846 0.5892427884615384 0.6891025641025641 0.5850360576923077 0.6810897435897436 0.5637019230769231 0.6805555555555556 0.5618990384615384 0.6826923076923077
2 0.5907451923076923 0.6917735042735043 0.5904447115384616 0.6992521367521367 0.5919471153846154 0.7008547008547008 0.6165865384615384 0.7003205128205128 0.6198918269230769 0.6949786324786325 0.6204927884615384 0.6816239316239316 0.6126802884615384 0.6778846153846154 0.5955528846153846 0.6794871794871795 0.5928485576923077 0.6821581196581197
2 0.6427283653846154 0.6960470085470085 0.6418269230769231 0.7029914529914529 0.6430288461538461 0.7083333333333334 0.6466346153846154 0.7115384615384616 0.6511418269230769 0.7110042735042735 0.6688701923076923 0.6997863247863247 0.6703725961538461 0.6960470085470085 0.6703725961538461 0.6821581196581197 0.6646634615384616 0.6805555555555556 0.6475360576923077 0.6885683760683761
2 0.6715745192307693 0.6842948717948718 0.6715745192307693 0.6949786324786325 0.6742788461538461 0.6987179487179487 0.6965144230769231 0.6960470085470085 0.7001201923076923 0.6923076923076923 0.7010216346153846 0.6784188034188035 0.6971153846153846 0.6746794871794872 0.6781850961538461 0.6762820512820513 0.6736778846153846 0.6784188034188035
2 0.7013221153846154 0.6853632478632479 0.7010216346153846 0.6928418803418803 0.7022235576923077 0.6944444444444444 0.7271634615384616 0.7024572649572649 0.7298677884615384 0.6997863247863247 0.7313701923076923 0.6912393162393162 0.7310697115384616 0.6853632478632479 0.7283653846153846 0.6810897435897436 0.7088341346153846 0.6746794871794872 0.7043269230769231 0.6757478632478633
2 0.7325721153846154 0.6949786324786325 0.7319711538461539 0.7029914529914529 0.7337740384615384 0.7061965811965812 0.7548076923076923 0.7259615384615384 0.7584134615384616 0.7270299145299145 0.7602163461538461 0.7238247863247863 0.7623197115384616 0.7136752136752137 0.7623197115384616 0.7094017094017094 0.7605168269230769 0.7051282051282052 0.7412860576923077 0.6875 0.7349759615384616 0.6885683760683761
2 0.7623197115384616 0.7238247863247863 0.7611177884615384 0.7302350427350427 0.7623197115384616 0.7329059829059829 0.7821514423076923 0.7580128205128205 0.7863581730769231 0.7590811965811965 0.7902644230769231 0.7462606837606838 0.7908653846153846 0.7382478632478633 0.7899639423076923 0.7355769230769231 0.7839543269230769 0.7318376068376068 0.7725360576923077 0.7168803418803419 0.76953125 0.7152777777777778 0.7647235576923077 0.7174145299145299
2 0.7866586538461539 0.7596153846153846 0.7863581730769231 0.7617521367521367 0.7890625 0.7686965811965812 0.8058894230769231 0.7938034188034188 0.8106971153846154 0.7943376068376068 0.8149038461538461 0.7895299145299145 0.81640625 0.7836538461538461 0.8152043269230769 0.7729700854700855 0.8049879807692307 0.7558760683760684 0.796875 0.7457264957264957 0.7914663461538461 0.7467948717948718
2 0.1782100360576923 0.5549465811965811 0.18516826923076923 0.5508231837606838 0.1832352764423077 0.5363910256410257 0.17453756009615384 0.511306623931624 0.16719260817307693 0.5161175213675214 0.16719260817307693 0.5288311965811966
2 0.16583954326923075 0.5195534188034189 0.16120072115384615 0.503403311965812 0.1608143028846154 0.49137660256410254 0.16564633413461538 0.48897115384615386 0.17511748798076926 0.5133685897435897
2 0.19734525240384615 0.35839583333333336 0.20797596153846154 0.3398402777777778 0.20604326923076924 0.3302190170940171 0.19985787259615384 0.3295315170940171 0.19116015625000002 0.34808707264957267 0.1907734375 0.35083600427350425
2 0.1865213341346154 0.3762638888888889 0.19637890624999998 0.3594268162393162 0.19579897836538462 0.353241452991453 0.19019381009615385 0.35083600427350425 0.17975631009615387 0.36973504273504276 0.17917638221153845 0.3742024572649572
2 0.17627704326923077 0.40684615384615386 0.18516826923076923 0.3817617521367521 0.18439513221153847 0.37317147435897435 0.18033623798076923 0.37317147435897435 0.1683524639423077 0.39481944444444445 0.1683524639423077 0.4034097222222222 0.17337770432692307 0.4023792735042735
3 0.36959134615384615 0.6175213675213675 0.36868990384615385 0.6233974358974359 0.3698918269230769 0.6271367521367521 0.37650240384615385 0.6282051282051282 0.3786057692307692 0.6260683760683761 0.38521634615384615 0.6014957264957265 0.38611778846153844 0.593482905982906 0.38521634615384615 0.5860042735042735 0.37650240384615385 0.5886752136752137 0.3762019230769231 0.5956196581196581
3 0.37650240384615385 0.5769230769230769 0.37650240384615385 0.5881410256410257 0.3840144230769231 0.5854700854700855 0.3870192307692308 0.5811965811965812 0.3918269230769231 0.5603632478632479 0.38852163461538464 0.5512820512820513 0.3864182692307692 0.5502136752136753 0.38341346153846156 0.5523504273504274
3 0.4206730769230769 0.4813034188034188 0.42007211538461536 0.48824786324786323 0.42728365384615385 0.49572649572649574 0.44320913461538464 0.4983974358974359 0.4450120192307692 0.4946581196581197 0.4453125 0.48717948717948717 0.4426081730769231 0.4797008547008547 0.4299879807692308 0.4754273504273504 0.4248798076923077 0.4716880341880342 0.4215745192307692 0.47649572649572647
3 0.44921875 0.48023504273504275 0.4483173076923077 0.49198717948717946 0.44921875 0.49786324786324787 0.45072115384615385 0.49946581196581197 0.4714543269230769 0.500534188034188 0.4729567307692308 0.4983974358974359 0.4723557692307692 0.4861111111111111 0.47055288461538464 0.48023504273504275 0.453125 0.47863247863247865 0.4495192307692308 0.47863247863247865
3 0.47445913461538464 0.483974358974359 0.47415865384615385 0.4983974358974359 0.4756610576923077 0.5010683760683761 0.49819711538461536 0.5016025641025641 0.49939903846153844 0.49946581196581197 0.49939903846153844 0.4877136752136752 0.49789663461538464 0.4823717948717949 0.48257211538461536 0.4813034188034188
3 0.5006009615384616 0.48717948717948717 0.5003004807692307 0.4967948717948718 0.5021033653846154 0.5016025641025641 0.5231370192307693 0.49732905982905984 0.5255408653846154 0.49252136752136755 0.5228365384615384 0.47863247863247865 0.5102163461538461 0.48023504273504275
3 0.5174278846153846 0.44017094017094016 0.5168269230769231 0.4513888888888889 0.5219350961538461 0.4732905982905983 0.5249399038461539 0.47596153846153844 0.5297475961538461 0.47435897435897434 0.5306490384615384 0.469017094017094 0.5258413461538461 0.4407051282051282 0.5228365384615384 0.43856837606837606
3 0.5276442307692307 0.43162393162393164 0.5276442307692307 0.4428418803418803 0.5318509615384616 0.44604700854700857 0.5477764423076923 0.4391025641025641 0.5510817307692307 0.4342948717948718 0.5504807692307693 0.42735042735042733 0.5483774038461539 0.421474358974359 0.5360576923076923 0.42414529914529914 0.5300480769230769 0.42788461538461536
3 0.5510817307692307 0.4182692307692308 0.5492788461538461 0.422008547008547 0.5531850961538461 0.4321581196581197 0.5676081730769231 0.4284188034188034 0.5706129807692307 0.4252136752136752 0.5715144230769231 0.4188034188034188 0.5706129807692307 0.41346153846153844 0.5688100961538461 0.4113247863247863
3 0.5724158653846154 0.41399572649572647 0.5724158653846154 0.4252136752136752 0.5880408653846154 0.43162393162393164 0.5922475961538461 0.43162393162393164 0.5943509615384616 0.42895299145299143 0.5949519230769231 0.4172008547008547 0.5922475961538461 0.4129273504273504 0.5778245192307693 0.4075854700854701 0.5739182692307693 0.4091880341880342
3 0.5955528846153846 0.41933760683760685 0.5955528846153846 0.4321581196581197 0.6141826923076923 0.44017094017094016 0.6168870192307693 0.43963675213675213 0.6180889423076923 0.4358974358974359 0.6189903846153846 0.42788461538461536 0.6165865384615384 0.42254273504273504 0.5988581730769231 0.4155982905982906 0.5964543269230769 0.4166666666666667
3 0.3970069110576923 0.540752670940171 0.4043419471153846 0.5122275641025641 0.4027373798076923 0.5020400641025641 0.3970069110576923 0.5012248931623932 0.3901304086538462 0.5277126068376069 0.388984375 0.5387147435897436
3 0.40548798076923076 0.5036698717948718 0.40892638221153843 0.48288728632478634 0.4080093149038462 0.4702548076923077 0.4022788461538462 0.4710699786324786 0.3958608774038461 0.5004102564102564 0.3981529447115385 0.5012248931623932 0.4031959134615385 0.5020400641025641
0 0.5363581730769231 0.48183760683760685 0.5360576923076923 0.4909188034188034 0.5399639423076923 0.4946581196581197 0.5498798076923077 0.4962606837606838 0.5606971153846154 0.4946581196581197 0.5612980769230769 0.4829059829059829 0.5576923076923077 0.47863247863247865 0.5402644230769231 0.4754273504273504
0 0.5618990384615384 0.48504273504273504 0.5615985576923077 0.4946581196581197 0.5640024038461539 0.49786324786324787 0.5817307692307693 0.5021367521367521 0.5856370192307693 0.5021367521367521 0.5877403846153846 0.49786324786324787 0.5871394230769231 0.4877136752136752 0.5826322115384616 0.48344017094017094 0.5634014423076923 0.48023504273504275
0 0.53125 0.6196581196581197 0.5306490384615384 0.6228632478632479 0.5318509615384616 0.6282051282051282 0.5357572115384616 0.6319444444444444 0.5390625 0.6308760683760684 0.5492788461538461 0.6164529914529915 0.5537860576923077 0.6057692307692307 0.5501802884615384 0.5950854700854701 0.546875 0.5950854700854701 0.5357572115384616 0.6095085470085471
0 0.5501802884615384 0.5908119658119658 0.5501802884615384 0.5950854700854701 0.5537860576923077 0.6025641025641025 0.5570913461538461 0.6041666666666666 0.5697115384615384 0.5881410256410257 0.5727163461538461 0.5779914529914529 0.5721153846153846 0.5731837606837606 0.5691105769230769 0.5689102564102564 0.5646033653846154 0.5699786324786325
0 0.5745192307692307 0.5523504273504274 0.5745192307692307 0.5614316239316239 0.5805288461538461 0.5641025641025641 0.5838341346153846 0.5614316239316239 0.5913461538461539 0.5325854700854701 0.5919471153846154 0.5202991452991453 0.5847355769230769 0.5224358974358975
0 0.5859375 0.5154914529914529 0.5850360576923077 0.5224358974358975 0.59375 0.5186965811965812 0.5958533653846154 0.5149572649572649 0.59765625 0.5016025641025641 0.5928485576923077 0.49786324786324787 0.5895432692307693 0.49946581196581197
0 0.5958533653846154 0.5080128205128205 0.5955528846153846 0.5154914529914529 0.5982572115384616 0.5197649572649573 0.6156850961538461 0.5293803418803419 0.6201923076923077 0.5261752136752137 0.6213942307692307 0.5154914529914529 0.6195913461538461 0.5106837606837606 0.6024639423076923 0.5016025641025641 0.5982572115384616 0.5016025641025641
0 0.62109375 0.5256410256410257 0.6207932692307693 0.5288461538461539 0.6219951923076923 0.530448717948718 0.6436298076923077 0.5427350427350427 0.6466346153846154 0.5395299145299145 0.6475360576923077 0.5331196581196581 0.6472355769230769 0.5267094017094017 0.6451322115384616 0.5229700854700855 0.6301081730769231 0.5138888888888888 0.6243990384615384 0.5149572649572649
0 0.6643629807692307 0.5288461538461539 0.6640625 0.5384615384615384 0.6661658653846154 0.5411324786324786 0.6712740384615384 0.5427350427350427 0.68359375 0.5373931623931624 0.6890024038461539 0.5331196581196581 0.6902043269230769 0.5293803418803419 0.6881009615384616 0.5165598290598291 0.6676682692307693 0.5235042735042735
0 0.6890024038461539 0.5160256410256411 0.6902043269230769 0.5283119658119658 0.6920072115384616 0.530982905982906 0.7106370192307693 0.5293803418803419 0.7127403846153846 0.5267094017094017 0.7136418269230769 0.5219017094017094 0.7133413461538461 0.5154914529914529 0.7097355769230769 0.5112179487179487 0.6965144230769231 0.5117521367521367
0 0.7157451923076923 0.5224358974358975 0.7157451923076923 0.5277777777777778 0.7202524038461539 0.531517094017094 0.7310697115384616 0.5347222222222222 0.7373798076923077 0.5389957264957265 0.7403846153846154 0.5384615384615384 0.7421875 0.5357905982905983 0.7424879807692307 0.5219017094017094 0.7385817307692307 0.5170940170940171 0.7214543269230769 0.5122863247863247 0.7184495192307693 0.5138888888888888
0 0.7521033653846154 0.5331196581196581 0.7518028846153846 0.5363247863247863 0.7551081730769231 0.5416666666666666 0.7584134615384616 0.5427350427350427 0.7614182692307693 0.5400641025641025 0.7731370192307693 0.5251068376068376 0.7737379807692307 0.5208333333333334 0.7725360576923077 0.5122863247863247 0.7689302884615384 0.5106837606837606 0.7623197115384616 0.5165598290598291 0.7545072115384616 0.5261752136752137
0 0.7710336538461539 0.5090811965811965 0.7704326923076923 0.5117521367521367 0.7737379807692307 0.5138888888888888 0.7758413461538461 0.5208333333333334 0.7794471153846154 0.5186965811965812 0.7878605769230769 0.5069444444444444 0.7893629807692307 0.5016025641025641 0.7893629807692307 0.49572649572649574 0.7869591346153846 0.49198717948717946 0.7821514423076923 0.49252136752136755
0 0.7797475961538461 0.4599358974358974 0.7797475961538461 0.46634615384615385 0.7824519230769231 0.4823717948717949 0.7854567307692307 0.4861111111111111 0.7896634615384616 0.4877136752136752 0.7917668269230769 0.48504273504273504 0.7926682692307693 0.47702991452991456 0.7905649038461539 0.468482905982906 0.7893629807692307 0.4551282051282051 0.7860576923076923 0.45245726495726496 0.7824519230769231 0.4545940170940171
0 0.7740384615384616 0.42788461538461536 0.7737379807692307 0.4337606837606838 0.7788461538461539 0.4561965811965812 0.7797475961538461 0.45726495726495725 0.7857572115384616 0.452991452991453 0.7869591346153846 0.4481837606837607 0.7833533653846154 0.4252136752136752 0.7779447115384616 0.42254273504273504 0.7758413461538461 0.4236111111111111
0 0.7442908653846154 0.4236111111111111 0.7433894230769231 0.4252136752136752 0.7448918269230769 0.4310897435897436 0.7445913461538461 0.4358974358974359 0.7487980769230769 0.4375 0.7641225961538461 0.43002136752136755 0.7653245192307693 0.41773504273504275 0.7629206730769231 0.41452991452991456 0.7584134615384616 0.41399572649572647
0 0.7220552884615384 0.4358974358974359 0.7223557692307693 0.4444444444444444 0.7241586538461539 0.44711538461538464 0.7277644230769231 0.44764957264957267 0.7409855769230769 0.4412393162393162 0.7448918269230769 0.4342948717948718 0.7433894230769231 0.42574786324786323 0.7394831730769231 0.42414529914529914 0.7274639423076923 0.42895299145299143
0 0.7056502403846154 0.4105138888888889 0.7121045673076923 0.43441773504273506 0.7178413461538462 0.43378044871794874 0.719096454326923 0.42262553418803417 0.7112079326923078 0.3980838675213675 0.7070847355769231 0.3987211538461538 0.705291766826923 0.40796420940170935
0 0.705291766826923 0.4025459401709402 0.7027818509615386 0.38437873931623934 0.7051123798076924 0.37258600427350425 0.7103115985576923 0.37322329059829057 0.712821514423077 0.39489636752136753 0.7117457932692308 0.4031832264957265 0.7115667067307693 0.3980838675213675