0 0.49399038461538464 0.6607905982905983 0.49429086538461536 0.6714743589743589 0.49789663461538464 0.6762820512820513 0.5018028846153846 0.6757478632478633 0.5174278846153846 0.6506410256410257 0.5177283653846154 0.6404914529914529 0.5141225961538461 0.6340811965811965 0.5090144230769231 0.6356837606837606 0.4969951923076923 0.6522435897435898
0 0.5165264423076923 0.6233974358974359 0.515625 0.6303418803418803 0.5183293269230769 0.6410256410256411 0.5225360576923077 0.6415598290598291 0.5342548076923077 0.624465811965812 0.5396634615384616 0.6191239316239316 0.5408653846153846 0.6159188034188035 0.5408653846153846 0.6089743589743589 0.5366586538461539 0.5998931623931624 0.5333533653846154 0.6004273504273504
0 0.5450721153846154 0.5790598290598291 0.5453725961538461 0.5881410256410257 0.5501802884615384 0.5908119658119658 0.5549879807692307 0.5892094017094017 0.5555889423076923 0.5838675213675214 0.5640024038461539 0.5608974358974359 0.5649038461538461 0.5502136752136753 0.5573918269230769 0.5475427350427351 0.5465745192307693 0.5715811965811965
0 0.5123197115384616 0.5042735042735043 0.5120192307692307 0.5186965811965812 0.5150240384615384 0.5213675213675214 0.5372596153846154 0.5181623931623932 0.5369591346153846 0.5042735042735043 0.5357572115384616 0.5010683760683761 0.5183293269230769 0.5 0.5144230769230769 0.5010683760683761
0 0.5384615384615384 0.5016025641025641 0.5387620192307693 0.5160256410256411 0.5423677884615384 0.5192307692307693 0.5612980769230769 0.5192307692307693 0.5643028846153846 0.5154914529914529 0.5649038461538461 0.5122863247863247 0.5646033653846154 0.5026709401709402 0.5621995192307693 0.500534188034188 0.5426682692307693 0.49946581196581197
0 0.5570913461538461 0.5414380341880342 0.5576923076923077 0.5478482905982905 0.5640024038461539 0.5521217948717948 0.5703611778846154 0.5347665598290599 0.5723813100961539 0.5183076923076924 0.5670072115384616 0.5152628205128205 0.5625 0.5211388888888889
0 0.5712614182692307 0.5343092948717949 0.5947962740384616 0.5427686965811965 0.598397235576923 0.532480235042735 0.5959537259615385 0.5242494658119659 0.5743479567307692 0.5169332264957265 0.5721616586538462 0.5196768162393163
0 0.5985576923076923 0.530448717948718 0.5979567307692307 0.5400641025641025 0.6003605769230769 0.5438034188034188 0.6192908653846154 0.5507478632478633 0.6237980769230769 0.5502136752136753 0.6259014423076923 0.5438034188034188 0.6256009615384616 0.5363247863247863 0.6228966346153846 0.530448717948718 0.6066706730769231 0.5245726495726496 0.6006610576923077 0.5251068376068376
0 0.6448317307692307 0.5293803418803419 0.6442307692307693 0.5373931623931624 0.6454326923076923 0.5427350427350427 0.6472355769230769 0.5459401709401709 0.6511418269230769 0.5459401709401709 0.6694711538461539 0.5331196581196581 0.6709735576923077 0.5293803418803419 0.6706730769230769 0.5181623931623932 0.6685697115384616 0.5144230769230769 0.6643629807692307 0.5149572649572649 0.6475360576923077 0.5245726495726496
0 0.6709735576923077 0.5117521367521367 0.6709735576923077 0.5245726495726496 0.6751802884615384 0.5277777777777778 0.6998197115384616 0.5181623931623932 0.6980168269230769 0.5048076923076923 0.6962139423076923 0.5010683760683761 0.6923076923076923 0.500534188034188 0.6748798076923077 0.5058760683760684
0 0.7043269230769231 0.5042735042735043 0.7037259615384616 0.5181623931623932 0.7046274038461539 0.5192307692307693 0.7277644230769231 0.5245726495726496 0.7307692307692307 0.5224358974358975 0.7322716346153846 0.5181623931623932 0.7322716346153846 0.5069444444444444 0.7307692307692307 0.5032051282051282 0.7094350961538461 0.49893162393162394 0.7052283653846154 0.5010683760683761
0 0.7430889423076923 0.5112179487179487 0.7433894230769231 0.5192307692307693 0.7472956730769231 0.5235042735042735 0.7515024038461539 0.5240384615384616 0.765625 0.5058760683760684 0.7692307692307693 0.49786324786324787 0.7689302884615384 0.4946581196581197 0.7659254807692307 0.4861111111111111 0.7611177884615384 0.4861111111111111 0.7478966346153846 0.5016025641025641
0 0.7659254807692307 0.4813034188034188 0.765625 0.484508547008547 0.7689302884615384 0.49412393162393164 0.7728365384615384 0.4962606837606838 0.7872596153846154 0.47649572649572647 0.7896634615384616 0.4668803418803419 0.7893629807692307 0.4620726495726496 0.7878605769230769 0.4594017094017094 0.7827524038461539 0.45726495726495725 0.7689302884615384 0.47435897435897434
0 0.7848557692307693 0.4150641025641026 0.7839543269230769 0.4182692307692308 0.7854567307692307 0.4391025641025641 0.7848557692307693 0.44604700854700857 0.7875600961538461 0.44925213675213677 0.7932692307692307 0.45032051282051283 0.7956730769230769 0.4444444444444444 0.7926682692307693 0.41239316239316237 0.7896634615384616 0.4081196581196581
0 0.7806490384615384 0.38247863247863245 0.7824519230769231 0.41185897435897434 0.7863581730769231 0.4155982905982906 0.7902644230769231 0.4113247863247863 0.7884615384615384 0.37927350427350426 0.7866586538461539 0.375 0.7833533653846154 0.375 0.7815504807692307 0.37713675213675213
0 0.7430889423076923 0.38675213675213677 0.7424879807692307 0.390491452991453 0.7445913461538461 0.4017094017094017 0.7484975961538461 0.40224358974358976 0.7671274038461539 0.38835470085470086 0.7683293269230769 0.3840811965811966 0.7680288461538461 0.37606837606837606 0.765625 0.3712606837606838 0.7611177884615384 0.3717948717948718 0.7515024038461539 0.3782051282051282
0 0.7178485576923077 0.4043803418803419 0.7178485576923077 0.4150641025641026 0.7190504807692307 0.4188034188034188 0.7214543269230769 0.4198717948717949 0.7406850961538461 0.4075854700854701 0.7430889423076923 0.4043803418803419 0.7436899038461539 0.40064102564102566 0.7418870192307693 0.3888888888888889 0.7376802884615384 0.38835470085470086 0.7205528846153846 0.40010683760683763
0 0.7019230769230769 0.37446581196581197 0.7019230769230769 0.38835470085470086 0.7049278846153846 0.406517094017094 0.7106370192307693 0.4075854700854701 0.7142427884615384 0.40544871794871795 0.7142427884615384 0.3958333333333333 0.7079326923076923 0.37446581196581197 0.7064302884615384 0.3712606837606838 0.7034254807692307 0.37072649572649574
0 0.7089642427884615 0.374545405982906 0.7107686298076923 0.3743445512820513 0.7093025841346154 0.3408600427350428 0.7080618990384615 0.3362483974358974 0.7033248197115385 0.33705074786324785 0.7026481370192308 0.3466746794871795 0.7018587740384615 0.35088568376068374 0.7026481370192308 0.3711367521367522 0.7047911658653846 0.37133707264957266 0.7064828725961539 0.37133707264957266
2 0.7614182692307693 0.7735042735042735 0.7614182692307693 0.7799145299145299 0.7638221153846154 0.7852564102564102 0.7827524038461539 0.8157051282051282 0.7869591346153846 0.8167735042735043 0.7917668269230769 0.8108974358974359 0.7926682692307693 0.8023504273504274 0.7911658653846154 0.7938034188034188 0.7869591346153846 0.7895299145299145 0.7725360576923077 0.7665598290598291 0.7689302884615384 0.7633547008547008 0.7653245192307693 0.7638888888888888
2 0.7352764423076923 0.7382478632478633 0.7346754807692307 0.7446581196581197 0.7379807692307693 0.7521367521367521 0.7581129807692307 0.7756410256410257 0.7608173076923077 0.7735042735042735 0.7659254807692307 0.7617521367521367 0.7620192307692307 0.7510683760683761 0.7445913461538461 0.7302350427350427 0.7385817307692307 0.7297008547008547
2 0.7049278846153846 0.7094017094017094 0.7043269230769231 0.718482905982906 0.7073317307692307 0.7232905982905983 0.7307692307692307 0.7430555555555556 0.7334735576923077 0.7419871794871795 0.7349759615384616 0.7387820512820513 0.7373798076923077 0.7270299145299145 0.7337740384615384 0.719551282051282 0.7100360576923077 0.7008547008547008 0.7076322115384616 0.7024572649572649
2 0.6715745192307693 0.6976495726495726 0.6706730769230769 0.7110042735042735 0.6730769230769231 0.7152777777777778 0.6953125 0.7200854700854701 0.7010216346153846 0.7200854700854701 0.7019230769230769 0.717948717948718 0.7022235576923077 0.7035256410256411 0.69921875 0.6976495726495726 0.6781850961538461 0.6933760683760684 0.6742788461538461 0.6939102564102564
2 0.6373197115384616 0.7131410256410257 0.6376201923076923 0.7238247863247863 0.6427283653846154 0.7259615384615384 0.6673677884615384 0.7174145299145299 0.6688701923076923 0.7158119658119658 0.6694711538461539 0.7110042735042735 0.6676682692307693 0.6992521367521367 0.6661658653846154 0.6965811965811965 0.6607572115384616 0.6960470085470085 0.6412259615384616 0.7029914529914529 0.6385216346153846 0.7061965811965812
2 0.60546875 0.7264957264957265 0.6042668269230769 0.7329059829059829 0.60546875 0.7425213675213675 0.6066706730769231 0.7446581196581197 0.6102764423076923 0.7451923076923077 0.6304086538461539 0.7318376068376068 0.6349158653846154 0.7275641025641025 0.6355168269230769 0.7227564102564102 0.6310096153846154 0.7115384615384616 0.6265024038461539 0.7088675213675214 0.6117788461538461 0.719017094017094
2 0.5510817307692307 0.7259615384615384 0.5495793269230769 0.7409188034188035 0.5537860576923077 0.7435897435897436 0.5778245192307693 0.7393162393162394 0.5799278846153846 0.7366452991452992 0.5808293269230769 0.7307692307692307 0.5802283653846154 0.7227564102564102 0.5745192307692307 0.7147435897435898 0.5540865384615384 0.7200854700854701
2 0.5177283653846154 0.7339743589743589 0.5174278846153846 0.7478632478632479 0.5201322115384616 0.75 0.5438701923076923 0.7473290598290598 0.5465745192307693 0.7457264957264957 0.5480769230769231 0.7398504273504274 0.5474759615384616 0.7307692307692307 0.5432692307692307 0.7254273504273504 0.5225360576923077 0.7270299145299145 0.5192307692307693 0.7286324786324786
2 0.4909855769230769 0.6885683760683761 0.4912860576923077 0.7013888888888888 0.5012019230769231 0.7280982905982906 0.5045072115384616 0.7280982905982906 0.5093149038461539 0.7243589743589743 0.5102163461538461 0.7163461538461539 0.5090144230769231 0.7120726495726496 0.4990985576923077 0.6896367521367521 0.49459134615384615 0.6837606837606838
2 0.4411057692307692 0.6923076923076923 0.4417067307692308 0.7094017094017094 0.44320913461538464 0.7110042735042735 0.4657451923076923 0.7072649572649573 0.46814903846153844 0.7061965811965812 0.46935096153846156 0.7024572649572649 0.4684495192307692 0.6901709401709402 0.4639423076923077 0.6853632478632479
2 0.4128605769230769 0.6960470085470085 0.4113581730769231 0.6992521367521367 0.41165865384615385 0.7072649572649573 0.41225961538461536 0.7136752136752137 0.4137620192307692 0.7152777777777778 0.4365985576923077 0.7131410256410257 0.44080528846153844 0.7099358974358975 0.43930288461538464 0.6971153846153846 0.43689903846153844 0.6933760683760684 0.43179086538461536 0.6923076923076923
2 0.3828125 0.7029914529914529 0.38341346153846156 0.7131410256410257 0.38611778846153844 0.719551282051282 0.40775240384615385 0.7174145299145299 0.41165865384615385 0.7131410256410257 0.41015625 0.6992521367521367 0.40805288461538464 0.6965811965811965 0.38852163461538464 0.6981837606837606
2 0.3566706730769231 0.7072649572649573 0.35336538461538464 0.7136752136752137 0.35486778846153844 0.7238247863247863 0.3584735576923077 0.7264957264957265 0.3762019230769231 0.7232905982905983 0.38070913461538464 0.7211538461538461 0.38221153846153844 0.718482905982906 0.38070913461538464 0.7051282051282052 0.3786057692307692 0.7024572649572649 0.3737980769230769 0.7019230769230769
2 0.29056490384615385 0.7099358974358975 0.2893629807692308 0.7131410256410257 0.28966346153846156 0.7174145299145299 0.29086538461538464 0.7243589743589743 0.29296875 0.7280982905982906 0.3152043269230769 0.7238247863247863 0.31881009615384615 0.7200854700854701 0.31971153846153844 0.7152777777777778 0.31850961538461536 0.7067307692307693 0.31460336538461536 0.7024572649572649 0.2932692307692308 0.7061965811965812
2 0.26231971153846156 0.7163461538461539 0.2629206730769231 0.7307692307692307 0.26502403846153844 0.7345085470085471 0.28695913461538464 0.7323717948717948 0.28966346153846156 0.7307692307692307 0.29086538461538464 0.7275641025641025 0.2890625 0.7168803418803419 0.28575721153846156 0.7126068376068376 0.26622596153846156 0.7136752136752137
2 0.23798076923076922 0.7158119658119658 0.23768028846153846 0.7227564102564102 0.24128605769230768 0.7286324786324786 0.2581129807692308 0.7361111111111112 0.26322115384615385 0.7339743589743589 0.26231971153846156 0.7200854700854701 0.26021634615384615 0.7163461538461539 0.24459134615384615 0.7099358974358975 0.24068509615384615 0.7099358974358975
2 0.2205528846153846 0.7024572649572649 0.21935096153846154 0.7099358974358975 0.22385817307692307 0.7168803418803419 0.23377403846153846 0.7243589743589743 0.23737980769230768 0.7222222222222222 0.23918269230769232 0.7099358974358975 0.2364783653846154 0.7061965811965812 0.22415865384615385 0.6949786324786325 0.22205528846153846 0.6965811965811965
2 0.20252403846153846 0.6907051282051282 0.20282451923076922 0.6965811965811965 0.20643028846153846 0.7024572649572649 0.21574519230769232 0.7099358974358975 0.2208533653846154 0.7099358974358975 0.22295673076923078 0.6955128205128205 0.21814903846153846 0.6885683760683761 0.20612980769230768 0.6821581196581197
2 0.1865564903846154 0.6577248931623931 0.1865564903846154 0.6649086538461538 0.18812800480769232 0.6712943376068377 0.1901484375 0.6772809829059828 0.19951923076923078 0.6933760683760684 0.2010216346153846 0.6923076923076923 0.2060877403846154 0.6812719017094017 0.19951923076923078 0.6677350427350427 0.19374038461538462 0.6577248931623931 0.1908221153846154 0.6533349358974359
2 0.16256009615384615 0.5657051282051282 0.1619591346153846 0.594551282051282 0.16436298076923078 0.5977564102564102 0.16887019230769232 0.5977564102564102 0.17127403846153846 0.5924145299145299 0.17307692307692307 0.5689102564102564 0.16826923076923078 0.5603632478632479 0.16436298076923078 0.561965811965812
2 0.16856971153846154 0.5325854700854701 0.16947115384615385 0.5454059829059829 0.17097355769230768 0.5475427350427351 0.17608173076923078 0.5464743589743589 0.17578125 0.532051282051282 0.17911268028846153 0.5152457264957265 0.17548076923076922 0.5106837606837606 0.17277644230769232 0.5149572649572649
2 0.17457932692307693 0.5016025641025641 0.1736778846153846 0.5053418803418803 0.17487980769230768 0.5090811965811965 0.17956760817307693 0.5141672008547008 0.18184254807692307 0.5093141025641026 0.18244921875 0.5095838675213675 0.18366256009615387 0.4979898504273504 0.19018389423076923 0.4823520299145299 0.18730228365384616 0.4796554487179487 0.1853966346153846 0.4791666666666667
2 0.21183894230769232 0.421474358974359 0.2109375 0.4252136752136752 0.2130408653846154 0.42788461538461536 0.2169471153846154 0.4268162393162393 0.22976772836538462 0.4044316239316239 0.22400450721153845 0.3990389957264957
2 0.17331129807692308 0.661715811965812 0.17982181490384616 0.6561282051282051 0.17331129807692308 0.6245993589743589 0.16949489182692307 0.6218055555555555 0.16433143028846153 0.6234017094017095 0.16365805288461538 0.6313840811965812 0.17106640625 0.6629134615384615 0.17263792067307693 0.6621148504273504
2 0.17286237980769228 0.6230026709401709 0.16949489182692307 0.6026485042735042 0.16635186298076923 0.5974599358974358 0.16073948317307693 0.6002537393162393 0.15961688701923077 0.6050432692307692 0.16410697115384615 0.6269935897435898 0.1647803485576923 0.622204594017094 0.16994381009615384 0.622204594017094
2 0.19124549278846154 0.48046474358974356 0.20216526442307695 0.45808600427350427 0.2006484375 0.45458119658119656 0.19791856971153846 0.452963141025641 0.19640204326923077 0.452963141025641 0.1860889423076923 0.4737238247863248 0.18593749999999998 0.47695940170940176 0.18624068509615382 0.47911645299145295 0.18790895432692306 0.4796554487179487
2 0.20277193509615385 0.4567377136752137 0.21399489182692305 0.43516826923076923 0.2132364783653846 0.42869711538461536 0.21111328125 0.4278883547008547 0.207625 0.4278883547008547 0.20641165865384614 0.4281581196581196 0.19776712740384614 0.4483798076923077 0.19776712740384614 0.4524241452991453 0.19943539663461538 0.452963141025641
4 0.28455528846153844 0.32104700854700857 0.2848557692307692 0.327991452991453 0.2887620192307692 0.3311965811965812 0.3004807692307692 0.328525641025641 0.3046875 0.32425213675213677 0.3037860576923077 0.3141025641025641 0.3016826923076923 0.31196581196581197 0.2878605769230769 0.31517094017094016
4 0.3046875 0.3125 0.30408653846153844 0.31837606837606836 0.3049879807692308 0.32425213675213677 0.30649038461538464 0.32585470085470086 0.31790865384615385 0.3247863247863248 0.3239182692307692 0.32104700854700857 0.32361778846153844 0.31196581196581197 0.3215144230769231 0.30822649572649574 0.3076923076923077 0.31036324786324787
4 0.3251201923076923 0.30982905982905984 0.3251201923076923 0.32104700854700857 0.3278245192307692 0.32264957264957267 0.33533653846153844 0.32211538461538464 0.3428485576923077 0.31463675213675213 0.3446514423076923 0.31036324786324787 0.3440504807692308 0.3071581196581197 0.3401442307692308 0.3055555555555556 0.3284254807692308 0.30662393162393164
4 0.35697115384615385 0.30235042735042733 0.35606971153846156 0.30395299145299143 0.3563701923076923 0.3108974358974359 0.3590745192307692 0.3178418803418803 0.3759014423076923 0.3071581196581197 0.3753004807692308 0.297008547008547 0.37319711538461536 0.2932692307692308 0.36929086538461536 0.2938034188034188
4 0.3792067307692308 0.2905982905982906 0.3792067307692308 0.3002136752136752 0.38221153846153844 0.30502136752136755 0.39693509615384615 0.30074786324786323 0.3993389423076923 0.296474358974359 0.39783653846153844 0.2863247863247863 0.39633413461538464 0.2847222222222222 0.3870192307692308 0.2857905982905983
4 0.39903846153846156 0.2847222222222222 0.3996394230769231 0.2948717948717949 0.40174278846153844 0.2980769230769231 0.41466346153846156 0.29754273504273504 0.4182692307692308 0.296474358974359 0.4191706730769231 0.2938034188034188 0.4182692307692308 0.2831196581196581 0.41586538461538464 0.28044871794871795 0.40384615384615385 0.281517094017094
4 0.41977163461538464 0.280982905982906 0.41977163461538464 0.29273504273504275 0.421875 0.296474358974359 0.43599759615384615 0.296474358974359 0.43960336538461536 0.2932692307692308 0.43960336538461536 0.2825854700854701 0.4384014423076923 0.280982905982906 0.4284855769230769 0.27884615384615385 0.421875 0.27884615384615385
4 0.4405048076923077 0.2799145299145299 0.43990384615384615 0.2932692307692308 0.44080528846153844 0.29433760683760685 0.4522235576923077 0.2980769230769231 0.45703125 0.297008547008547 0.45763221153846156 0.2863247863247863 0.45462740384615385 0.28205128205128205 0.44741586538461536 0.2783119658119658
4 0.45763221153846156 0.2863247863247863 0.45703125 0.29433760683760685 0.45883413461538464 0.29967948717948717 0.4699519230769231 0.30662393162393164 0.4738581730769231 0.3071581196581197 0.4756610576923077 0.30448717948717946 0.4765625 0.29754273504273504 0.47445913461538464 0.2916666666666667 0.46424278846153844 0.2857905982905983
4 0.4885817307692308 0.2986111111111111 0.48828125 0.30982905982905984 0.49068509615384615 0.31356837606837606 0.5063100961538461 0.3141025641025641 0.5093149038461539 0.3108974358974359 0.5090144230769231 0.29967948717948717 0.5069110576923077 0.296474358974359 0.4918870192307692 0.29594017094017094
4 0.5126201923076923 0.30074786324786323 0.5114182692307693 0.3108974358974359 0.5129206730769231 0.31356837606837606 0.5258413461538461 0.31677350427350426 0.5294471153846154 0.3162393162393162 0.5315504807692307 0.3060897435897436 0.5348557692307693 0.3034188034188034 0.5300480769230769 0.29967948717948717 0.5228365384615384 0.29754273504273504 0.5153245192307693 0.297008547008547
4 0.5315504807692307 0.30502136752136755 0.5309495192307693 0.31517094017094016 0.5327524038461539 0.3189102564102564 0.5459735576923077 0.32211538461538464 0.5519831730769231 0.32104700854700857 0.5501802884615384 0.30662393162393164 0.5375600961538461 0.30288461538461536 0.5327524038461539 0.30288461538461536
4 0.5504807692307693 0.30982905982905984 0.5498798076923077 0.3189102564102564 0.5486778846153846 0.32104700854700857 0.5631009615384616 0.32532051282051283 0.5697115384615384 0.3247863247863248 0.5718149038461539 0.3215811965811966 0.5712139423076923 0.3108974358974359 0.5676081730769231 0.30822649572649574 0.5522836538461539 0.30662393162393164
4 0.5724158653846154 0.3108974358974359 0.5724158653846154 0.32211538461538464 0.5736177884615384 0.3247863247863248 0.5859375 0.328525641025641 0.5934495192307693 0.32745726495726496 0.59375 0.31677350427350426 0.5916466346153846 0.31303418803418803 0.578125 0.30822649572649574
4 0.5949519230769231 0.3178418803418803 0.5949519230769231 0.3269230769230769 0.5982572115384616 0.3301282051282051 0.6129807692307693 0.3327991452991453 0.6171875 0.3263888888888889 0.6171875 0.31837606837606836 0.6126802884615384 0.31356837606837606 0.5988581730769231 0.3125 0.5961538461538461 0.3141025641025641
4 0.6328125 0.32745726495726496 0.6328125 0.3349358974358974 0.6361177884615384 0.3392094017094017 0.6505408653846154 0.34294871794871795 0.6544471153846154 0.34294871794871795 0.6559495192307693 0.33974358974358976 0.6550480769230769 0.327991452991453 0.6490384615384616 0.32371794871794873 0.6370192307692307 0.32051282051282054
4 0.6568509615384616 0.3311965811965812 0.6565504807692307 0.34134615384615385 0.6583533653846154 0.34455128205128205 0.6766826923076923 0.3472222222222222 0.6805889423076923 0.3456196581196581 0.6814903846153846 0.3424145299145299 0.6817908653846154 0.33386752136752135 0.6793870192307693 0.3295940170940171 0.6592548076923077 0.32745726495726496
4 0.7298677884615384 0.2793803418803419 0.7307692307692307 0.2916666666666667 0.7346754807692307 0.29273504273504275 0.7518028846153846 0.2825854700854701 0.7533052884615384 0.2793803418803419 0.7536057692307693 0.2692307692307692 0.7515024038461539 0.26655982905982906 0.7472956730769231 0.26655982905982906 0.7349759615384616 0.2724358974358974
4 0.7620192307692307 0.27297008547008544 0.7608173076923077 0.2799145299145299 0.7626201923076923 0.28525641025641024 0.7752403846153846 0.29433760683760685 0.7788461538461539 0.29594017094017094 0.7821514423076923 0.29433760683760685 0.7860576923076923 0.28365384615384615 0.7833533653846154 0.2783119658119658 0.76953125 0.26976495726495725 0.7647235576923077 0.2692307692307692
4 0.7827524038461539 0.2932692307692308 0.7830528846153846 0.3002136752136752 0.8001802884615384 0.3141025641025641 0.8046875 0.31303418803418803 0.8076923076923077 0.3060897435897436 0.8076923076923077 0.29967948717948717 0.8058894230769231 0.296474358974359 0.7902644230769231 0.28525641025641024 0.7863581730769231 0.28365384615384615
4 0.7085336538461539 0.3002136752136752 0.7079326923076923 0.30448717948717946 0.7136418269230769 0.31036324786324787 0.7169471153846154 0.30982905982905984 0.7289663461538461 0.297008547008547 0.7295673076923077 0.2905982905982906 0.7274639423076923 0.2841880341880342 0.7238581730769231 0.2847222222222222 0.7130408653846154 0.2932692307692308
4 0.6982376802884616 0.3390689102564102 0.7128756009615385 0.31731891025641024 0.7135309495192307 0.3091629273504274 0.71025390625 0.30372542735042735 0.7071953124999999 0.3041137820512821 0.7043551682692308 0.3076089743589744 0.6923389423076922 0.3243103632478633 0.6916835937499999 0.33363141025641024
1 0.3323317307692308 0.3317307692307692 0.3317307692307692 0.3349358974358974 0.33413461538461536 0.344017094017094 0.3350360576923077 0.3456196581196581 0.3389423076923077 0.344017094017094 0.34765625 0.33066239316239315 0.34975961538461536 0.3247863247863248 0.3488581730769231 0.31677350427350426 0.3464543269230769 0.31463675213675213 0.34164663461538464 0.3157051282051282 0.3368389423076923 0.3215811965811966
1 0.3121995192307692 0.3466880341880342 0.31400240384615385 0.35844017094017094 0.31820913461538464 0.359508547008547 0.3317307692307692 0.35096153846153844 0.33383413461538464 0.34455128205128205 0.3311298076923077 0.33386752136752135 0.32091346153846156 0.33814102564102566
1 0.2932692307692308 0.35363247863247865 0.29236778846153844 0.35523504273504275 0.2926682692307692 0.3659188034188034 0.29477163461538464 0.36752136752136755 0.31069711538461536 0.3643162393162393 0.31400240384615385 0.358974358974359 0.31069711538461536 0.34775641025641024 0.30318509615384615 0.3482905982905983
1 0.2722355769230769 0.35683760683760685 0.2725360576923077 0.3659188034188034 0.27524038461538464 0.3701923076923077 0.2878605769230769 0.36912393162393164 0.2926682692307692 0.3659188034188034 0.29146634615384615 0.3605769230769231 0.29236778846153844 0.35523504273504275 0.29056490384615385 0.3525641025641026 0.27794471153846156 0.35202991452991456
1 0.2442908653846154 0.38621794871794873 0.24459134615384615 0.3936965811965812 0.2478966346153846 0.39636752136752135 0.25180288461538464 0.3958333333333333 0.26382211538461536 0.37927350427350426 0.2644230769230769 0.37286324786324787 0.26171875 0.36645299145299143 0.2581129807692308 0.36538461538461536 0.24729567307692307 0.3787393162393162
1 0.2265625 0.4091880341880342 0.22025240384615385 0.421474358974359 0.22025240384615385 0.4252136752136752 0.22566105769230768 0.4284188034188034 0.22686298076923078 0.4321581196581197 0.24068509615384615 0.4113247863247863 0.23768028846153846 0.40544871794871795 0.234375 0.4033119658119658 0.22986778846153846 0.4043803418803419
1 0.20763221153846154 0.44925213675213677 0.20643028846153846 0.452991452991453 0.21033653846153846 0.4519230769230769 0.2130408653846154 0.4545940170940171 0.2166466346153846 0.4545940170940171 0.22385817307692307 0.4412393162393162 0.2247596153846154 0.43536324786324787 0.2208533653846154 0.4305555555555556 0.2169471153846154 0.4305555555555556
1 0.1953125 0.4716880341880342 0.19441105769230768 0.47702991452991456 0.203125 0.48344017094017094 0.21003605769230768 0.46955128205128205 0.21334134615384615 0.4599358974358974 0.21334134615384615 0.4561965811965812 0.20643028846153846 0.45032051282051283
1 0.18299278846153846 0.5053418803418803 0.18239182692307693 0.5085470085470085 0.18449519230769232 0.5117521367521367 0.1896033653846154 0.5133547008547008 0.19260817307692307 0.5112179487179487 0.1971153846153846 0.49786324786324787 0.19801682692307693 0.4930555555555556 0.1974158653846154 0.4861111111111111 0.19891826923076922 0.483974358974359 0.19651442307692307 0.4807692307692308 0.19200721153846154 0.4791666666666667 0.1853966346153846 0.4946581196581197
1 0.17608173076923078 0.5325854700854701 0.17608173076923078 0.5464743589743589 0.1814903846153846 0.5470085470085471 0.18599759615384615 0.5432692307692307 0.18719951923076922 0.5400641025641025 0.1896033653846154 0.5154914529914529 0.1856971153846154 0.5128205128205128 0.18118990384615385 0.5128205128205128 0.17878605769230768 0.5149572649572649
1 0.18359375 0.5464743589743589 0.18449519230769232 0.5571581196581197 0.18810096153846154 0.5608974358974359 0.203125 0.5582264957264957 0.20763221153846154 0.5534188034188035 0.20643028846153846 0.5422008547008547 0.20402644230769232 0.5405982905982906 0.18780048076923078 0.5422008547008547
1 0.20733173076923078 0.5368589743589743 0.20612980769230768 0.5395299145299145 0.20673076923076922 0.5507478632478633 0.20943509615384615 0.5534188034188035 0.22956730769230768 0.5432692307692307 0.22926682692307693 0.532051282051282 0.22776442307692307 0.5283119658119658 0.2208533653846154 0.5293803418803419
1 0.2283653846153846 0.5293803418803419 0.22956730769230768 0.5400641025641025 0.22806490384615385 0.5432692307692307 0.22926682692307693 0.5438034188034188 0.24248798076923078 0.5400641025641025 0.25540865384615385 0.5325854700854701 0.25240384615384615 0.5192307692307693 0.2503004807692308 0.5181623931623932 0.23798076923076922 0.5224358974358975
1 0.2536057692307692 0.5176282051282052 0.2527043269230769 0.5197649572649573 0.25450721153846156 0.5293803418803419 0.2575120192307692 0.5331196581196581 0.2761418269230769 0.5261752136752137 0.2782451923076923 0.5224358974358975 0.27674278846153844 0.5128205128205128 0.2746394230769231 0.5101495726495726 0.25841346153846156 0.5144230769230769
1 0.2776442307692308 0.5080128205128205 0.2770432692307692 0.5128205128205128 0.27884615384615385 0.5235042735042735 0.296875 0.5186965811965812 0.3019831730769231 0.5154914529914529 0.30228365384615385 0.5133547008547008 0.30138221153846156 0.5026709401709402 0.2995793269230769 0.500534188034188 0.2893629807692308 0.5016025641025641
1 0.31580528846153844 0.49786324786324787 0.31580528846153844 0.5085470085470085 0.3176081730769231 0.5112179487179487 0.3328527644230769 0.5168627136752136 0.33413461538461536 0.5144230769230769 0.3329326923076923 0.5053418803418803 0.3348073918269231 0.5001180555555556 0.3311298076923077 0.49786324786324787 0.3245192307692308 0.4951923076923077 0.3173076923076923 0.4951923076923077
1 0.3557692307692308 0.5122863247863247 0.3563701923076923 0.5219017094017094 0.3719951923076923 0.5272435897435898 0.37710336538461536 0.5272435897435898 0.38070913461538464 0.5154914529914529 0.3780048076923077 0.5106837606837606 0.3635817307692308 0.5053418803418803 0.3584735576923077 0.5058760683760684
1 0.3996394230769231 0.5192307692307693 0.40054086538461536 0.5267094017094017 0.41225961538461536 0.5277777777777778 0.41616586538461536 0.5299145299145299 0.4182692307692308 0.5336538461538461 0.4215745192307692 0.530982905982906 0.4221754807692308 0.5283119658119658 0.4221754807692308 0.5186965811965812 0.4191706730769231 0.5165598290598291 0.40174278846153844 0.5160256410256411
1 0.4227764423076923 0.5181623931623932 0.4227764423076923 0.5277777777777778 0.42518028846153844 0.5325854700854701 0.43028846153846156 0.5261752136752137 0.4462139423076923 0.5256410256410257 0.44741586538461536 0.5224358974358975 0.4465144230769231 0.5170940170940171 0.44381009615384615 0.5144230769230769 0.4305889423076923 0.5149572649572649
1 0.44861778846153844 0.5144230769230769 0.44741586538461536 0.5154914529914529 0.44771634615384615 0.5202991452991453 0.4495192307692308 0.5251068376068376 0.45943509615384615 0.5213675213675214 0.47115384615384615 0.5202991452991453 0.47265625 0.5176282051282052 0.4717548076923077 0.5101495726495726 0.46814903846153844 0.5080128205128205
1 0.47415865384615385 0.5053418803418803 0.47325721153846156 0.5080128205128205 0.4738581730769231 0.5160256410256411 0.4774639423076923 0.5176282051282052 0.48978365384615385 0.5101495726495726 0.49819711538461536 0.5085470085470085 0.49849759615384615 0.5042735042735043 0.4972956730769231 0.49946581196581197 0.49429086538461536 0.4962606837606838 0.4774639423076923 0.5021367521367521
1 0.3348605769230769 0.5168055555555556 0.35571274038461537 0.5240742521367522 0.35653064903846154 0.5157152777777778 0.3563260216346154 0.5091736111111111 0.3540772235576923 0.5051757478632478 0.3362917668269231 0.5000876068376068 0.33281640625000003 0.5062660256410256
3 0.34555288461538464 0.6469017094017094 0.34525240384615385 0.6618589743589743 0.34825721153846156 0.6581196581196581 0.3524639423076923 0.6591880341880342 0.35486778846153844 0.656517094017094 0.3629807692307692 0.6314102564102564 0.3590745192307692 0.6185897435897436 0.3557692307692308 0.6180555555555556 0.3527644230769231 0.6217948717948718
3 0.3620793269230769 0.5918803418803419 0.36177884615384615 0.6020299145299145 0.3629807692307692 0.6047008547008547 0.36959134615384615 0.6047008547008547 0.3737980769230769 0.5956196581196581 0.37740384615384615 0.5822649572649573 0.3792067307692308 0.5710470085470085 0.3786057692307692 0.5683760683760684 0.37319711538461536 0.561965811965812 0.3701923076923077 0.5646367521367521
3 0.37259615384615385 0.5523504273504274 0.37259615384615385 0.5614316239316239 0.37650240384615385 0.5667735042735043 0.3798076923076923 0.5678418803418803 0.3855168269230769 0.5443376068376068 0.38611778846153844 0.5363247863247863 0.3837139423076923 0.5299145299145299 0.3792067307692308 0.5288461538461539 0.37680288461538464 0.5325854700854701
3 0.39693509615384615 0.531517094017094 0.39513221153846156 0.5363247863247863 0.39603365384615385 0.5432692307692307 0.39903846153846156 0.5464743589743589 0.4128605769230769 0.5486111111111112 0.42037259615384615 0.5464743589743589 0.4206730769230769 0.5357905982905983 0.4152644230769231 0.5288461538461539 0.40625 0.5277777777777778 0.40084134615384615 0.5229700854700855
3 0.42337740384615385 0.5288461538461539 0.421875 0.5368589743589743 0.4245793269230769 0.5470085470085471 0.44771634615384615 0.5427350427350427 0.44741586538461536 0.5293803418803419 0.4441105769230769 0.5251068376068376 0.42518028846153844 0.5245726495726496
3 0.4489182692307692 0.5256410256410257 0.44861778846153844 0.5363247863247863 0.44981971153846156 0.5427350427350427 0.4696514423076923 0.5400641025641025 0.4735576923076923 0.5357905982905983 0.4729567307692308 0.5224358974358975 0.47025240384615385 0.5197649572649573 0.45552884615384615 0.5219017094017094
3 0.47506009615384615 0.5186965811965812 0.47415865384615385 0.5219017094017094 0.47475961538461536 0.5347222222222222 0.47716346153846156 0.5379273504273504 0.4831730769230769 0.5368589743589743 0.49819711538461536 0.5293803418803419 0.5003004807692307 0.5256410256410257 0.5006009615384616 0.5192307692307693 0.49849759615384615 0.5085470085470085 0.4957932692307692 0.5069444444444444 0.4855769230769231 0.5133547008547008 0.4777644230769231 0.5154914529914529
3 0.49669471153846156 0.46634615384615385 0.4969951923076923 0.4946581196581197 0.4996995192307692 0.5037393162393162 0.5024038461538461 0.5058760683760684 0.5063100961538461 0.5032051282051282 0.5078125 0.4983974358974359 0.5060096153846154 0.4738247863247863 0.5048076923076923 0.46634615384615385 0.5018028846153846 0.46260683760683763 0.4987980769230769 0.46314102564102566
3 0.5078125 0.4545940170940171 0.5081129807692307 0.4658119658119658 0.5111177884615384 0.46794871794871795 0.5150240384615384 0.4674145299145299 0.5300480769230769 0.45566239316239315 0.5315504807692307 0.452991452991453 0.5315504807692307 0.44604700854700857 0.5291466346153846 0.44017094017094016 0.5234375 0.44017094017094016 0.5120192307692307 0.44711538461538464
3 0.5303485576923077 0.43536324786324787 0.5297475961538461 0.4391025641025641 0.5327524038461539 0.45085470085470086 0.5366586538461539 0.45032051282051283 0.5534855769230769 0.43696581196581197 0.5543870192307693 0.4305555555555556 0.5537860576923077 0.4268162393162393 0.5516826923076923 0.42414529914529914 0.5462740384615384 0.4236111111111111
3 0.5549879807692307 0.42254273504273504 0.5549879807692307 0.4326923076923077 0.5564903846153846 0.43536324786324787 0.5721153846153846 0.43696581196581197 0.5784254807692307 0.43536324786324787 0.5778245192307693 0.4182692307692308 0.57421875 0.4150641025641026 0.5609975961538461 0.41185897435897434 0.5570913461538461 0.4129273504273504
3 0.5793269230769231 0.4182692307692308 0.5787259615384616 0.43536324786324787 0.5805288461538461 0.43696581196581197 0.59765625 0.4412393162393162 0.6000600961538461 0.4412393162393162 0.6030649038461539 0.43803418803418803 0.6036658653846154 0.42788461538461536 0.6027644230769231 0.42414529914529914 0.5997596153846154 0.4204059829059829 0.5865384615384616 0.4172008547008547
3 0.33658233173076924 0.7029647435897436 0.34518870192307693 0.7043557692307693 0.3559855769230769 0.6676356837606838 0.3539513221153846 0.6606810897435897 0.34863100961538457 0.6576212606837607 0.34471905048076923 0.6623504273504274 0.3368954326923077 0.6879433760683761