3 0.37560096153846156 0.6308760683760684 0.37560096153846156 0.6367521367521367 0.3801081730769231 0.6420940170940171 0.3957331730769231 0.6485042735042735 0.40024038461538464 0.6522435897435898 0.40444711538461536 0.6527777777777778 0.4071514423076923 0.6506410256410257 0.40865384615384615 0.6330128205128205 0.4020432692307692 0.6266025641025641 0.38221153846153844 0.6164529914529915 0.37890625 0.6196581196581197
3 0.4089543269230769 0.6410256410256411 0.40835336538461536 0.6506410256410257 0.4092548076923077 0.6517094017094017 0.43509615384615385 0.6607905982905983 0.43990384615384615 0.6575854700854701 0.4417067307692308 0.6479700854700855 0.4411057692307692 0.6404914529914529 0.4384014423076923 0.6367521367521367 0.4167668269230769 0.6308760683760684 0.41075721153846156 0.6330128205128205
3 0.4423076923076923 0.6543803418803419 0.44200721153846156 0.6613247863247863 0.4462139423076923 0.6650641025641025 0.4612379807692308 0.6655982905982906 0.46694711538461536 0.6730769230769231 0.4714543269230769 0.6714743589743589 0.47445913461538464 0.6629273504273504 0.47445913461538464 0.6549145299145299 0.4717548076923077 0.6490384615384616 0.4501201923076923 0.6404914529914529 0.44591346153846156 0.6426282051282052
3 0.4735576923076923 0.6148504273504274 0.47325721153846156 0.6308760683760684 0.47506009615384615 0.6511752136752137 0.47806490384615385 0.656517094017094 0.4840745192307692 0.6575854700854701 0.48647836538461536 0.6543803418803419 0.4879807692307692 0.6485042735042735 0.4852764423076923 0.6063034188034188 0.4840745192307692 0.6036324786324786 0.4807692307692308 0.6020299145299145 0.4762620192307692 0.6073717948717948
3 0.4714543269230769 0.5470085470085471 0.46664663461538464 0.5673076923076923 0.46664663461538464 0.5742521367521367 0.46875 0.6057692307692307 0.47415865384615385 0.6100427350427351 0.4816706730769231 0.6014957264957265 0.4792668269230769 0.5598290598290598 0.4777644230769231 0.5502136752136753 0.4738581730769231 0.5459401709401709
3 0.46243990384615385 0.49572649572649574 0.4621394230769231 0.5117521367521367 0.4639423076923077 0.532051282051282 0.46664663461538464 0.5357905982905983 0.4729567307692308 0.5352564102564102 0.4753605769230769 0.5299145299145299 0.4735576923076923 0.4935897435897436 0.4714543269230769 0.4877136752136752 0.4696514423076923 0.48664529914529914
3 0.4573317307692308 0.45405982905982906 0.45853365384615385 0.47702991452991456 0.4612379807692308 0.48824786324786323 0.46334134615384615 0.49252136752136755 0.47025240384615385 0.48878205128205127 0.4714543269230769 0.483974358974359 0.46875 0.45726495726495725 0.46875 0.44551282051282054 0.4675480769230769 0.4423076923076923 0.46334134615384615 0.43963675213675213 0.4597355769230769 0.44551282051282054
3 0.4795673076923077 0.45085470085470086 0.4792668269230769 0.4599358974358974 0.48377403846153844 0.46474358974358976 0.5051081730769231 0.4668803418803419 0.5081129807692307 0.46474358974358976 0.5093149038461539 0.46153846153846156 0.5090144230769231 0.45085470085470086 0.5051081730769231 0.44551282051282054 0.48768028846153844 0.4423076923076923 0.48287259615384615 0.4444444444444444
3 0.5120192307692307 0.44604700854700857 0.5114182692307693 0.45726495726495725 0.5150240384615384 0.4636752136752137 0.5357572115384616 0.46100427350427353 0.5378605769230769 0.45886752136752135 0.5390625 0.4513888888888889 0.5387620192307693 0.44337606837606836 0.5339543269230769 0.4407051282051282 0.5180288461538461 0.44177350427350426
3 0.5393629807692307 0.4423076923076923 0.5396634615384616 0.4594017094017094 0.5603966346153846 0.45566239316239315 0.5625 0.45405982905982906 0.5646033653846154 0.4481837606837607 0.5640024038461539 0.43803418803418803 0.5615985576923077 0.4358974358974359 0.5441706730769231 0.43803418803418803
3 0.5652043269230769 0.4358974358974359 0.5649038461538461 0.45245726495726496 0.5685096153846154 0.453525641025641 0.5832331730769231 0.44337606837606836 0.5883413461538461 0.43162393162393164 0.5847355769230769 0.4230769230769231
3 0.5634014423076923 0.38354700854700857 0.5631009615384616 0.390491452991453 0.5691105769230769 0.406517094017094 0.5766225961538461 0.4097222222222222 0.5784254807692307 0.4150641025641026 0.5811298076923077 0.41773504273504275 0.5838341346153846 0.4150641025641026 0.5838341346153846 0.4033119658119658 0.5730168269230769 0.37606837606837606 0.5679086538461539 0.375
3 0.7025240384615384 0.3157051282051282 0.7019230769230769 0.32425213675213677 0.7082331730769231 0.327991452991453 0.7238581730769231 0.33066239316239315 0.7271634615384616 0.3215811965811966 0.7256610576923077 0.31356837606837606 0.7190504807692307 0.30982905982905984 0.7064302884615384 0.30982905982905984 0.7040264423076923 0.31143162393162394
3 0.6322115384615384 0.32532051282051283 0.6307091346153846 0.3418803418803419 0.6325120192307693 0.344017094017094 0.6484375 0.34935897435897434 0.65234375 0.34775641025641024 0.6550480769230769 0.3408119658119658 0.6553485576923077 0.3349358974358974 0.6514423076923077 0.3295940170940171 0.6352163461538461 0.32425213675213677
3 0.6078725961538461 0.32425213675213677 0.6075721153846154 0.3295940170940171 0.6090745192307693 0.33814102564102566 0.6114783653846154 0.33974358974358976 0.6286057692307693 0.3424145299145299 0.6319110576923077 0.3317307692307692 0.6316105769230769 0.32425213675213677 0.6286057692307693 0.32211538461538464 0.6114783653846154 0.32104700854700857
3 0.6577524038461539 0.32425213675213677 0.6568509615384616 0.328525641025641 0.6583533653846154 0.3327991452991453 0.6616586538461539 0.33653846153846156 0.6652644230769231 0.33653846153846156 0.6796875 0.32905982905982906 0.6811899038461539 0.32051282051282054 0.6793870192307693 0.31303418803418803 0.6739783653846154 0.31303418803418803 0.6613581730769231 0.31677350427350426
3 0.6817908653846154 0.31143162393162394 0.6805889423076923 0.3141025641025641 0.6820913461538461 0.32745726495726496 0.6926081730769231 0.327991452991453 0.7016225961538461 0.32425213675213677 0.7013221153846154 0.31356837606837606 0.6977163461538461 0.3092948717948718 0.6865985576923077 0.3092948717948718
3 0.5752767427884615 0.373553952991453 0.5925673076923077 0.3594871794871795 0.593153545673077 0.3506298076923077 0.58963671875 0.3417729700854701 0.5729323918269231 0.35688194444444443 0.5694155649038461 0.3657387820512821
3 0.5934465144230769 0.3532350427350427 0.6086856971153846 0.3386469017094017 0.6080994591346154 0.3308322649572649 0.6060480769230769 0.3245801282051282 0.5887575120192308 0.33916826923076926
3 0.7385111177884615 0.3178071581196581 0.7420279447115384 0.3277061965811966 0.7458377403846155 0.32249626068376064 0.7578530649038462 0.30947115384615387 0.7584393028846154 0.3016565170940171 0.7537503004807693 0.29696741452991454 0.7420279447115384 0.30999252136752137
3 0.7593185096153847 0.30478258547008547 0.7672310697115384 0.294883547008547 0.7681102764423078 0.2870683760683761 0.7637142427884616 0.28133760683760684 0.7546295072115385 0.294883547008547 0.7563879206730769 0.299051282051282
2 0.16256009615384615 0.27564102564102566 0.1622596153846154 0.2793803418803419 0.16706730769230768 0.2841880341880342 0.16826923076923078 0.29113247863247865 0.16947115384615385 0.28846153846153844 0.17247596153846154 0.28739316239316237 0.17487980769230768 0.2825854700854701 0.1814903846153846 0.25854700854700857 0.18028846153846154 0.24893162393162394 0.17608173076923078 0.24572649572649571 0.17217548076923078 0.24732905982905984 0.16466346153846154 0.265491452991453
2 0.15625 0.3055555555555556 0.15594951923076922 0.31463675213675213 0.15775240384615385 0.32051282051282054 0.16496394230769232 0.31677350427350426 0.16917067307692307 0.29594017094017094 0.16917067307692307 0.28899572649572647 0.1658653846153846 0.2825854700854701 0.16105769230769232 0.281517094017094 0.15985576923076922 0.2831196581196581
2 0.14963942307692307 0.38995726495726496 0.14993990384615385 0.4113247863247863 0.15114182692307693 0.41239316239316237 0.15564903846153846 0.40865384615384615 0.16165865384615385 0.4075854700854701 0.16045673076923078 0.40224358974358976 0.1622596153846154 0.3803418803418803 0.16135817307692307 0.3579059829059829 0.15264423076923078 0.359508547008547
2 0.15144230769230768 0.41185897435897434 0.15655048076923078 0.46314102564102566 0.16346153846153846 0.4642094017094017 0.16796875 0.46153846153846156 0.16917067307692307 0.45566239316239315 0.1622596153846154 0.41346153846153844 0.15474759615384615 0.40705128205128205
2 0.1658653846153846 0.4962606837606838 0.16676682692307693 0.5085470085470085 0.17638221153846154 0.5384615384615384 0.17848557692307693 0.5416666666666666 0.18209134615384615 0.5422008547008547 0.18810096153846154 0.5368589743589743 0.1893028846153846 0.5331196581196581 0.18810096153846154 0.5267094017094017 0.17638221153846154 0.4909188034188034 0.17217548076923078 0.48717948717948717 0.16887019230769232 0.4877136752136752 0.16706730769230768 0.48985042735042733
2 0.18329326923076922 0.5502136752136753 0.18359375 0.5603632478632479 0.19951923076923078 0.5870726495726496 0.20282451923076922 0.5902777777777778 0.2052283653846154 0.5897435897435898 0.20853365384615385 0.5817307692307693 0.2130408653846154 0.5779914529914529 0.20432692307692307 0.5603632478632479 0.1932091346153846 0.5427350427350427 0.18719951923076922 0.5432692307692307
2 0.20612980769230768 0.5844017094017094 0.20462740384615385 0.5924145299145299 0.20643028846153846 0.5988247863247863 0.22025240384615385 0.6233974358974359 0.2265625 0.6303418803418803 0.22986778846153846 0.6303418803418803 0.2364783653846154 0.6223290598290598 0.23707932692307693 0.6127136752136753 0.21784855769230768 0.5838675213675214 0.21364182692307693 0.5801282051282052 0.21003605769230768 0.5795940170940171
2 0.2605168269230769 0.6340811965811965 0.26021634615384615 0.6404914529914529 0.26352163461538464 0.6474358974358975 0.27944711538461536 0.6645299145299145 0.2860576923076923 0.6704059829059829 0.2899639423076923 0.6704059829059829 0.2926682692307692 0.6655982905982906 0.29447115384615385 0.6543803418803419 0.2932692307692308 0.6474358974358975 0.28185096153846156 0.6335470085470085 0.26772836538461536 0.6233974358974359 0.2653245192307692 0.6239316239316239
2 0.2980769230769231 0.6682692307692307 0.2971754807692308 0.6752136752136753 0.2995793269230769 0.6784188034188035 0.3215144230769231 0.6901709401709402 0.328125 0.6912393162393162 0.3308293269230769 0.6885683760683761 0.33353365384615385 0.6816239316239316 0.33413461538461536 0.6762820512820513 0.33383413461538464 0.6693376068376068 0.3308293269230769 0.6645299145299145 0.3076923076923077 0.6549145299145299 0.30288461538461536 0.656517094017094
2 0.3347355769230769 0.6784188034188035 0.3317307692307692 0.6885683760683761 0.3323317307692308 0.6928418803418803 0.3347355769230769 0.6960470085470085 0.3623798076923077 0.7072649572649573 0.36568509615384615 0.7051282051282052 0.36778846153846156 0.6907051282051282 0.3674879807692308 0.6853632478632479 0.36568509615384615 0.6837606837606838 0.3428485576923077 0.6709401709401709 0.3368389423076923 0.6736111111111112
2 0.4323918269230769 0.6784188034188035 0.43179086538461536 0.6826923076923077 0.4332932692307692 0.6955128205128205 0.4371995192307692 0.6971153846153846 0.46033653846153844 0.6875 0.4636418269230769 0.6826923076923077 0.46484375 0.6746794871794872 0.4621394230769231 0.6672008547008547 0.45883413461538464 0.6655982905982906 0.43930288461538464 0.6714743589743589 0.43419471153846156 0.6746794871794872
2 0.40084134615384615 0.6923076923076923 0.40054086538461536 0.7061965811965812 0.4020432692307692 0.7099358974358975 0.4299879807692308 0.7035256410256411 0.43299278846153844 0.6981837606837606 0.43118990384615385 0.6826923076923077 0.4287860576923077 0.6810897435897436 0.40414663461538464 0.6875
2 0.3668870192307692 0.6971153846153846 0.3659855769230769 0.7045940170940171 0.36899038461538464 0.7083333333333334 0.39513221153846156 0.7142094017094017 0.3981370192307692 0.7131410256410257 0.39993990384615385 0.7077991452991453 0.40024038461538464 0.6923076923076923 0.3975360576923077 0.6896367521367521 0.3701923076923077 0.6853632478632479 0.36868990384615385 0.6875
2 0.5051081730769231 0.6720085470085471 0.5048076923076923 0.6752136752136753 0.5069110576923077 0.6805555555555556 0.5120192307692307 0.6826923076923077 0.5333533653846154 0.6752136752136753 0.5363581730769231 0.6709401709401709 0.5369591346153846 0.6672008547008547 0.5357572115384616 0.6586538461538461 0.5339543269230769 0.6549145299145299 0.5291466346153846 0.6543803418803419 0.5090144230769231 0.6629273504273504 0.5066105769230769 0.6655982905982906
2 0.5667067307692307 0.6442307692307693 0.5667067307692307 0.6613247863247863 0.5721153846153846 0.6618589743589743 0.5928485576923077 0.6543803418803419 0.5946514423076923 0.6436965811965812 0.5943509615384616 0.6372863247863247 0.5919471153846154 0.6346153846153846 0.5733173076923077 0.6394230769230769
2 0.5378605769230769 0.6533119658119658 0.5378605769230769 0.6661324786324786 0.5396634615384616 0.6698717948717948 0.5612980769230769 0.6650641025641025 0.5658052884615384 0.6618589743589743 0.5670072115384616 0.655982905982906 0.56640625 0.6479700854700855 0.5640024038461539 0.6442307692307693 0.5459735576923077 0.6474358974358975
2 0.5949519230769231 0.6356837606837606 0.5952524038461539 0.6522435897435898 0.5997596153846154 0.6522435897435898 0.6168870192307693 0.6442307692307693 0.6204927884615384 0.6372863247863247 0.6201923076923077 0.6271367521367521 0.6156850961538461 0.6233974358974359 0.5967548076923077 0.6330128205128205
2 0.6144831730769231 0.5710470085470085 0.6120793269230769 0.5785256410256411 0.6198918269230769 0.6111111111111112 0.6225961538461539 0.6143162393162394 0.6298076923076923 0.6127136752136753 0.6319110576923077 0.6084401709401709 0.6319110576923077 0.6020299145299145 0.6234975961538461 0.5683760683760684 0.6189903846153846 0.5651709401709402
2 0.6012620192307693 0.5299145299145299 0.6006610576923077 0.5341880341880342 0.6018629807692307 0.5416666666666666 0.6081730769230769 0.5673076923076923 0.6129807692307693 0.5705128205128205 0.6177884615384616 0.5662393162393162 0.6198918269230769 0.5603632478632479 0.6126802884615384 0.5256410256410257 0.6060697115384616 0.5229700854700855
2 0.5925480769230769 0.49198717948717946 0.5910456730769231 0.5048076923076923 0.5961538461538461 0.5122863247863247 0.6018629807692307 0.5117521367521367 0.6030649038461539 0.5085470085470085 0.6060697115384616 0.48023504273504275 0.6060697115384616 0.4706196581196581 0.6024639423076923 0.4668803418803419 0.5985576923076923 0.46955128205128205 0.5946514423076923 0.48023504273504275
2 0.5919471153846154 0.4551282051282051 0.5916466346153846 0.4642094017094017 0.59375 0.469017094017094 0.5958533653846154 0.4706196581196581 0.6024639423076923 0.4668803418803419 0.6060697115384616 0.43643162393162394 0.6051682692307693 0.43002136752136755 0.5997596153846154 0.42895299145299143 0.5949519230769231 0.43482905982905984
2 0.6373197115384616 0.6308760683760684 0.6370192307692307 0.6367521367521367 0.6388221153846154 0.6404914529914529 0.6571514423076923 0.6650641025641025 0.6613581730769231 0.6618589743589743 0.6655649038461539 0.6511752136752137 0.6655649038461539 0.6463675213675214 0.6634615384615384 0.6410256410256411 0.6478365384615384 0.6212606837606838 0.6421274038461539 0.6212606837606838
2 0.6769831730769231 0.6682692307692307 0.67578125 0.6762820512820513 0.6778846153846154 0.6810897435897436 0.6856971153846154 0.6821581196581197 0.6995192307692307 0.6768162393162394 0.7040264423076923 0.6714743589743589 0.7049278846153846 0.6650641025641025 0.703125 0.6575854700854701 0.69921875 0.6575854700854701 0.6823918269230769 0.6613247863247863
2 0.7049278846153846 0.6543803418803419 0.7043269230769231 0.6586538461538461 0.7058293269230769 0.6682692307692307 0.7100360576923077 0.6698717948717948 0.7274639423076923 0.6607905982905983 0.7301682692307693 0.6501068376068376 0.7277644230769231 0.6426282051282052 0.7235576923076923 0.6426282051282052
2 0.7469951923076923 0.6543803418803419 0.7463942307692307 0.6581196581196581 0.7475961538461539 0.6618589743589743 0.7512019230769231 0.6650641025641025 0.7557091346153846 0.6634615384615384 0.7701322115384616 0.6404914529914529 0.7692307692307693 0.6308760683760684 0.7653245192307693 0.6292735042735043 0.7620192307692307 0.6314102564102564
2 0.7689302884615384 0.6260683760683761 0.7701322115384616 0.6404914529914529 0.7716346153846154 0.6420940170940171 0.7761418269230769 0.6404914529914529 0.7830528846153846 0.6367521367521367 0.7896634615384616 0.6298076923076923 0.7911658653846154 0.6233974358974359 0.7908653846153846 0.6159188034188035 0.7896634615384616 0.6132478632478633 0.7854567307692307 0.6148504273504274
2 0.7917668269230769 0.6121794871794872 0.7914663461538461 0.6271367521367521 0.7932692307692307 0.6298076923076923 0.8128004807692307 0.6303418803418803 0.8176081730769231 0.6159188034188035 0.8161057692307693 0.6127136752136753 0.80859375 0.6105769230769231 0.7956730769230769 0.6095085470085471
2 0.8155048076923077 0.625 0.8152043269230769 0.6298076923076923 0.81640625 0.6314102564102564 0.8383413461538461 0.6479700854700855 0.8458533653846154 0.6367521367521367 0.8455528846153846 0.6330128205128205 0.8389423076923077 0.624465811965812 0.8233173076923077 0.6143162393162394 0.8191105769230769 0.6148504273504274
2 0.8416466346153846 0.6447649572649573 0.8407451923076923 0.6469017094017094 0.8416466346153846 0.6506410256410257 0.8449519230769231 0.6549145299145299 0.8659855769230769 0.6746794871794872 0.8704927884615384 0.6650641025641025 0.8698918269230769 0.6613247863247863 0.87109375 0.6581196581196581 0.8698918269230769 0.655982905982906 0.8629807692307693 0.6463675213675214 0.8503605769230769 0.6362179487179487 0.8461538461538461 0.6362179487179487
2 0.8695913461538461 0.6645299145299145 0.8656850961538461 0.6752136752136753 0.8674879807692307 0.6789529914529915 0.8870192307692307 0.7040598290598291 0.8933293269230769 0.6992521367521367 0.89453125 0.6864316239316239 0.8915264423076923 0.6805555555555556 0.8731971153846154 0.6602564102564102
2 0.8801081730769231 0.6335470085470085 0.8728966346153846 0.6404914529914529 0.8737980769230769 0.6463675213675214 0.8897235576923077 0.6762820512820513 0.8930288461538461 0.6784188034188035 0.8960336538461539 0.6768162393162394 0.9011418269230769 0.6682692307692307 0.9005408653846154 0.6618589743589743 0.8843149038461539 0.6340811965811965
2 0.8548677884615384 0.6073717948717948 0.85546875 0.6127136752136753 0.8647836538461539 0.6330128205128205 0.8731971153846154 0.6469017094017094 0.8804086538461539 0.6330128205128205 0.87890625 0.6266025641025641 0.8659855769230769 0.5998931623931624 0.8608774038461539 0.5988247863247863
2 0.8386418269230769 0.5625 0.8389423076923077 0.5673076923076923 0.8449519230769231 0.5870726495726496 0.8512620192307693 0.5998931623931624 0.8566706730769231 0.5993589743589743 0.8602764423076923 0.5956196581196581 0.8611778846153846 0.5918803418803419 0.8605769230769231 0.5849358974358975 0.8500600961538461 0.5566239316239316 0.8446514423076923 0.5550213675213675
2 0.8251201923076923 0.5213675213675214 0.8245192307692307 0.5256410256410257 0.8329326923076923 0.5539529914529915 0.8377403846153846 0.5598290598290598 0.8425480769230769 0.5560897435897436 0.8440504807692307 0.5523504273504274 0.8443509615384616 0.5459401709401709 0.8371394230769231 0.5181623931623932 0.8353365384615384 0.5154914529914529 0.8308293269230769 0.5144230769230769
2 0.8176081730769231 0.4813034188034188 0.8176081730769231 0.49946581196581197 0.8212139423076923 0.5037393162393162 0.8260216346153846 0.5032051282051282 0.8293269230769231 0.49198717948717946 0.8311298076923077 0.4754273504273504 0.8302283653846154 0.4674145299145299 0.828125 0.4642094017094017 0.8227163461538461 0.4652777777777778 0.8188100961538461 0.4738247863247863
2 0.7953725961538461 0.4497863247863248 0.7947716346153846 0.4561965811965812 0.7965745192307693 0.45886752136752135 0.8140024038461539 0.47115384615384615 0.8191105769230769 0.47115384615384615 0.8224158653846154 0.46153846153846156 0.8221153846153846 0.4561965811965812 0.8200120192307693 0.453525641025641 0.8028846153846154 0.4423076923076923 0.7980769230769231 0.44337606837606836
2 0.7587139423076923 0.3856837606837607 0.7584134615384616 0.38782051282051283 0.7692307692307693 0.41773504273504275 0.7761418269230769 0.4198717948717949 0.7791466346153846 0.41452991452991456 0.7797475961538461 0.406517094017094 0.7692307692307693 0.38301282051282054 0.7650240384615384 0.37927350427350426
2 0.7469951923076923 0.35202991452991456 0.7454927884615384 0.3557692307692308 0.7454927884615384 0.36164529914529914 0.7551081730769231 0.38354700854700857 0.7590144230769231 0.38835470085470086 0.7599158653846154 0.38301282051282054 0.7665264423076923 0.38087606837606836 0.7551081730769231 0.34989316239316237 0.7506009615384616 0.3482905982905983
2 0.15084134615384615 0.3530982905982906 0.15144230769230768 0.3643162393162393 0.15384615384615385 0.3659188034188034 0.16135817307692307 0.3643162393162393 0.16376201923076922 0.3530982905982906 0.16526442307692307 0.33547008547008544 0.16496394230769232 0.3194444444444444 0.1619591346153846 0.32104700854700857 0.15685096153846154 0.3194444444444444 0.1544471153846154 0.3231837606837607
1 0.3049879807692308 0.16132478632478633 0.3034855769230769 0.16826923076923078 0.30799278846153844 0.1794871794871795 0.31069711538461536 0.18108974358974358 0.31790865384615385 0.16132478632478633 0.3194110576923077 0.14423076923076922 0.3176081730769231 0.14102564102564102 0.3128004807692308 0.14262820512820512 0.3097956730769231 0.14743589743589744
1 0.28305288461538464 0.18055555555555555 0.2821514423076923 0.18482905982905984 0.28365384615384615 0.19925213675213677 0.28575721153846156 0.2013888888888889 0.3034855769230769 0.1907051282051282 0.3088942307692308 0.18215811965811965 0.30408653846153844 0.16933760683760685 0.29296875 0.1736111111111111
1 0.2542067307692308 0.19764957264957264 0.25450721153846156 0.20619658119658119 0.2605168269230769 0.2077991452991453 0.27974759615384615 0.2045940170940171 0.2824519230769231 0.20192307692307693 0.28365384615384615 0.19497863247863248 0.28185096153846156 0.18482905982905984 0.2776442307692308 0.18322649572649571 0.25721153846153844 0.18803418803418803 0.2551081730769231 0.19177350427350429
1 0.22415865384615385 0.19177350427350429 0.22355769230769232 0.1997863247863248 0.2265625 0.20405982905982906 0.25 0.20566239316239315 0.2530048076923077 0.20192307692307693 0.25390625 0.18856837606837606 0.25240384615384615 0.18536324786324787 0.2481971153846154 0.18322649572649571 0.23046875 0.18215811965811965 0.2265625 0.18376068376068377
1 0.19561298076923078 0.2232905982905983 0.19441105769230768 0.2297008547008547 0.19561298076923078 0.23717948717948717 0.20372596153846154 0.2403846153846154 0.21454326923076922 0.2142094017094017 0.21574519230769232 0.202991452991453 0.21394230769230768 0.19604700854700854 0.21033653846153846 0.19391025641025642 0.20643028846153846 0.19604700854700854
1 0.17698317307692307 0.27724358974358976 0.17668269230769232 0.2841880341880342 0.17818509615384615 0.2938034188034188 0.18118990384615385 0.2847222222222222 0.1856971153846154 0.2863247863247863 0.18840144230769232 0.2825854700854701 0.19591346153846154 0.25961538461538464 0.19561298076923078 0.24946581196581197 0.19260817307692307 0.24732905982905984 0.18629807692307693 0.24786324786324787
1 0.16646634615384615 0.41452991452991456 0.1661658653846154 0.4337606837606838 0.17037259615384615 0.4594017094017094 0.17518028846153846 0.4652777777777778 0.17908653846153846 0.4658119658119658 0.18269230769230768 0.46314102564102566 0.18359375 0.46047008547008544 0.18269230769230768 0.45032051282051283 0.1739783653846154 0.41452991452991456 0.16826923076923078 0.4113247863247863
1 0.19050480769230768 0.4636752136752137 0.19020432692307693 0.4775641025641026 0.19260817307692307 0.48344017094017094 0.2205528846153846 0.47863247863247865 0.22325721153846154 0.47702991452991456 0.2244591346153846 0.4738247863247863 0.22295673076923078 0.4594017094017094 0.22025240384615385 0.4551282051282051 0.1971153846153846 0.45886752136752135
1 0.2244591346153846 0.4519230769230769 0.2247596153846154 0.46314102564102566 0.22716346153846154 0.4716880341880342 0.25540865384615385 0.4594017094017094 0.25721153846153844 0.4567307692307692 0.25600961538461536 0.4407051282051282 0.25180288461538464 0.43536324786324787 0.24098557692307693 0.4423076923076923 0.23287259615384615 0.4444444444444444
1 0.2566105769230769 0.4358974358974359 0.2575120192307692 0.4561965811965812 0.25841346153846156 0.4577991452991453 0.2620192307692308 0.4577991452991453 0.28305288461538464 0.4465811965811966 0.28725961538461536 0.4423076923076923 0.28695913461538464 0.42788461538461536 0.28185096153846156 0.422008547008547 0.27914663461538464 0.422008547008547 0.26502403846153844 0.4326923076923077
1 0.28665865384615385 0.4230769230769231 0.2878605769230769 0.4428418803418803 0.2890625 0.4439102564102564 0.3134014423076923 0.43482905982905984 0.3167067307692308 0.43002136752136755 0.3161057692307692 0.4182692307692308 0.31099759615384615 0.4107905982905983
1 0.31820913461538464 0.41346153846153844 0.31820913461538464 0.42735042735042733 0.32091346153846156 0.4310897435897436 0.3407451923076923 0.4252136752136752 0.3449519230769231 0.4230769230769231 0.3473557692307692 0.41933760683760685 0.34585336538461536 0.40544871794871795 0.34224759615384615 0.4017094017094017 0.3212139423076923 0.4075854700854701
1 0.36478365384615385 0.40384615384615385 0.36388221153846156 0.4113247863247863 0.3662860576923077 0.41613247863247865 0.38671875 0.42254273504273504 0.3903245192307692 0.4230769230769231 0.39242788461538464 0.42094017094017094 0.39393028846153844 0.4043803418803419 0.39122596153846156 0.40064102564102566 0.36959134615384615 0.3926282051282051 0.3659855769230769 0.3974358974358974
1 0.3933293269230769 0.41452991452991456 0.3933293269230769 0.421474358974359 0.39633413461538464 0.4252136752136752 0.41466346153846156 0.43162393162393164 0.42037259615384615 0.4305555555555556 0.42247596153846156 0.4182692307692308 0.4215745192307692 0.4107905982905983 0.41466346153846156 0.406517094017094 0.4011418269230769 0.4027777777777778 0.3954326923076923 0.40384615384615385
1 0.42337740384615385 0.4188034188034188 0.42247596153846156 0.4252136752136752 0.4230769230769231 0.4321581196581197 0.4456129807692308 0.44017094017094016 0.4495192307692308 0.4391025641025641 0.45072115384615385 0.4358974358974359 0.45162259615384615 0.421474358974359 0.4504206730769231 0.4182692307692308 0.4287860576923077 0.4107905982905983 0.42518028846153844 0.41239316239316237
1 0.47806490384615385 0.43803418803418803 0.47806490384615385 0.4423076923076923 0.48046875 0.44764957264957267 0.4870793269230769 0.4423076923076923 0.49849759615384615 0.4428418803418803 0.5045072115384616 0.4465811965811966 0.5084134615384616 0.44604700854700857 0.5078125 0.4321581196581197 0.5036057692307693 0.42788461538461536 0.48647836538461536 0.4268162393162393 0.4807692307692308 0.4305555555555556
1 0.5087139423076923 0.4321581196581197 0.5090144230769231 0.44337606837606836 0.5114182692307693 0.4444444444444444 0.5171274038461539 0.4412393162393162 0.5336538461538461 0.43856837606837606 0.5330528846153846 0.4284188034188034 0.5294471153846154 0.4268162393162393 0.5108173076923077 0.42948717948717946
1 0.5345552884615384 0.42895299145299143 0.53515625 0.43856837606837606 0.5393629807692307 0.44017094017094016 0.5628004807692307 0.4321581196581197 0.5591947115384616 0.43002136752136755 0.5558894230769231 0.42254273504273504 0.5432692307692307 0.42467948717948717
1 0.5570913461538461 0.42094017094017094 0.5564903846153846 0.42467948717948717 0.55859375 0.43002136752136755 0.5579927884615384 0.4321581196581197 0.5640024038461539 0.4342948717948718 0.5748197115384616 0.42788461538461536 0.578125 0.4236111111111111 0.5790264423076923 0.41773504273504275 0.5766225961538461 0.41025641025641024 0.5736177884615384 0.40865384615384615
1 0.5775240384615384 0.26121794871794873 0.5775240384615384 0.2692307692307692 0.5811298076923077 0.2724358974358974 0.5910456730769231 0.2686965811965812 0.6000600961538461 0.26121794871794873 0.6000600961538461 0.24893162393162394 0.5982572115384616 0.24732905982905984 0.5865384615384616 0.25053418803418803 0.5811298076923077 0.2548076923076923
1 0.6180889423076923 0.23504273504273504 0.6174879807692307 0.2387820512820513 0.6189903846153846 0.25053418803418803 0.6334134615384616 0.24572649572649571 0.6355168269230769 0.24305555555555555 0.63671875 0.2377136752136752 0.6361177884615384 0.23130341880341881 0.6337139423076923 0.22863247863247863 0.6228966346153846 0.23130341880341881
1 0.6015625 0.24465811965811965 0.5991586538461539 0.24786324786324787 0.6000600961538461 0.2516025641025641 0.5994591346153846 0.26014957264957267 0.6021634615384616 0.2622863247863248 0.6078725961538461 0.25961538461538464 0.6168870192307693 0.2516025641025641 0.6177884615384616 0.23717948717948717 0.6123798076923077 0.23717948717948717
1 0.5438701923076923 0.2537393162393162 0.5450721153846154 0.25854700854700857 0.5609975961538461 0.2761752136752137 0.5640024038461539 0.27724358974358976 0.5670072115384616 0.2724358974358974 0.5682091346153846 0.265491452991453 0.5670072115384616 0.25854700854700857 0.5534855769230769 0.24305555555555555 0.5477764423076923 0.24305555555555555
1 0.5228365384615384 0.22756410256410256 0.5225360576923077 0.23023504273504272 0.5264423076923077 0.23717948717948717 0.5396634615384616 0.2548076923076923 0.5432692307692307 0.25587606837606836 0.5474759615384616 0.24465811965811965 0.5471754807692307 0.24145299145299146 0.5441706730769231 0.2361111111111111 0.5333533653846154 0.22168803418803418 0.5279447115384616 0.22168803418803418
1 0.5036057692307693 0.20512820512820512 0.5051081730769231 0.21207264957264957 0.5189302884615384 0.2280982905982906 0.5231370192307693 0.2297008547008547 0.5267427884615384 0.22382478632478633 0.52734375 0.21901709401709402 0.5258413461538461 0.2110042735042735 0.5120192307692307 0.19497863247863248 0.5072115384615384 0.19604700854700854
1 0.48257211538461536 0.18002136752136752 0.48257211538461536 0.18536324786324787 0.484375 0.18856837606837606 0.5012019230769231 0.20619658119658119 0.5066105769230769 0.19604700854700854 0.5015024038461539 0.18322649572649571 0.4912860576923077 0.17094017094017094 0.48768028846153844 0.17094017094017094
1 0.1703701923076923 0.32882799145299146 0.17408533653846153 0.32411004273504274 0.17833143028846152 0.32411004273504274 0.18125060096153847 0.32882799145299146 0.1836388221153846 0.3137313034188034 0.18761959134615386 0.29297329059829064 0.18708864182692306 0.2868397435897436 0.18125060096153847 0.28542467948717953 0.17753515625 0.28542467948717953 0.17541225961538462 0.2981623931623931
1 0.1663897235576923 0.3632676282051282 0.17196243990384616 0.3613803418803419 0.17408533653846153 0.36798557692307693 0.1772698317307692 0.3642110042735043 0.18151592548076925 0.3307152777777778 0.1780661057692308 0.325525641025641 0.17382001201923075 0.32411004273504274 0.1703701923076923 0.32882799145299146 0.16877794471153845 0.3344893162393162
1 0.1650628004807692 0.4142195512820513 0.17090084134615385 0.4113888888888889 0.1735546875 0.4137478632478632 0.17382001201923075 0.40100961538461544 0.17488161057692306 0.37270299145299146 0.1724930889423077 0.3627959401709402 0.1663897235576923 0.3632676282051282 0.1650628004807692 0.3774209401709402 0.165328125 0.3939332264957265 0.16453185096153847 0.4118605769230769
4 0.2244591346153846 0.12980769230769232 0.2244591346153846 0.14423076923076922 0.22716346153846154 0.14797008547008547 0.24939903846153846 0.1469017094017094 0.25150240384615385 0.14423076923076922 0.2512019230769231 0.13034188034188035 0.24939903846153846 0.12606837606837606 0.2265625 0.1266025641025641
4 0.2527043269230769 0.13194444444444445 0.25240384615384615 0.14369658119658119 0.2551081730769231 0.14743589743589744 0.2764423076923077 0.14743589743589744 0.27944711538461536 0.14369658119658119 0.27914663461538464 0.13034188034188035 0.2764423076923077 0.12606837606837606 0.2551081730769231 0.1266025641025641
4 0.28455528846153844 0.12873931623931623 0.2821514423076923 0.1330128205128205 0.2821514423076923 0.14369658119658119 0.2848557692307692 0.14743589743589744 0.3073918269230769 0.14903846153846154 0.3097956730769231 0.14369658119658119 0.30799278846153844 0.13034188034188035 0.30649038461538464 0.12873931623931623 0.2917668269230769 0.12713675213675213
4 0.3233173076923077 0.1346153846153846 0.3239182692307692 0.14476495726495728 0.3269230769230769 0.1485042735042735 0.34525240384615385 0.140491452991453 0.34825721153846156 0.13675213675213677 0.3473557692307692 0.12553418803418803 0.34525240384615385 0.12072649572649573 0.32752403846153844 0.12767094017094016 0.3251201923076923 0.12980769230769232
4 0.35096153846153844 0.12126068376068376 0.3506610576923077 0.13354700854700854 0.35216346153846156 0.13782051282051283 0.3707932692307692 0.13568376068376067 0.37349759615384615 0.1346153846153846 0.3746995192307692 0.13194444444444445 0.3740985576923077 0.11912393162393162 0.3719951923076923 0.11645299145299146 0.3545673076923077 0.11698717948717949 0.35216346153846156 0.11805555555555555
4 0.37560096153846156 0.11805555555555555 0.3753004807692308 0.13354700854700854 0.37650240384615385 0.1346153846153846 0.3975360576923077 0.13675213675213677 0.3993389423076923 0.13354700854700854 0.39993990384615385 0.12553418803418803 0.3993389423076923 0.11965811965811966 0.39783653846153844 0.11752136752136752 0.37890625 0.11538461538461539
4 0.40234375 0.12072649572649573 0.40174278846153844 0.13354700854700854 0.40384615384615385 0.13782051282051283 0.4206730769230769 0.14262820512820512 0.4230769230769231 0.14262820512820512 0.42518028846153844 0.13995726495726496 0.42578125 0.1266025641025641 0.4230769230769231 0.12232905982905982 0.40474759615384615 0.11805555555555555
4 0.42728365384615385 0.1266025641025641 0.42758413461538464 0.140491452991453 0.4453125 0.1517094017094017 0.4483173076923077 0.1501068376068376 0.45072115384615385 0.13995726495726496 0.44921875 0.13354700854700854 0.43209134615384615 0.12286324786324786 0.4284855769230769 0.12286324786324786
4 0.45072115384615385 0.140491452991453 0.4495192307692308 0.1469017094017094 0.4504206730769231 0.1543803418803419 0.4696514423076923 0.16773504273504272 0.47325721153846156 0.1655982905982906 0.4738581730769231 0.15384615384615385 0.4714543269230769 0.14636752136752137 0.45643028846153844 0.13675213675213677 0.4522235576923077 0.13675213675213677
4 0.49278846153846156 0.16452991452991453 0.49278846153846156 0.17094017094017094 0.5003004807692307 0.18002136752136752 0.5123197115384616 0.18215811965811965 0.5144230769230769 0.17841880341880342 0.5150240384615384 0.16826923076923078 0.5135216346153846 0.1639957264957265 0.49459134615384615 0.1607905982905983
4 0.5183293269230769 0.17841880341880342 0.5180288461538461 0.18215811965811965 0.5219350961538461 0.18643162393162394 0.5354567307692307 0.19230769230769232 0.5399639423076923 0.19177350427350429 0.5435697115384616 0.17895299145299146 0.5402644230769231 0.1736111111111111 0.5267427884615384 0.1672008547008547 0.5216346153846154 0.16773504273504272
4 0.5417668269230769 0.18856837606837606 0.5411658653846154 0.19337606837606838 0.5432692307692307 0.1971153846153846 0.5606971153846154 0.20405982905982906 0.5640024038461539 0.1997863247863248 0.5646033653846154 0.1891025641025641 0.5609975961538461 0.18536324786324787 0.5459735576923077 0.1794871794871795
4 0.5655048076923077 0.19284188034188035 0.5634014423076923 0.20245726495726496 0.5652043269230769 0.2045940170940171 0.578125 0.21047008547008547 0.5835336538461539 0.2110042735042735 0.5859375 0.20886752136752137 0.5865384615384616 0.1955128205128205 0.5715144230769231 0.18963675213675213 0.5673076923076923 0.18963675213675213
4 0.5877403846153846 0.1971153846153846 0.5868389423076923 0.20993589743589744 0.5889423076923077 0.21314102564102563 0.6048677884615384 0.22008547008547008 0.6075721153846154 0.21848290598290598 0.6102764423076923 0.20619658119658119 0.6081730769230769 0.202991452991453 0.5922475961538461 0.19497863247863248
4 0.609375 0.20993589743589744 0.6084735576923077 0.21794871794871795 0.6123798076923077 0.22275641025641027 0.6265024038461539 0.22756410256410256 0.6313100961538461 0.22435897435897437 0.6313100961538461 0.21367521367521367 0.6301081730769231 0.20993589743589744 0.6168870192307693 0.20512820512820512 0.6126802884615384 0.20512820512820512
4 0.6469350961538461 0.2297008547008547 0.6466346153846154 0.234508547008547 0.6481370192307693 0.2377136752136752 0.6646634615384616 0.24572649572649571 0.6691706730769231 0.24412393162393162 0.6721754807692307 0.23504273504273504 0.6709735576923077 0.23076923076923078 0.6544471153846154 0.22115384615384615 0.6508413461538461 0.22115384615384615
4 0.6700721153846154 0.24305555555555555 0.6703725961538461 0.24732905982905984 0.671875 0.24893162393162394 0.6856971153846154 0.25427350427350426 0.6908052884615384 0.2532051282051282 0.6944110576923077 0.24519230769230768 0.6941105769230769 0.24091880341880342 0.6923076923076923 0.2377136752136752 0.6790865384615384 0.2329059829059829 0.6742788461538461 0.2329059829059829
4 0.71875 0.19230769230769232 0.7184495192307693 0.19604700854700854 0.7202524038461539 0.20192307692307693 0.7286658653846154 0.19925213675213677 0.7328725961538461 0.1955128205128205 0.734375 0.18856837606837606 0.7340745192307693 0.18322649572649571 0.7295673076923077 0.18215811965811965 0.7205528846153846 0.1891025641025641
4 0.7394831730769231 0.1955128205128205 0.7379807692307693 0.1997863247863248 0.73828125 0.202991452991453 0.7496995192307693 0.2142094017094017 0.7572115384615384 0.2168803418803419 0.7608173076923077 0.20993589743589744 0.7605168269230769 0.202991452991453 0.7587139423076923 0.1997863247863248 0.7466947115384616 0.19017094017094016 0.7427884615384616 0.18963675213675213
4 0.7596153846153846 0.21634615384615385 0.7593149038461539 0.22008547008547008 0.7620192307692307 0.22596153846153846 0.7761418269230769 0.23985042735042736 0.7797475961538461 0.24091880341880342 0.7815504807692307 0.23023504273504272 0.7815504807692307 0.22596153846153846 0.7800480769230769 0.2222222222222222 0.7659254807692307 0.20993589743589744 0.7620192307692307 0.21047008547008547
4 0.6973143028846154 0.2404246794871795 0.7036165865384615 0.22074252136752137 0.7073635817307693 0.21529220085470085 0.7119624399038462 0.2158974358974359 0.7119624399038462 0.22013675213675213 0.7041274038461538 0.24890277777777778
4 0.7034462139423077 0.21498931623931622 0.7131547475961538 0.1983349358974359 0.7158798076923076 0.19621527777777778 0.7194567307692308 0.19924358974358974 0.7186051682692308 0.20620779914529916 0.7119624399038462 0.22043963675213676 0.7119624399038462 0.21498931623931622 0.7082151442307693 0.2158974358974359 0.7032758413461538 0.22074252136752137
0 0.7097355769230769 0.25961538461538464 0.7094350961538461 0.26175213675213677 0.7169471153846154 0.2863247863247863 0.7202524038461539 0.28899572649572647 0.7256610576923077 0.2831196581196581 0.7247596153846154 0.2708333333333333 0.7190504807692307 0.25267094017094016 0.7136418269230769 0.25106837606837606 0.7106370192307693 0.2553418803418803
0 0.7199519230769231 0.2905982905982906 0.7199519230769231 0.30235042735042733 0.7286658653846154 0.32104700854700857 0.7325721153846154 0.32211538461538464 0.7373798076923077 0.3189102564102564 0.7388822115384616 0.31036324786324787 0.7271634615384616 0.28525641025641024 0.7238581730769231 0.2857905982905983
0 0.7809495192307693 0.30662393162393164 0.7806490384615384 0.3108974358974359 0.7860576923076923 0.328525641025641 0.7899639423076923 0.33547008547008544 0.7932692307692307 0.33600427350427353 0.7971754807692307 0.3301282051282051 0.796875 0.32104700854700857 0.7908653846153846 0.30288461538461536 0.7857572115384616 0.30074786324786323 0.7830528846153846 0.30235042735042733
0 0.7914663461538461 0.33814102564102566 0.7914663461538461 0.344017094017094 0.7992788461538461 0.36752136752136755 0.8028846153846154 0.37072649572649574 0.8067908653846154 0.3701923076923077 0.8091947115384616 0.36324786324786323 0.8088942307692307 0.3563034188034188 0.8025841346153846 0.33547008547008544 0.8001802884615384 0.3327991452991453 0.7959735576923077 0.3327991452991453
0 0.7596153846153846 0.4268162393162393 0.7590144230769231 0.43536324786324787 0.7653245192307693 0.4391025641025641 0.7803485576923077 0.44177350427350426 0.7845552884615384 0.43536324786324787 0.7836538461538461 0.42467948717948717 0.7806490384615384 0.42254273504273504 0.7665264423076923 0.4198717948717949 0.7614182692307693 0.421474358974359
0 0.7400841346153846 0.42788461538461536 0.7376802884615384 0.43322649572649574 0.7424879807692307 0.4423076923076923 0.7518028846153846 0.4407051282051282 0.7590144230769231 0.43482905982905984 0.7593149038461539 0.42467948717948717 0.7566105769230769 0.421474358974359 0.7451923076923077 0.42414529914529914
0 0.6823918269230769 0.44925213675213677 0.6820913461538461 0.4567307692307692 0.6844951923076923 0.4599358974358974 0.6989182692307693 0.4668803418803419 0.7043269230769231 0.4674145299145299 0.7085336538461539 0.4599358974358974 0.7085336538461539 0.4551282051282051 0.7067307692307693 0.4497863247863248 0.6962139423076923 0.4444444444444444 0.6853966346153846 0.4428418803418803
0 0.6583533653846154 0.4391025641025641 0.6577524038461539 0.44925213675213677 0.6595552884615384 0.452991452991453 0.6781850961538461 0.4594017094017094 0.6811899038461539 0.4567307692307692 0.6823918269230769 0.44604700854700857 0.6787860576923077 0.43963675213675213 0.6649639423076923 0.43322649572649574 0.6604567307692307 0.4337606837606838
0 0.6463341346153846 0.43856837606837606 0.6460336538461539 0.4567307692307692 0.6475360576923077 0.4700854700854701 0.6508413461538461 0.4722222222222222 0.6532451923076923 0.468482905982906 0.6577524038461539 0.4668803418803419 0.6574519230769231 0.44177350427350426 0.6595552884615384 0.43536324786324787 0.6577524038461539 0.4321581196581197 0.6535456730769231 0.4305555555555556 0.6505408653846154 0.43162393162393164
0 0.6213942307692307 0.422008547008547 0.6207932692307693 0.43162393162393164 0.6225961538461539 0.4326923076923077 0.640625 0.4337606837606838 0.6430288461538461 0.4321581196581197 0.6442307692307693 0.4284188034188034 0.6436298076923077 0.4188034188034188 0.6370192307692307 0.41346153846153844 0.6234975961538461 0.41399572649572647 0.6222956730769231 0.4150641025641026
0 0.5949519230769231 0.42094017094017094 0.5955528846153846 0.42948717948717946 0.6027644230769231 0.42788461538461536 0.6096754807692307 0.43536324786324787 0.6204927884615384 0.43162393162393164 0.62109375 0.41452991452991456 0.6009615384615384 0.41452991452991456 0.5955528846153846 0.4172008547008547
0 0.6481370192307693 0.48985042735042733 0.6478365384615384 0.5048076923076923 0.6487379807692307 0.5085470085470085 0.6535456730769231 0.5117521367521367 0.6577524038461539 0.5101495726495726 0.66015625 0.47702991452991456 0.6598557692307693 0.4700854700854701 0.6577524038461539 0.4642094017094017 0.6544471153846154 0.4652777777777778 0.6493389423076923 0.47275641025641024
0 0.6433293269230769 0.5395299145299145 0.6385216346153846 0.5603632478632479 0.6409254807692307 0.5641025641025641 0.6472355769230769 0.5646367521367521 0.6565504807692307 0.5363247863247863 0.65625 0.5293803418803419 0.6541466346153846 0.5261752136752137 0.6505408653846154 0.5267094017094017
0 0.6313100961538461 0.5913461538461539 0.6310096153846154 0.5961538461538461 0.6337139423076923 0.6063034188034188 0.6358173076923077 0.6079059829059829 0.6400240384615384 0.6063034188034188 0.6472355769230769 0.5742521367521367 0.6475360576923077 0.5651709401709402 0.6397235576923077 0.5641025641025641 0.6334134615384616 0.5817307692307693
0 0.7253668870192308 0.4622692307692308 0.7415396634615384 0.4459561965811966 0.7409660456730769 0.44004273504273506 0.7383278245192308 0.43453685897435895 0.7366075721153845 0.43433279914529915 0.7337400841346154 0.4361682692307692 0.7239903846153847 0.44758760683760684 0.7200904447115384 0.4567633547008547 0.7250228365384616 0.4628808760683761
0 0.7906316105769231 0.4349449786324786 0.7960225360576924 0.4139417735042735 0.799578125 0.40741666666666665 0.8025603966346153 0.40456196581196585 0.8047397836538461 0.4057852564102564 0.8060012019230769 0.4092516025641026 0.8050838341346154 0.41312606837606836 0.7996929086538462 0.4335176282051282 0.7960225360576924 0.4435090811965812
0 0.797283954326923 0.4059893162393162 0.8025603966346153 0.38926869658119656 0.8054278846153846 0.383355235042735 0.807377704326923 0.3811121794871795 0.8125393629807692 0.3837628205128205 0.8066896033653846 0.4086399572649573 0.8042809495192308 0.4059893162393162 0.8019867788461539 0.4051736111111111 0.7991192908653846 0.40802831196581196 0.797283954326923 0.41129113247863247 0.7964810697115384 0.40986378205128204
0 0.7464717548076922 0.3384941239316239 0.7616120793269231 0.3225892094017094 0.7625297475961539 0.31606410256410256 0.7597770432692308 0.3117820512820513 0.7462421875 0.32279326923076923 0.7431454326923077 0.32993002136752136 0.7465865384615384 0.33829059829059827
0 0.7640210336538461 0.3225892094017094 0.7717058293269231 0.30974252136752134 0.7745733173076924 0.2975080128205128 0.7709029447115385 0.29220619658119656 0.7671177884615384 0.2981196581196581 0.76012109375 0.3107622863247863 0.7627593149038462 0.3154524572649573 0.7620709134615384 0.3238125