2 0.15114182692307693 0.3392094017094017 0.15400841346153846 0.33667361111111116 0.1564032451923077 0.33732852564102567 0.15861388221153844 0.341258547008547 0.1610087139423077 0.3458434829059829 0.16135817307692307 0.34615384615384615 0.16526442307692307 0.3295940170940171 0.17037259615384615 0.3162393162393162 0.16947115384615385 0.31036324786324787 0.1658653846153846 0.3060897435897436 0.16135817307692307 0.3076923076923077
2 0.1388221153846154 0.4481837606837607 0.14212740384615385 0.4909188034188034 0.14543269230769232 0.4935897435897436 0.15324519230769232 0.49145299145299143 0.1544471153846154 0.483974358974359 0.14753605769230768 0.44337606837606836 0.14332932692307693 0.44337606837606836
2 0.14933894230769232 0.5133547008547008 0.14873798076923078 0.5192307692307693 0.14993990384615385 0.5293803418803419 0.15775240384615385 0.5571581196581197 0.16286057692307693 0.5592948717948718 0.16856971153846154 0.5550213675213675 0.1700721153846154 0.5507478632478633 0.16887019230769232 0.5432692307692307 0.16015625 0.5186965811965812 0.15504807692307693 0.5122863247863247
2 0.16526442307692307 0.5592948717948718 0.16286057692307693 0.5635683760683761 0.16436298076923078 0.5758547008547008 0.17848557692307693 0.5972222222222222 0.1817908653846154 0.593482905982906 0.1896033653846154 0.5897435897435898 0.1856971153846154 0.5790598290598291 0.17277644230769232 0.5582264957264957 0.16796875 0.5560897435897436
2 0.1814903846153846 0.5977564102564102 0.1814903846153846 0.6025641025641025 0.18509615384615385 0.6105769230769231 0.19951923076923078 0.6308760683760684 0.2049278846153846 0.6324786324786325 0.20973557692307693 0.6271367521367521 0.21153846153846154 0.6191239316239316 0.20853365384615385 0.6127136752136753 0.19260817307692307 0.5913461538461539 0.18900240384615385 0.5886752136752137
2 0.23317307692307693 0.6324786324786325 0.23287259615384615 0.6404914529914529 0.23587740384615385 0.6479700854700855 0.2530048076923077 0.6634615384615384 0.2587139423076923 0.6655982905982906 0.26322115384615385 0.656517094017094 0.26382211538461536 0.6506410256410257 0.2608173076923077 0.6410256410256411 0.24278846153846154 0.625 0.2364783653846154 0.624465811965812
2 0.2683293269230769 0.6533119658119658 0.2647235576923077 0.6645299145299145 0.26502403846153844 0.6682692307692307 0.26802884615384615 0.6720085470085471 0.2893629807692308 0.6816239316239316 0.29477163461538464 0.6810897435897436 0.2977764423076923 0.6757478632478633 0.2995793269230769 0.6613247863247863 0.29747596153846156 0.6575854700854701 0.2770432692307692 0.6490384615384616 0.27163461538461536 0.6490384615384616
2 0.29867788461538464 0.6709401709401709 0.2980769230769231 0.6816239316239316 0.29897836538461536 0.6853632478632479 0.3239182692307692 0.6933760683760684 0.33022836538461536 0.6923076923076923 0.33143028846153844 0.6784188034188035 0.3311298076923077 0.6746794871794872 0.3290264423076923 0.6714743589743589 0.3043870192307692 0.6607905982905983 0.3010817307692308 0.6618589743589743
2 0.33143028846153844 0.6752136752136753 0.3308293269230769 0.6907051282051282 0.3323317307692308 0.6939102564102564 0.3563701923076923 0.6976495726495726 0.3623798076923077 0.6955128205128205 0.3623798076923077 0.6800213675213675 0.3602764423076923 0.6752136752136753 0.3362379807692308 0.6720085470085471
2 0.3635817307692308 0.6752136752136753 0.36268028846153844 0.6784188034188035 0.36328125 0.6923076923076923 0.3659855769230769 0.6944444444444444 0.39002403846153844 0.6885683760683761 0.3954326923076923 0.6821581196581197 0.39453125 0.6682692307692307 0.3909254807692308 0.6655982905982906 0.3698918269230769 0.6714743589743589
2 0.3948317307692308 0.6645299145299145 0.39633413461538464 0.6805555555555556 0.3975360576923077 0.6821581196581197 0.40174278846153844 0.6816239316239316 0.42367788461538464 0.6714743589743589 0.4254807692307692 0.6677350427350427 0.4254807692307692 0.6581196581196581 0.42337740384615385 0.6527777777777778 0.41736778846153844 0.6506410256410257 0.3972355769230769 0.6597222222222222
2 0.4684495192307692 0.6501068376068376 0.46814903846153844 0.6623931623931624 0.46935096153846156 0.6650641025641025 0.47716346153846156 0.6645299145299145 0.4957932692307692 0.656517094017094 0.49759615384615385 0.6522435897435898 0.4972956730769231 0.6399572649572649 0.49549278846153844 0.6362179487179487 0.4912860576923077 0.6356837606837606 0.4735576923076923 0.6431623931623932
2 0.4990985576923077 0.6356837606837606 0.49939903846153844 0.6517094017094017 0.5084134615384616 0.6517094017094017 0.5219350961538461 0.6474358974358975 0.52734375 0.6436965811965812 0.5276442307692307 0.6298076923076923 0.5264423076923077 0.6260683760683761 0.5204326923076923 0.6260683760683761 0.5048076923076923 0.6303418803418803
2 0.5282451923076923 0.6266025641025641 0.5282451923076923 0.6415598290598291 0.5291466346153846 0.6436965811965812 0.5501802884615384 0.6378205128205128 0.5546875 0.6346153846153846 0.5555889423076923 0.6319444444444444 0.5546875 0.6185897435897436 0.5501802884615384 0.6159188034188035 0.5318509615384616 0.6223290598290598
2 0.5564903846153846 0.6159188034188035 0.5561899038461539 0.6330128205128205 0.5570913461538461 0.6340811965811965 0.5799278846153846 0.624465811965812 0.58203125 0.6169871794871795 0.5814302884615384 0.6084401709401709 0.578125 0.6047008547008547 0.5640024038461539 0.6105769230769231
2 0.5597956730769231 0.452991452991453 0.55859375 0.46634615384615385 0.5631009615384616 0.46955128205128205 0.5670072115384616 0.4668803418803419 0.5724158653846154 0.43643162393162394 0.5712139423076923 0.4310897435897436 0.5670072115384616 0.4310897435897436 0.5628004807692307 0.4358974358974359
2 0.5582932692307693 0.49145299145299143 0.5567908653846154 0.5010683760683761 0.5573918269230769 0.5048076923076923 0.5615985576923077 0.5069444444444444 0.56640625 0.5058760683760684 0.5709134615384616 0.4780982905982906 0.5709134615384616 0.4706196581196581 0.5679086538461539 0.46634615384615385 0.5640024038461539 0.46955128205128205 0.5600961538461539 0.48023504273504275
2 0.5673076923076923 0.5186965811965812 0.5658052884615384 0.5256410256410257 0.5661057692307693 0.530448717948718 0.5721153846153846 0.5534188034188035 0.57421875 0.5571581196581197 0.5775240384615384 0.5582264957264957 0.5814302884615384 0.5534188034188035 0.5832331730769231 0.5534188034188035 0.58203125 0.5432692307692307 0.5757211538461539 0.5154914529914529 0.5706129807692307 0.5138888888888888 0.5682091346153846 0.5154914529914529
2 0.5769230769230769 0.5608974358974359 0.5763221153846154 0.5678418803418803 0.5775240384615384 0.5742521367521367 0.5835336538461539 0.5950854700854701 0.5880408653846154 0.5977564102564102 0.5916466346153846 0.5961538461538461 0.59375 0.5902777777777778 0.5934495192307693 0.5811965811965812 0.5850360576923077 0.5534188034188035 0.5802283653846154 0.5555555555555556
2 0.6003605769230769 0.6105769230769231 0.6000600961538461 0.6175213675213675 0.6048677884615384 0.6212606837606838 0.6078725961538461 0.6271367521367521 0.6186899038461539 0.6394230769230769 0.6234975961538461 0.6394230769230769 0.6271033653846154 0.6303418803418803 0.6271033653846154 0.6217948717948718 0.6126802884615384 0.6014957264957265 0.6060697115384616 0.5993589743589743 0.6015625 0.6057692307692307
2 0.6388221153846154 0.6431623931623932 0.6379206730769231 0.6511752136752137 0.6409254807692307 0.655982905982906 0.6478365384615384 0.655982905982906 0.6595552884615384 0.6517094017094017 0.6676682692307693 0.6436965811965812 0.6670673076923077 0.6308760683760684 0.6622596153846154 0.6292735042735043 0.6478365384615384 0.6330128205128205 0.6427283653846154 0.6362179487179487
2 0.6691706730769231 0.6266025641025641 0.6676682692307693 0.6298076923076923 0.6676682692307693 0.6436965811965812 0.6724759615384616 0.6436965811965812 0.6905048076923077 0.6351495726495726 0.6929086538461539 0.6303418803418803 0.6941105769230769 0.6196581196581197 0.6923076923076923 0.6169871794871795 0.6884014423076923 0.6159188034188035 0.6736778846153846 0.6223290598290598
2 0.7112379807692307 0.6266025641025641 0.7112379807692307 0.6314102564102564 0.7136418269230769 0.6362179487179487 0.7157451923076923 0.6378205128205128 0.7202524038461539 0.6362179487179487 0.7346754807692307 0.6159188034188035 0.7352764423076923 0.6073717948717948 0.734375 0.6030982905982906 0.7307692307692307 0.6014957264957265 0.7262620192307693 0.6052350427350427 0.7199519230769231 0.6121794871794872
2 0.7352764423076923 0.5988247863247863 0.7358774038461539 0.6127136752136753 0.7409855769230769 0.6137820512820513 0.7572115384615384 0.6020299145299145 0.7581129807692307 0.5913461538461539 0.7569110576923077 0.5860042735042735 0.7515024038461539 0.5865384615384616 0.7379807692307693 0.594551282051282
2 0.7578125 0.5849358974358975 0.7587139423076923 0.6004273504273504 0.7623197115384616 0.6014957264957265 0.7809495192307693 0.6004273504273504 0.7827524038461539 0.5982905982905983 0.7848557692307693 0.5886752136752137 0.7848557692307693 0.5849358974358975 0.7800480769230769 0.5822649572649573 0.7620192307692307 0.5811965811965812
2 0.7836538461538461 0.5950854700854701 0.7836538461538461 0.5993589743589743 0.7860576923076923 0.6025641025641025 0.8067908653846154 0.6153846153846154 0.8106971153846154 0.6127136752136753 0.8134014423076923 0.6030982905982906 0.8109975961538461 0.5961538461538461 0.7923677884615384 0.5838675213675214 0.7863581730769231 0.5849358974358975
2 0.8112980769230769 0.6121794871794872 0.8109975961538461 0.6159188034188035 0.8134014423076923 0.6196581196581197 0.8347355769230769 0.6378205128205128 0.8383413461538461 0.6335470085470085 0.8413461538461539 0.6233974358974359 0.8362379807692307 0.6148504273504274 0.8212139423076923 0.6030982905982906 0.8149038461538461 0.6047008547008547
2 0.8419471153846154 0.6239316239316239 0.83984375 0.6319444444444444 0.8368389423076923 0.6367521367521367 0.83984375 0.6436965811965812 0.8590745192307693 0.6650641025641025 0.8626802884615384 0.6650641025641025 0.8665865384615384 0.6581196581196581 0.8671875 0.6474358974358975 0.8656850961538461 0.6447649572649573 0.8464543269230769 0.624465811965812
2 0.8464543269230769 0.6068376068376068 0.8461538461538461 0.6121794871794872 0.8527644230769231 0.6239316239316239 0.8659855769230769 0.6415598290598291 0.8695913461538461 0.6415598290598291 0.8737980769230769 0.6335470085470085 0.8743990384615384 0.6271367521367521 0.8731971153846154 0.6239316239316239 0.8566706730769231 0.5988247863247863 0.8533653846153846 0.5988247863247863
2 0.8272235576923077 0.5753205128205128 0.8272235576923077 0.5806623931623932 0.8293269230769231 0.5854700854700855 0.8416466346153846 0.6073717948717948 0.8449519230769231 0.6105769230769231 0.8524639423076923 0.5993589743589743 0.8488581730769231 0.5881410256410257 0.8386418269230769 0.5705128205128205 0.8314302884615384 0.5683760683760684
2 0.8112980769230769 0.5341880341880342 0.8103966346153846 0.5400641025641025 0.8224158653846154 0.5694444444444444 0.8245192307692307 0.5721153846153846 0.8269230769230769 0.5715811965811965 0.8323317307692307 0.5651709401709402 0.8329326923076923 0.5592948717948718 0.8317307692307693 0.5544871794871795 0.8212139423076923 0.5293803418803419 0.81640625 0.5277777777777778
2 0.7962740384615384 0.5 0.7962740384615384 0.5058760683760684 0.8046875 0.5293803418803419 0.8070913461538461 0.5336538461538461 0.8112980769230769 0.5341880341880342 0.8152043269230769 0.5267094017094017 0.8152043269230769 0.5202991452991453 0.8079927884615384 0.49572649572649574 0.8052884615384616 0.4930555555555556 0.8010817307692307 0.4930555555555556
2 0.7890625 0.46634615384615385 0.7890625 0.4807692307692308 0.79296875 0.483974358974359 0.796875 0.483974358974359 0.7983774038461539 0.4807692307692308 0.8013822115384616 0.4561965811965812 0.80078125 0.44764957264957267 0.7962740384615384 0.44551282051282054 0.7914663461538461 0.4519230769230769
2 0.7680288461538461 0.4305555555555556 0.7653245192307693 0.4391025641025641 0.765625 0.4423076923076923 0.7683293269230769 0.44497863247863245 0.7860576923076923 0.4545940170940171 0.7896634615384616 0.453525641025641 0.7914663461538461 0.44925213675213677 0.7917668269230769 0.43963675213675213 0.7884615384615384 0.43482905982905984 0.7728365384615384 0.42735042735042733
2 0.728423076923077 0.3847350427350428 0.7399765625 0.4087809829059829 0.7442034254807692 0.41028418803418804 0.7487118389423078 0.4092820512820513 0.749557391826923 0.3972590811965812 0.7354678485576923 0.3722110042735043 0.7303957331730769 0.3767200854700855 0.728423076923077 0.3847350427350428
2 0.13650751201923078 0.449661858974359 0.13558623798076924 0.4368894230769231 0.13816556490384616 0.41887660256410253 0.14019200721153846 0.40643162393162396 0.1435078125 0.4041388888888889 0.14682391826923077 0.4041388888888889 0.14977133413461538 0.41265438034188034 0.1506923076923077 0.4257542735042735 0.14792908653846154 0.44311217948717946 0.14535006009615387 0.44442200854700853 0.1420339543269231 0.443767094017094 0.13982331730769232 0.44835202991452994 0.1385339543269231 0.4503167735042735
2 0.1506923076923077 0.40610416666666665 0.1554822716346154 0.38121367521367516 0.15419260817307692 0.37073397435897437 0.14921875 0.3671314102564103 0.14461328125 0.3677863247863248 0.14332361778846153 0.3759738247863248 0.14092878605769232 0.39758920940170944 0.14019200721153846 0.40250160256410256 0.13890234375 0.40905181623931625 0.14479747596153847 0.40250160256410256 0.14958713942307694 0.40675908119658116
2 0.1547451923076923 0.3710614316239316 0.15879807692307693 0.3484636752136752 0.1578771033653846 0.3402761752136752 0.15308743990384616 0.33863835470085474 0.15032391826923078 0.33863835470085474 0.14645522836538463 0.34649839743589744 0.14498167067307693 0.36385630341880343 0.14461328125 0.37007852564102567 0.14811328125 0.3684412393162393 0.15308743990384616 0.3694236111111111
1 0.28665865384615385 0.22756410256410256 0.2860576923076923 0.23076923076923078 0.2893629807692308 0.23824786324786323 0.29356971153846156 0.24091880341880342 0.30078125 0.2248931623931624 0.3016826923076923 0.2206196581196581 0.30078125 0.2094017094017094 0.2977764423076923 0.20673076923076922 0.2938701923076923 0.20886752136752137
1 0.2668269230769231 0.24091880341880342 0.2647235576923077 0.24465811965811965 0.2683293269230769 0.2590811965811966 0.2860576923076923 0.25053418803418803 0.28966346153846156 0.24626068376068377 0.29056490384615385 0.24145299145299146 0.2863581730769231 0.23130341880341881 0.2824519230769231 0.23130341880341881
1 0.2403846153846154 0.2564102564102564 0.23978365384615385 0.265491452991453 0.24308894230769232 0.26816239316239315 0.26231971153846156 0.26495726495726496 0.26742788461538464 0.25854700854700857 0.2647235576923077 0.2467948717948718 0.2626201923076923 0.24465811965811965 0.2442908653846154 0.24893162393162394 0.24128605769230768 0.25213675213675213
1 0.21243990384615385 0.25801282051282054 0.21213942307692307 0.265491452991453 0.21544471153846154 0.2676282051282051 0.23798076923076922 0.2670940170940171 0.23978365384615385 0.265491452991453 0.2403846153846154 0.2516025641025641 0.23557692307692307 0.24732905982905984 0.21634615384615385 0.24732905982905984 0.21334134615384615 0.25106837606837606
1 0.18389423076923078 0.28685897435897434 0.18299278846153846 0.29273504273504275 0.18389423076923078 0.296474358974359 0.19260817307692307 0.3002136752136752 0.20282451923076922 0.27884615384615385 0.20402644230769232 0.27297008547008544 0.203125 0.26495726495726496 0.19981971153846154 0.26014957264957267 0.19591346153846154 0.26121794871794873
1 0.16526442307692307 0.3344017094017094 0.16630438701923078 0.334329594017094 0.16887019230769232 0.3392094017094017 0.17518028846153846 0.33760683760683763 0.17848557692307693 0.3327991452991453 0.18269230769230768 0.32425213675213677 0.18479567307692307 0.3141025641025641 0.17938701923076922 0.3055555555555556 0.17518028846153846 0.3071581196581197 0.17127403846153846 0.31463675213675213
1 0.17217548076923078 0.48985042735042733 0.171875 0.49946581196581197 0.17457932692307693 0.5069444444444444 0.19951923076923078 0.5032051282051282 0.2049278846153846 0.49786324786324787 0.20342548076923078 0.483974358974359 0.20012019230769232 0.4791666666666667 0.17518028846153846 0.4861111111111111
1 0.20432692307692307 0.47863247863247865 0.20552884615384615 0.4946581196581197 0.20853365384615385 0.4962606837606838 0.2325721153846154 0.48344017094017094 0.23407451923076922 0.4807692307692308 0.23407451923076922 0.47275641025641024 0.23347355769230768 0.4668803418803419 0.22926682692307693 0.4642094017094017 0.2091346153846154 0.47275641025641024
1 0.234375 0.46314102564102566 0.23467548076923078 0.4807692307692308 0.23677884615384615 0.4823717948717949 0.2605168269230769 0.4700854700854701 0.2629206730769231 0.4668803418803419 0.2620192307692308 0.452991452991453 0.25931490384615385 0.45085470085470086 0.25060096153846156 0.452991452991453
1 0.26231971153846156 0.45032051282051283 0.26322115384615385 0.4636752136752137 0.2647235576923077 0.4674145299145299 0.2692307692307692 0.4674145299145299 0.28846153846153844 0.4583333333333333 0.2917668269230769 0.452991452991453 0.2899639423076923 0.44017094017094016 0.28725961538461536 0.4391025641025641 0.26772836538461536 0.44604700854700857
1 0.2920673076923077 0.43803418803418803 0.2926682692307692 0.45032051282051283 0.2956730769230769 0.45405982905982906 0.3176081730769231 0.4465811965811966 0.3206129807692308 0.4423076923076923 0.3191105769230769 0.4305555555555556 0.31430288461538464 0.42574786324786323 0.29447115384615385 0.43482905982905984
1 0.33804086538461536 0.42467948717948717 0.33774038461538464 0.43322649572649574 0.3395432692307692 0.43803418803418803 0.3596754807692308 0.4423076923076923 0.36328125 0.4423076923076923 0.36388221153846156 0.4407051282051282 0.36508413461538464 0.4252136752136752 0.3629807692307692 0.4230769230769231 0.34134615384615385 0.4172008547008547
1 0.36478365384615385 0.43482905982905984 0.36538461538461536 0.4423076923076923 0.36899038461538464 0.4439102564102564 0.3879206730769231 0.4481837606837607 0.39002403846153844 0.44711538461538464 0.3915264423076923 0.4423076923076923 0.3915264423076923 0.42948717948717946 0.3870192307692308 0.4268162393162393 0.3671875 0.42467948717948717 0.3659855769230769 0.42574786324786323
1 0.39393028846153844 0.4321581196581197 0.39302884615384615 0.4465811965811966 0.3948317307692308 0.44925213675213677 0.4131610576923077 0.452991452991453 0.41736778846153844 0.452991452991453 0.41947115384615385 0.4497863247863248 0.42007211538461536 0.43803418803418803 0.41856971153846156 0.4342948717948718 0.3981370192307692 0.4284188034188034
1 0.44861778846153844 0.4428418803418803 0.4483173076923077 0.4497863247863248 0.4495192307692308 0.45245726495726496 0.4563302283653846 0.45032051282051283 0.4738581730769231 0.4513888888888889 0.47475961538461536 0.4412393162393162 0.4735576923076923 0.43856837606837606 0.4528245192307692 0.43803418803418803
1 0.4756610576923077 0.4391025641025641 0.4753605769230769 0.44925213675213677 0.4774639423076923 0.45566239316239315 0.48647836538461536 0.4465811965811966 0.49759615384615385 0.4444444444444444 0.5 0.4423076923076923 0.5 0.4375 0.49819711538461536 0.43482905982905984 0.48768028846153844 0.43536324786324787
1 0.5 0.4375 0.5 0.44177350427350426 0.5036057692307693 0.4444444444444444 0.5225360576923077 0.4391025641025641 0.5234375 0.42948717948717946 0.5225360576923077 0.4268162393162393 0.5027043269230769 0.43482905982905984
1 0.5234375 0.42735042735042733 0.5255408653846154 0.43856837606837606 0.5300480769230769 0.43856837606837606 0.5432692307692307 0.4284188034188034 0.5450721153846154 0.4252136752136752 0.5447716346153846 0.4198717948717949 0.5414663461538461 0.4155982905982906 0.5363581730769231 0.4155982905982906 0.5246394230769231 0.42467948717948717
1 0.45763221153846156 0.22168803418803418 0.4573317307692308 0.2264957264957265 0.45943509615384615 0.23130341880341881 0.47115384615384615 0.24091880341880342 0.47506009615384615 0.24145299145299146 0.4774639423076923 0.23664529914529914 0.4774639423076923 0.22916666666666666 0.46634615384615385 0.21474358974358973 0.4612379807692308 0.21474358974358973
1 0.47716346153846156 0.23931623931623933 0.4768629807692308 0.24572649572649571 0.47836538461538464 0.24946581196581197 0.49158653846153844 0.2622863247863248 0.49609375 0.26282051282051283 0.4990985576923077 0.2553418803418803 0.4990985576923077 0.25106837606837606 0.49609375 0.24465811965811965 0.4873798076923077 0.2361111111111111 0.48046875 0.23237179487179488
1 0.49789663461538464 0.25854700854700857 0.4972956730769231 0.26495726495726496 0.5048076923076923 0.2767094017094017 0.5114182692307693 0.2825854700854701 0.5150240384615384 0.2825854700854701 0.5174278846153846 0.2692307692307692 0.5123197115384616 0.26175213675213677 0.5033052884615384 0.2532051282051282 0.4996995192307692 0.25427350427350426
1 0.5147235576923077 0.2783119658119658 0.5144230769230769 0.2825854700854701 0.5165264423076923 0.2863247863247863 0.5291466346153846 0.29754273504273504 0.5333533653846154 0.2986111111111111 0.5372596153846154 0.2932692307692308 0.5363581730769231 0.2825854700854701 0.5225360576923077 0.2708333333333333 0.5171274038461539 0.2719017094017094
1 0.5480769230769231 0.28525641025641024 0.5477764423076923 0.28952991452991456 0.5498798076923077 0.29433760683760685 0.5609975961538461 0.29113247863247865 0.5697115384615384 0.2825854700854701 0.5697115384615384 0.2724358974358974 0.5688100961538461 0.2708333333333333 0.5631009615384616 0.2708333333333333 0.5570913461538461 0.27297008547008544 0.5501802884615384 0.27884615384615385
1 0.5709134615384616 0.2686965811965812 0.5691105769230769 0.27350427350427353 0.5700120192307693 0.2825854700854701 0.5715144230769231 0.2831196581196581 0.5862379807692307 0.27564102564102566 0.5886418269230769 0.27136752136752135 0.5886418269230769 0.265491452991453 0.5862379807692307 0.2606837606837607 0.5811298076923077 0.2606837606837607
1 0.5865384615384616 0.25854700854700857 0.5859375 0.26175213675213677 0.5886418269230769 0.2719017094017094 0.5985576923076923 0.2692307692307692 0.6051682692307693 0.26495726495726496 0.6069711538461539 0.26121794871794873 0.6051682692307693 0.25267094017094016 0.6024639423076923 0.25 0.5922475961538461 0.2532051282051282
1 0.15668479567307692 0.37434615384615383 0.1619161658653846 0.3655101495726496 0.16819411057692307 0.3701607905982906 0.1713329326923077 0.3687654914529914 0.17290234375 0.3603952991452991 0.17734915865384615 0.33760897435897436 0.1768260216346154 0.3343536324786325 0.1700252403846154 0.33295833333333336 0.16688611778846155 0.33481891025641025 0.16453215144230768 0.3399337606837607 0.1621778846153846 0.3487692307692307 0.16113161057692307 0.35993002136752134 0.15720793269230768 0.3729508547008547
1 0.15197626201923076 0.4050373931623932 0.15799248798076923 0.37574091880341876 0.1627010216346154 0.3659754273504274 0.16505528846153844 0.36504540598290597 0.17107151442307694 0.36830074786324785 0.16819411057692307 0.38364636752136755 0.1627010216346154 0.41294284188034186 0.16008533653846155 0.40922275641025646 0.15616165865384615 0.4068979700854701 0.15223798076923079 0.4068979700854701
1 0.15040685096153844 0.44828525641025646 0.151453125 0.40736271367521365 0.15589993990384615 0.4036426282051282 0.16008533653846155 0.4045726495726496 0.16243930288461536 0.414338141025641 0.16165474759615384 0.4524700854700855 0.15668479567307692 0.44828525641025646 0.15276111778846155 0.44828525641025646
1 0.14909885817307694 0.4566554487179487 0.15773106971153844 0.4929273504273504 0.16348557692307694 0.49432264957264954 0.16662469951923078 0.49199732905982907 0.16714783653846155 0.48409188034188033 0.15799248798076923 0.4468899572649572 0.15511508413461536 0.4454946581196581 0.15119170673076923 0.447355235042735
4 0.21484375 0.202991452991453 0.21454326923076922 0.21741452991452992 0.2166466346153846 0.2206196581196581 0.2361778846153846 0.21741452991452992 0.23948317307692307 0.21367521367521367 0.23918269230769232 0.20245726495726496 0.2364783653846154 0.19818376068376067 0.2169471153846154 0.20085470085470086
4 0.2403846153846154 0.19925213675213677 0.23978365384615385 0.20833333333333334 0.24158653846153846 0.21581196581196582 0.25150240384615385 0.21634615384615385 0.2647235576923077 0.21314102564102563 0.2644230769230769 0.20085470085470086 0.2620192307692308 0.19604700854700854
4 0.26742788461538464 0.20192307692307693 0.26742788461538464 0.21207264957264957 0.2698317307692308 0.2142094017094017 0.28966346153846156 0.21367521367521367 0.29236778846153844 0.20993589743589744 0.29146634615384615 0.19818376068376067 0.2899639423076923 0.19497863247863248 0.27133413461538464 0.19604700854700854 0.2683293269230769 0.1987179487179487
4 0.30649038461538464 0.19658119658119658 0.30649038461538464 0.20886752136752137 0.31039663461538464 0.2110042735042735 0.32962740384615385 0.1997863247863248 0.3293269230769231 0.19391025641025642 0.3245192307692308 0.18482905982905984 0.3215144230769231 0.18482905982905984 0.3088942307692308 0.19230769230769232
4 0.33143028846153844 0.1842948717948718 0.3317307692307692 0.19604700854700854 0.33443509615384615 0.20032051282051283 0.35336538461538464 0.19604700854700854 0.35486778846153844 0.19337606837606838 0.3542668269230769 0.18002136752136752 0.35306490384615385 0.1778846153846154 0.33533653846153844 0.18055555555555555
4 0.35546875 0.17895299145299146 0.35546875 0.19230769230769232 0.3566706730769231 0.19444444444444445 0.37439903846153844 0.19444444444444445 0.3777043269230769 0.19230769230769232 0.37740384615384615 0.18162393162393162 0.3746995192307692 0.1762820512820513 0.3581730769230769 0.1762820512820513
4 0.3801081730769231 0.18162393162393162 0.3798076923076923 0.19230769230769232 0.3819110576923077 0.19444444444444445 0.4011418269230769 0.19658119658119658 0.4026442307692308 0.19337606837606838 0.40234375 0.18215811965811965 0.3996394230769231 0.17841880341880342 0.3831129807692308 0.1762820512820513
4 0.4035456730769231 0.18376068376068377 0.4035456730769231 0.19177350427350429 0.40564903846153844 0.1955128205128205 0.4209735576923077 0.20245726495726496 0.42518028846153844 0.19925213675213677 0.4260817307692308 0.1907051282051282 0.42518028846153844 0.18536324786324787 0.40835336538461536 0.1778846153846154 0.4053485576923077 0.1794871794871795
4 0.42578125 0.1955128205128205 0.4254807692307692 0.20245726495726496 0.4284855769230769 0.20619658119658119 0.44471153846153844 0.21314102564102563 0.4462139423076923 0.21314102564102563 0.44861778846153844 0.20726495726495728 0.44771634615384615 0.19658119658119658 0.4423076923076923 0.19230769230769232 0.42788461538461536 0.18803418803418803
4 0.4660456730769231 0.20673076923076922 0.46544471153846156 0.21314102564102563 0.47415865384615385 0.2222222222222222 0.4846754807692308 0.22275641025641027 0.4873798076923077 0.21794871794871795 0.48677884615384615 0.20673076923076922 0.4840745192307692 0.20405982905982906 0.4696514423076923 0.202991452991453
4 0.4918870192307692 0.2168803418803419 0.4918870192307692 0.2232905982905983 0.49429086538461536 0.22542735042735043 0.5093149038461539 0.22863247863247863 0.5123197115384616 0.22596153846153846 0.5144230769230769 0.2152777777777778 0.51171875 0.2110042735042735 0.49789663461538464 0.20673076923076922 0.49459134615384615 0.2077991452991453
4 0.5132211538461539 0.2232905982905983 0.5129206730769231 0.22863247863247863 0.5141225961538461 0.23183760683760685 0.5327524038461539 0.23664529914529914 0.5348557692307693 0.23504273504273504 0.5360576923076923 0.2248931623931624 0.5342548076923077 0.22008547008547008 0.51953125 0.2152777777777778 0.5159254807692307 0.21634615384615385
4 0.5357572115384616 0.22863247863247863 0.5354567307692307 0.234508547008547 0.5366586538461539 0.23717948717948717 0.5489783653846154 0.24091880341880342 0.5555889423076923 0.23985042735042736 0.5570913461538461 0.23237179487179488 0.5570913461538461 0.22756410256410256 0.5552884615384616 0.22435897435897437 0.5483774038461539 0.2222222222222222 0.5384615384615384 0.22168803418803418 0.5366586538461539 0.2232905982905983
4 0.5579927884615384 0.22702991452991453 0.5570913461538461 0.23397435897435898 0.5579927884615384 0.24091880341880342 0.5721153846153846 0.24626068376068377 0.578125 0.24465811965811965 0.5796274038461539 0.23557692307692307 0.5787259615384616 0.23076923076923078 0.5606971153846154 0.22435897435897437
4 0.5793269230769231 0.24091880341880342 0.5796274038461539 0.24572649572649571 0.5841346153846154 0.2483974358974359 0.5931490384615384 0.25053418803418803 0.6012620192307693 0.24732905982905984 0.6000600961538461 0.2361111111111111 0.5955528846153846 0.23237179487179488 0.5847355769230769 0.23076923076923078 0.5805288461538461 0.23557692307692307
4 0.6180889423076923 0.24786324786324787 0.6177884615384616 0.2553418803418803 0.6207932692307693 0.25961538461538464 0.6373197115384616 0.2638888888888889 0.6400240384615384 0.2590811965811966 0.6400240384615384 0.25106837606837606 0.63671875 0.2467948717948718 0.6225961538461539 0.2419871794871795
4 0.6421274038461539 0.2532051282051282 0.6397235576923077 0.26175213675213677 0.6415264423076923 0.265491452991453 0.6583533653846154 0.2692307692307692 0.6613581730769231 0.2686965811965812 0.6634615384615384 0.26495726495726496 0.6631610576923077 0.25587606837606836 0.6613581730769231 0.25267094017094016 0.6457331730769231 0.25
4 0.6881009615384616 0.2110042735042735 0.6868990384615384 0.2168803418803419 0.6893028846153846 0.22168803418803418 0.6962139423076923 0.2206196581196581 0.7046274038461539 0.21314102564102563 0.7058293269230769 0.20245726495726496 0.7034254807692307 0.1987179487179487 0.7001201923076923 0.1997863247863248 0.6941105769230769 0.202991452991453
4 0.7127403846153846 0.20833333333333334 0.7112379807692307 0.21741452991452992 0.7235576923076923 0.22756410256410256 0.7310697115384616 0.22863247863247863 0.7331730769230769 0.22275641025641027 0.7331730769230769 0.21634615384615385 0.73046875 0.21153846153846154 0.7175480769230769 0.20405982905982906
4 0.7331730769230769 0.22435897435897437 0.7322716346153846 0.23076923076923078 0.7358774038461539 0.23717948717948717 0.7515024038461539 0.24786324786324787 0.7533052884615384 0.24412393162393162 0.7542067307692307 0.23557692307692307 0.7527043269230769 0.23023504273504272 0.7379807692307693 0.2206196581196581 0.734375 0.22168803418803418
4 0.6683371394230769 0.26021848290598293 0.6728623798076924 0.2633125 0.67669140625 0.25867147435897436 0.6817388822115386 0.24320032051282053 0.6833052884615385 0.2391778846153846 0.681912860576923 0.23360844017094018 0.6796502403846154 0.23175213675213674 0.6773876201923077 0.2323707264957265 0.6759951923076923 0.23484615384615384 0.6726884014423077 0.23979700854700853 0.6705997596153845 0.2472227564102564
4 0.6834792668269232 0.23701228632478633 0.6897448918269231 0.22308867521367523 0.6904411057692308 0.2153530982905983 0.68922265625 0.21380608974358975 0.6871343149038461 0.21380608974358975 0.6855679086538462 0.21380608974358975 0.6834792668269232 0.21659081196581198 0.67982421875 0.22092254273504275 0.6775615985576924 0.22587339743589743 0.6744287860576923 0.23082371794871795 0.6737325721153845 0.23515544871794872 0.6765174278846153 0.23298985042735043 0.6779098557692307 0.2320614316239316 0.68295703125 0.23298985042735043
3 0.3428485576923077 0.6185897435897436 0.3425480769230769 0.6303418803418803 0.3449519230769231 0.6346153846153846 0.36568509615384615 0.6426282051282052 0.3698918269230769 0.6431623931623932 0.37259615384615385 0.6404914529914529 0.37289663461538464 0.625 0.3713942307692308 0.6217948717948718 0.34915865384615385 0.6116452991452992 0.34525240384615385 0.6127136752136753
3 0.37439903846153844 0.625 0.3740985576923077 0.6404914529914529 0.3759014423076923 0.6442307692307693 0.3984375 0.6495726495726496 0.4020432692307692 0.6490384615384616 0.40384615384615385 0.6447649572649573 0.40384615384615385 0.6298076923076923 0.4011418269230769 0.6260683760683761 0.3819110576923077 0.6217948717948718 0.37650240384615385 0.6217948717948718
3 0.4065504807692308 0.6372863247863247 0.40625 0.6474358974358975 0.40805288461538464 0.6501068376068376 0.41195913461538464 0.6511752136752137 0.41796875 0.6479700854700855 0.4206730769230769 0.6485042735042735 0.42818509615384615 0.6581196581196581 0.4332932692307692 0.6575854700854701 0.43689903846153844 0.6485042735042735 0.43689903846153844 0.6431623931623932 0.43509615384615385 0.6362179487179487 0.42578125 0.6324786324786325 0.4110576923076923 0.6292735042735043
3 0.4375 0.6036324786324786 0.4371995192307692 0.6303418803418803 0.4384014423076923 0.6420940170940171 0.44200721153846156 0.6452991452991453 0.4480168269230769 0.6442307692307693 0.4501201923076923 0.6404914529914529 0.4483173076923077 0.5988247863247863 0.44591346153846156 0.593482905982906
3 0.4338942307692308 0.5528846153846154 0.4338942307692308 0.594017094017094 0.43539663461538464 0.5998931623931624 0.43930288461538464 0.6014957264957265 0.44591346153846156 0.5950854700854701 0.44381009615384615 0.5758547008547008 0.44350961538461536 0.5496794871794872 0.43990384615384615 0.5448717948717948 0.4375 0.5448717948717948 0.43509615384615385 0.5470085470085471
3 0.4483173076923077 0.45245726495726496 0.4480168269230769 0.4674145299145299 0.4501201923076923 0.47115384615384615 0.47025240384615385 0.47275641025641024 0.4735576923076923 0.4706196581196581 0.47506009615384615 0.4668803418803419 0.47475961538461536 0.4567307692307692 0.47205528846153844 0.4519230769230769 0.4501201923076923 0.45032051282051283
3 0.47806490384615385 0.4561965811965812 0.47836538461538464 0.4668803418803419 0.48227163461538464 0.46955128205128205 0.49789663461538464 0.4668803418803419 0.50390625 0.4636752136752137 0.5048076923076923 0.46047008547008544 0.50390625 0.4481837606837607 0.4990985576923077 0.44497863247863245 0.4807692307692308 0.44871794871794873
3 0.5051081730769231 0.45032051282051283 0.5048076923076923 0.46314102564102566 0.5090144230769231 0.4642094017094017 0.5234375 0.4599358974358974 0.5294471153846154 0.4561965811965812 0.5297475961538461 0.44551282051282054 0.5276442307692307 0.44017094017094016 0.5219350961538461 0.43963675213675213 0.5075120192307693 0.4439102564102564 0.5054086538461539 0.44604700854700857
3 0.53125 0.4391025641025641 0.5303485576923077 0.4423076923076923 0.5306490384615384 0.452991452991453 0.5315504807692307 0.45566239316239315 0.5342548076923077 0.4561965811965812 0.5498798076923077 0.4481837606837607 0.5531850961538461 0.43856837606837606 0.5537860576923077 0.43162393162393164 0.5501802884615384 0.42574786324786323
3 0.5321514423076923 0.3894230769230769 0.5321514423076923 0.3995726495726496 0.5360576923076923 0.4107905982905983 0.5414663461538461 0.4155982905982906 0.5432692307692307 0.42254273504273504 0.5486778846153846 0.42094017094017094 0.5504807692307693 0.41613247863247865 0.5501802884615384 0.4107905982905983 0.5411658653846154 0.38782051282051283 0.5387620192307693 0.38461538461538464 0.5348557692307693 0.38354700854700857 0.5333533653846154 0.38461538461538464
3 0.5390625 0.3733974358974359 0.5384615384615384 0.3798076923076923 0.5399639423076923 0.38301282051282054 0.5426682692307693 0.38514957264957267 0.5465745192307693 0.38461538461538464 0.5570913461538461 0.37393162393162394 0.5643028846153846 0.36217948717948717 0.5588942307692307 0.358974358974359 0.5570913461538461 0.3547008547008547 0.5438701923076923 0.36538461538461536
3 0.5570913461538461 0.35363247863247865 0.5567908653846154 0.3557692307692308 0.5643028846153846 0.36324786324786323 0.5760216346153846 0.35202991452991456 0.5757211538461539 0.3418803418803419 0.5745192307692307 0.3402777777777778 0.5676081730769231 0.3418803418803419 0.5597956730769231 0.3488247863247863
3 0.5760216346153846 0.3370726495726496 0.5754206730769231 0.34455128205128205 0.5775240384615384 0.35202991452991456 0.5985576923076923 0.35202991452991456 0.5997596153846154 0.33760683760683763 0.5970552884615384 0.3349358974358974 0.5799278846153846 0.3333333333333333 0.5769230769230769 0.3344017094017094
3 0.5997596153846154 0.33814102564102566 0.5994591346153846 0.35202991452991456 0.6021634615384616 0.3541666666666667 0.6195913461538461 0.35683760683760685 0.6219951923076923 0.3530982905982906 0.6234975961538461 0.3450854700854701 0.6228966346153846 0.3418803418803419 0.6129807692307693 0.3370726495726496 0.6021634615384616 0.33600427350427353
3 0.6268028846153846 0.3344017094017094 0.6262019230769231 0.3392094017094017 0.6271033653846154 0.3418803418803419 0.6358173076923077 0.343482905982906 0.6478365384615384 0.33814102564102566 0.6499399038461539 0.3349358974358974 0.6499399038461539 0.33226495726495725 0.6487379807692307 0.32264957264957267 0.6472355769230769 0.32104700854700857 0.6310096153846154 0.32532051282051283 0.6283052884615384 0.328525641025641
3 0.6517427884615384 0.3189102564102564 0.6499399038461539 0.32104700854700857 0.6505408653846154 0.3311965811965812 0.65234375 0.3349358974358974 0.6655649038461539 0.3333333333333333 0.6697716346153846 0.33066239316239315 0.6703725961538461 0.3173076923076923 0.6682692307692307 0.3141025641025641
3 0.6727764423076923 0.3215811965811966 0.6724759615384616 0.327991452991453 0.6748798076923077 0.3317307692307692 0.6926081730769231 0.3333333333333333 0.6953125 0.33226495726495725 0.6968149038461539 0.327991452991453 0.6965144230769231 0.32051282051282054 0.6929086538461539 0.31517094017094016 0.6775841346153846 0.3141025641025641 0.6748798076923077 0.3157051282051282
3 0.43128575721153845 0.5350411324786325 0.4407469951923077 0.5344615384615384 0.44042067307692306 0.49444177350427354 0.4387893629807692 0.49067200854700854 0.4352007211538461 0.4895122863247863 0.4330802283653846 0.49067200854700854 0.4314489182692308 0.49531196581196585 0.4303070913461538 0.5048819444444445
3 0.4298176081730769 0.4935721153846154 0.42655528846153845 0.4668926282051282 0.42818629807692304 0.45413247863247863 0.4335694110576923 0.4515229700854701 0.43552704326923075 0.4518125 0.43748437500000004 0.4666025641025641 0.4394420072115385 0.49038194444444444 0.4369948918269231 0.49038194444444444 0.43373257211538463 0.48980235042735043 0.4322644230769231 0.49154220085470085 0.4309594350961538 0.49560202991452995
2 0.7244164663461539 0.3802056623931624 0.7153993389423078 0.361670405982906 0.7170901442307692 0.3521522435897436 0.720471454326923 0.3481442307692308 0.7221622596153847 0.3481442307692308 0.7337154447115384 0.3726912393162393 0.730615985576923 0.37569711538461537 0.7289251802884615 0.3822094017094017 0.7263891225961537 0.38621688034188034
3 0.7091280048076923 0.3238653846153846 0.7129290865384615 0.32837019230769227 0.7164489182692308 0.32411538461538464 0.7198275240384615 0.32161271367521366 0.7217986778846155 0.3208621794871795 0.7292602163461539 0.31335363247863246 0.7298233173076922 0.30659561965811966 0.7286971153846153 0.30209081196581195 0.7265853365384616 0.30083920940170944 0.724755108173077 0.3000886752136752 0.7220802283653847 0.3015902777777778 0.7116622596153845 0.31285309829059826 0.708705829326923 0.32061164529914526
3 0.7312310697115384 0.3063456196581197 0.7393966346153846 0.2945822649572649 0.7393966346153846 0.2885753205128205 0.7368623798076922 0.2858226495726495 0.7351730769230769 0.2858226495726495 0.7333428485576923 0.287073717948718 0.7320757211538461 0.2898269230769231 0.7243326322115385 0.29983814102564105 0.7271484374999999 0.3010897435897436 0.7277115384615385 0.3013397435897436 0.7295417668269231 0.3048440170940171 0.7299639423076923 0.30659561965811966
0 0.5609975961538461 0.4252136752136752 0.5606971153846154 0.4321581196581197 0.5640024038461539 0.4358974358974359 0.5682091346153846 0.4305555555555556 0.5745192307692307 0.43643162393162394 0.5847355769230769 0.4321581196581197 0.5865384615384616 0.4204059829059829 0.5844350961538461 0.4172008547008547 0.5637019230769231 0.41773504273504275
0 0.5871394230769231 0.4182692307692308 0.5865384615384616 0.43162393162393164 0.5877403846153846 0.43322649572649574 0.6066706730769231 0.4337606837606838 0.6102764423076923 0.4321581196581197 0.6111778846153846 0.42895299145299143 0.6108774038461539 0.41773504273504275 0.6057692307692307 0.41399572649572647 0.5907451923076923 0.4155982905982906
0 0.5949519230769231 0.5774572649572649 0.5946514423076923 0.5827991452991453 0.5964543269230769 0.5886752136752137 0.6000600961538461 0.5902777777777778 0.6042668269230769 0.5886752136752137 0.6039663461538461 0.5865384615384616 0.6102764423076923 0.5646367521367521 0.6105769230769231 0.5502136752136753 0.6036658653846154 0.5518162393162394 0.5988581730769231 0.563034188034188
0 0.6036658653846154 0.5432692307692307 0.6033653846153846 0.5475427350427351 0.6048677884615384 0.5496794871794872 0.6126802884615384 0.5491452991452992 0.6213942307692307 0.5224358974358975 0.6198918269230769 0.5170940170940171 0.6159855769230769 0.5128205128205128 0.6117788461538461 0.5197649572649573
0 0.6150841346153846 0.4700854700854701 0.6141826923076923 0.4983974358974359 0.6201923076923077 0.5037393162393162 0.6237980769230769 0.49893162393162394 0.625 0.468482905982906 0.6231971153846154 0.4594017094017094 0.6162860576923077 0.4652777777777778
0 0.6150841346153846 0.4321581196581197 0.61328125 0.4391025641025641 0.61328125 0.4551282051282051 0.6141826923076923 0.46314102564102566 0.6165865384615384 0.4674145299145299 0.6222956730769231 0.4620726495726496 0.6231971153846154 0.4321581196581197 0.6201923076923077 0.42895299145299143
0 0.6231971153846154 0.4342948717948718 0.6231971153846154 0.4439102564102564 0.625 0.44925213675213677 0.6415264423076923 0.453525641025641 0.6451322115384616 0.453525641025641 0.6478365384615384 0.4497863247863248 0.6478365384615384 0.43963675213675213 0.6457331730769231 0.43482905982905984 0.6301081730769231 0.4305555555555556 0.6243990384615384 0.4310897435897436
0 0.6487379807692307 0.44604700854700857 0.6481370192307693 0.45245726495726496 0.6493389423076923 0.45405982905982906 0.6682692307692307 0.46047008547008544 0.6721754807692307 0.4599358974358974 0.6739783653846154 0.452991452991453 0.6739783653846154 0.44497863247863245 0.671875 0.43963675213675213 0.6541466346153846 0.43536324786324787 0.6499399038461539 0.4391025641025641
0 0.7064302884615384 0.421474358974359 0.7052283653846154 0.4252136752136752 0.7079326923076923 0.4284188034188034 0.7097355769230769 0.43536324786324787 0.7253605769230769 0.4284188034188034 0.7277644230769231 0.4252136752136752 0.7283653846153846 0.41452991452991456 0.72265625 0.4113247863247863 0.7094350961538461 0.41773504273504275
0 0.7286658653846154 0.41613247863247865 0.7280649038461539 0.4236111111111111 0.7301682692307693 0.4268162393162393 0.7509014423076923 0.42948717948717946 0.7542067307692307 0.42467948717948717 0.75390625 0.4155982905982906 0.7524038461538461 0.4113247863247863 0.7506009615384616 0.41025641025641024 0.7346754807692307 0.4097222222222222 0.7301682692307693 0.4129273504273504
0 0.6905048076923077 0.297008547008547 0.69140625 0.3076923076923077 0.6989182692307693 0.32425213675213677 0.7046274038461539 0.32532051282051283 0.7073317307692307 0.3231837606837607 0.7076322115384616 0.31356837606837606 0.69921875 0.29594017094017094 0.6953125 0.2916666666666667
0 0.6814903846153846 0.2692307692307692 0.6820913461538461 0.2793803418803419 0.6890024038461539 0.29594017094017094 0.6932091346153846 0.2948717948717949 0.6956129807692307 0.2916666666666667 0.6941105769230769 0.2793803418803419 0.6890024038461539 0.2644230769230769 0.6844951923076923 0.26282051282051283 0.6820913461538461 0.265491452991453
0 0.6944465144230769 0.4516276709401709 0.7096475360576923 0.4368199786324786 0.7090228365384615 0.42904594017094017 0.7063158052884616 0.4249738247863248 0.7040252403846154 0.4257142094017094 0.6915315504807692 0.4364497863247863 0.6879915865384615 0.4442238247863248 0.689240985576923 0.44866613247863246 0.6927806490384616 0.45125747863247867
0 0.7623296274038461 0.4253440170940171 0.7646201923076923 0.4268247863247863 0.7662860576923076 0.42793536324786324 0.7694092548076923 0.42423344017094017 0.77565625 0.40424358974358976 0.7771138822115385 0.39758012820512817 0.77565625 0.39350801282051284 0.7716998197115384 0.39276762820512817 0.770033954326923 0.39387820512820515 0.7679519230769232 0.39869070512820515 0.7612884615384616 0.4209022435897436
0 0.7769056490384615 0.39980128205128207 0.78377734375 0.3779604700854701 0.7812785456730769 0.37129700854700853 0.7789879807692308 0.3709268162393162 0.7773221153846154 0.3738883547008547 0.7725327524038461 0.3827729700854701 0.7698257211538462 0.39424839743589746 0.7739903846153846 0.39276762820512817 0.7766974158653847 0.3968397435897436
0 0.7719080528846154 0.3587104700854701 0.7644119591346155 0.3402013888888889 0.7650366586538462 0.33020619658119654 0.7679519230769232 0.3290956196581197 0.7708668870192308 0.3290956196581197 0.7737821514423077 0.32983600427350424 0.7812785456730769 0.35315811965811966 0.7802373798076924 0.3605614316239316 0.7798209134615385 0.36278258547008546 0.7762809495192309 0.3635229700854701 0.7731574519230769 0.3635229700854701 0.7702421875 0.3587104700854701
0 0.7627460937499999 0.3339081196581197 0.7535838341346154 0.3102163461538462 0.754625 0.30170192307692306 0.7581649639423076 0.2983701923076923 0.7614966947115385 0.2987403846153846 0.7685766225961538 0.3213215811965812 0.768368389423077 0.3272446581196581 0.7677436899038461 0.32983600427350424 0.7650366586538462 0.3327975427350427
0 0.7340102163461538 0.3224321581196581 0.7442136418269231 0.30762500000000004 0.7454630408653846 0.2991105769230769 0.7433807091346154 0.29429807692307697 0.7406736778846154 0.2950384615384615 0.7385913461538463 0.2998509615384616 0.7323443509615385 0.3087355769230769 0.7304705528846154 0.31095673076923075 0.7313031850961539 0.3153990384615385 0.7323443509615385 0.3209513888888889
0 0.7186012620192308 0.33872061965811967 0.7152695312499999 0.3361292735042735 0.7133954326923077 0.3327975427350427 0.7169353966346154 0.32465331196581193 0.7275552884615385 0.3131778846153846 0.7321361177884615 0.31169711538461536 0.7344266826923077 0.3191009615384615 0.7323443509615385 0.3242831196581197 0.7250564903846153 0.33020619658119654 0.7229741586538462 0.33205715811965814 0.720891826923077 0.33501869658119654