4 0.18479567307692307 0.2932692307692308 0.18479567307692307 0.3060897435897436 0.18870192307692307 0.30822649572649574 0.203125 0.30288461538461536 0.20703125 0.3002136752136752 0.20793269230769232 0.297008547008547 0.20612980769230768 0.2863247863247863 0.20342548076923078 0.2847222222222222 0.1893028846153846 0.28952991452991456
4 0.2091346153846154 0.2841880341880342 0.20793269230769232 0.2863247863247863 0.20793269230769232 0.2938034188034188 0.21003605769230768 0.3002136752136752 0.23167067307692307 0.2932692307692308 0.22986778846153846 0.2825854700854701 0.22776442307692307 0.2783119658119658 0.22295673076923078 0.2783119658119658
4 0.23317307692307693 0.2799145299145299 0.23377403846153846 0.2905982905982906 0.23798076923076922 0.2922008547008547 0.25150240384615385 0.28846153846153844 0.25600961538461536 0.27884615384615385 0.2536057692307692 0.27297008547008544 0.25150240384615385 0.27136752136752135 0.2361778846153846 0.27564102564102566
4 0.2698317307692308 0.2670940170940171 0.27013221153846156 0.27884615384615385 0.27193509615384615 0.2825854700854701 0.2878605769230769 0.2724358974358974 0.29086538461538464 0.2686965811965812 0.2902644230769231 0.26335470085470086 0.28665865384615385 0.2564102564102564 0.2821514423076923 0.25747863247863245
4 0.29296875 0.25267094017094016 0.2926682692307692 0.26175213675213677 0.2956730769230769 0.2670940170940171 0.31069711538461536 0.26175213675213677 0.31460336538461536 0.25854700854700857 0.31430288461538464 0.25213675213675213 0.3125 0.24572649572649571 0.31069711538461536 0.24412393162393162 0.29927884615384615 0.24786324786324787
4 0.3152043269230769 0.24305555555555555 0.3152043269230769 0.2537393162393162 0.31700721153846156 0.25747863247863245 0.3323317307692308 0.2548076923076923 0.33653846153846156 0.2516025641025641 0.3359375 0.23985042735042736 0.3332331730769231 0.23717948717948717 0.3212139423076923 0.23931623931623933
4 0.3386418269230769 0.2377136752136752 0.3389423076923077 0.25 0.3410456730769231 0.2532051282051282 0.3557692307692308 0.2516025641025641 0.359375 0.2483974358974359 0.35877403846153844 0.2377136752136752 0.3563701923076923 0.234508547008547 0.34134615384615385 0.23504273504273504
4 0.36087740384615385 0.234508547008547 0.3602764423076923 0.24465811965811965 0.3623798076923077 0.24893162393162394 0.37740384615384615 0.25106837606837606 0.3801081730769231 0.24786324786324787 0.3801081730769231 0.2377136752136752 0.37740384615384615 0.234508547008547 0.3680889423076923 0.23237179487179488 0.3623798076923077 0.23237179487179488
4 0.38100961538461536 0.23664529914529914 0.38070913461538464 0.24786324786324787 0.3819110576923077 0.2516025641025641 0.39663461538461536 0.25587606837606836 0.39993990384615385 0.2553418803418803 0.40294471153846156 0.2516025641025641 0.4020432692307692 0.24091880341880342 0.40084134615384615 0.2387820512820513 0.38731971153846156 0.23557692307692307
4 0.4188701923076923 0.24519230769230768 0.4191706730769231 0.25213675213675213 0.42758413461538464 0.25801282051282054 0.43810096153846156 0.2564102564102564 0.4402043269230769 0.25267094017094016 0.4387019230769231 0.2419871794871795 0.43599759615384615 0.23931623931623933 0.421875 0.24091880341880342
4 0.44350961538461536 0.2483974358974359 0.44350961538461536 0.2532051282051282 0.4453125 0.25587606837606836 0.4612379807692308 0.25587606837606836 0.46334134615384615 0.2537393162393162 0.46424278846153844 0.24091880341880342 0.46153846153846156 0.2387820512820513 0.44591346153846156 0.23931623931623933
4 0.4645432692307692 0.24465811965811965 0.46424278846153844 0.2553418803418803 0.46694711538461536 0.25801282051282054 0.4813701923076923 0.25801282051282054 0.4855769230769231 0.2553418803418803 0.4846754807692308 0.24412393162393162 0.48197115384615385 0.24145299145299146 0.46664663461538464 0.2403846153846154
4 0.48647836538461536 0.24305555555555555 0.4855769230769231 0.2532051282051282 0.4873798076923077 0.25747863247863245 0.5018028846153846 0.25801282051282054 0.5060096153846154 0.2548076923076923 0.5057091346153846 0.24412393162393162 0.5042067307692307 0.2419871794871795
4 0.5069110576923077 0.24412393162393162 0.5063100961538461 0.2548076923076923 0.5084134615384616 0.2564102564102564 0.5234375 0.25801282051282054 0.52734375 0.2564102564102564 0.5279447115384616 0.2537393162393162 0.5276442307692307 0.24465811965811965 0.5255408653846154 0.24145299145299146 0.5108173076923077 0.23985042735042736 0.5084134615384616 0.2403846153846154
4 0.5294471153846154 0.24626068376068377 0.5291466346153846 0.2553418803418803 0.5324519230769231 0.25747863247863245 0.5414663461538461 0.2569444444444444 0.5501802884615384 0.25053418803418803 0.5492788461538461 0.2419871794871795 0.546875 0.23985042735042736 0.5321514423076923 0.23985042735042736 0.5300480769230769 0.24252136752136752
4 0.5685096153846154 0.24519230769230768 0.5679086538461539 0.24893162393162394 0.5658052884615384 0.2516025641025641 0.5676081730769231 0.25854700854700857 0.5697115384615384 0.26014957264957267 0.5850360576923077 0.2606837606837607 0.5880408653846154 0.25801282051282054 0.5889423076923077 0.25267094017094016 0.5883413461538461 0.24626068376068377 0.5856370192307693 0.24412393162393162 0.5703125 0.24252136752136752
4 0.5907451923076923 0.24786324786324787 0.5907451923076923 0.25854700854700857 0.5922475961538461 0.26014957264957267 0.6096754807692307 0.26014957264957267 0.6114783653846154 0.25801282051282054 0.6114783653846154 0.24732905982905984 0.6090745192307693 0.24358974358974358 0.5952524038461539 0.24412393162393162
4 0.640625 0.19925213675213677 0.6409254807692307 0.20993589743589744 0.6442307692307693 0.2110042735042735 0.6556490384615384 0.20192307692307693 0.6589543269230769 0.1955128205128205 0.6577524038461539 0.1891025641025641 0.6541466346153846 0.18536324786324787 0.6436298076923077 0.19337606837606838
4 0.6649639423076923 0.19017094017094016 0.6643629807692307 0.1997863247863248 0.6691706730769231 0.20405982905982906 0.6823918269230769 0.20833333333333334 0.6850961538461539 0.20566239316239315 0.6871995192307693 0.19764957264957264 0.6853966346153846 0.19230769230769232 0.6754807692307693 0.18803418803418803 0.66796875 0.18643162393162394
4 0.6862980769230769 0.20245726495726496 0.6859975961538461 0.20993589743589744 0.6959134615384616 0.21634615384615385 0.7049278846153846 0.21848290598290598 0.7064302884615384 0.21794871794871795 0.7079326923076923 0.21367521367521367 0.7079326923076923 0.20566239316239315 0.7040264423076923 0.2013888888888889 0.6890024038461539 0.19604700854700854
4 0.6178542668269231 0.24972008547008548 0.624942608173077 0.25152029914529916 0.6344903846153845 0.22785950854700854 0.6336222956730769 0.22065865384615382 0.6289930889423078 0.2204017094017094 0.62769140625 0.2204017094017094 0.61930078125 0.2373755341880342
4 0.6350691105769232 0.2263167735042735 0.6411448317307692 0.21602938034188032 0.6418680889423077 0.2052280982905983 0.6373837139423078 0.20085630341880342 0.626533954326923 0.21654380341880342 0.6274020432692308 0.2216875 0.6307292668269231 0.2204017094017094 0.6342010216346154 0.22143055555555555
1 0.24759615384615385 0.30074786324786323 0.24729567307692307 0.3034188034188034 0.25150240384615385 0.31143162393162394 0.25540865384615385 0.31303418803418803 0.26352163461538464 0.297008547008547 0.2647235576923077 0.29273504273504275 0.2644230769230769 0.2863247863247863 0.2620192307692308 0.280982905982906 0.2581129807692308 0.2799145299145299 0.2503004807692308 0.2922008547008547
1 0.22926682692307693 0.3141025641025641 0.22806490384615385 0.32104700854700857 0.23076923076923078 0.3317307692307692 0.23407451923076922 0.3317307692307692 0.2478966346153846 0.32211538461538464 0.2527286658653846 0.3133445512820513 0.2481971153846154 0.30128205128205127 0.23798076923076922 0.30662393162393164
1 0.20582932692307693 0.33066239316239315 0.20552884615384615 0.3418803418803419 0.2088341346153846 0.344017094017094 0.22686298076923078 0.33760683760683763 0.23016826923076922 0.33226495726495725 0.22716346153846154 0.31837606837606836 0.21213942307692307 0.3231837606837607 0.20733173076923078 0.3269230769230769
1 0.18028846153846154 0.33974358974358976 0.18058894230769232 0.3488247863247863 0.18629807692307693 0.34935897435897434 0.20402644230769232 0.344017094017094 0.20552884615384615 0.3418803418803419 0.20552884615384615 0.3349358974358974 0.203125 0.3269230769230769 0.19260817307692307 0.32745726495726496 0.18269230769230768 0.3311965811965812
1 0.15234375 0.3696581196581197 0.15264423076923078 0.3782051282051282 0.16165865384615385 0.3814102564102564 0.17157451923076922 0.3627136752136752 0.17307692307692307 0.358974358974359 0.17307692307692307 0.3541666666666667 0.17037259615384615 0.34775641025641024 0.16466346153846154 0.34615384615384615 0.15745192307692307 0.35683760683760685
1 0.13641826923076922 0.4043803418803419 0.13396033653846154 0.41326335470085473 0.13970612980769231 0.4155977564102564 0.14393028846153846 0.4188034188034188 0.15144230769230768 0.4049145299145299 0.15294471153846154 0.3936965811965812 0.14813701923076922 0.38621794871794873 0.14603365384615385 0.38621794871794873 0.14002403846153846 0.39476495726495725
1 0.11388221153846154 0.5138888888888888 0.11358173076923077 0.5224358974358975 0.1162860576923077 0.5459401709401709 0.11868990384615384 0.5496794871794872 0.12319711538461539 0.5486111111111112 0.12620192307692307 0.5443376068376068 0.12740384615384615 0.5395299145299145 0.1240985576923077 0.5251068376068376 0.12319711538461539 0.5149572649572649 0.1162860576923077 0.5101495726495726
1 0.12980769230769232 0.5432692307692307 0.13040865384615385 0.5571581196581197 0.13311298076923078 0.5598290598290598 0.1544471153846154 0.5518162393162394 0.15955528846153846 0.5464743589743589 0.15775240384615385 0.5352564102564102 0.15504807692307693 0.530982905982906 0.13371394230769232 0.5379273504273504
1 0.15895432692307693 0.5267094017094017 0.1583533653846154 0.5331196581196581 0.15985576923076922 0.5432692307692307 0.1622596153846154 0.5448717948717948 0.1856971153846154 0.5293803418803419 0.18719951923076922 0.5245726495726496 0.1853966346153846 0.5122863247863247 0.1817908653846154 0.5106837606837606 0.16135817307692307 0.5219017094017094
1 0.18509615384615385 0.5112179487179487 0.1875 0.5256410256410257 0.19290865384615385 0.5272435897435898 0.21334134615384615 0.5117521367521367 0.21364182692307693 0.5085470085470085 0.21123798076923078 0.49732905982905984 0.20643028846153846 0.49572649572649574 0.19140625 0.5048076923076923
1 0.21243990384615385 0.4935897435897436 0.21183894230769232 0.49732905982905984 0.21364182692307693 0.5074786324786325 0.21574519230769232 0.5106837606837606 0.21995192307692307 0.5101495726495726 0.23557692307692307 0.5016025641025641 0.23918269230769232 0.4983974358974359 0.2403846153846154 0.4946581196581197 0.23888221153846154 0.48504273504273504 0.23497596153846154 0.4807692307692308
1 0.23978365384615385 0.47863247863247865 0.2403846153846154 0.48985042735042733 0.24368990384615385 0.4946581196581197 0.2653245192307692 0.48504273504273504 0.26802884615384615 0.4813034188034188 0.2659254807692308 0.4668803418803419 0.2629206730769231 0.4642094017094017 0.2442908653846154 0.4732905982905983
1 0.2839543269230769 0.45886752136752135 0.2839543269230769 0.4700854700854701 0.2860576923076923 0.4732905982905983 0.3049879807692308 0.4722222222222222 0.30799278846153844 0.4700854700854701 0.3082932692307692 0.4561965811965812 0.3049879807692308 0.453525641025641 0.28725961538461536 0.45245726495726496
1 0.30919471153846156 0.4567307692307692 0.3088942307692308 0.4668803418803419 0.31039663461538464 0.4716880341880342 0.33143028846153844 0.4738247863247863 0.33413461538461536 0.4706196581196581 0.33383413461538464 0.4561965811965812 0.3317307692307692 0.453525641025641 0.31430288461538464 0.452991452991453
1 0.3371394230769231 0.452991452991453 0.3347355769230769 0.4561965811965812 0.3350360576923077 0.4700854700854701 0.3362379807692308 0.4716880341880342 0.35697115384615385 0.47275641025641024 0.36147836538461536 0.468482905982906 0.36147836538461536 0.4594017094017094 0.35877403846153844 0.452991452991453
1 0.3879206730769231 0.4567307692307692 0.3876201923076923 0.46047008547008544 0.3897235576923077 0.46260683760683763 0.3972355769230769 0.46047008547008544 0.4113581730769231 0.4620726495726496 0.4128605769230769 0.4513888888888889 0.41165865384615385 0.44871794871794873 0.40805288461538464 0.4481837606837607 0.3972355769230769 0.44925213675213677 0.3909254807692308 0.4519230769230769
1 0.4140625 0.44925213675213677 0.4140625 0.4561965811965812 0.41586538461538464 0.4577991452991453 0.42818509615384615 0.4513888888888889 0.43689903846153844 0.4497863247863248 0.4378004807692308 0.44604700854700857 0.4362980769230769 0.4412393162393162 0.43179086538461536 0.43963675213675213 0.4245793269230769 0.44177350427350426
1 0.4384014423076923 0.43963675213675213 0.4378004807692308 0.44604700854700857 0.44290865384615385 0.4481837606837607 0.44741586538461536 0.4439102564102564 0.4606370192307692 0.43856837606837606 0.46153846153846156 0.43536324786324787 0.4600360576923077 0.4305555555555556 0.45522836538461536 0.4305555555555556
1 0.46274038461538464 0.42414529914529914 0.46033653846153844 0.4284188034188034 0.46153846153846156 0.4337606837606838 0.46334134615384615 0.43696581196581197 0.4675480769230769 0.4375 0.4834735576923077 0.4252136752136752 0.48377403846153844 0.421474358974359 0.4816706730769231 0.41613247863247865 0.47716346153846156 0.41452991452991456
1 0.4104567307692308 0.2564102564102564 0.4098557692307692 0.265491452991453 0.41075721153846156 0.2670940170940171 0.42127403846153844 0.27564102564102566 0.42638221153846156 0.2761752136752137 0.42788461538461536 0.26495726495726496 0.42518028846153844 0.25854700854700857 0.4182692307692308 0.25267094017094016 0.41225961538461536 0.2532051282051282
1 0.4269831730769231 0.2686965811965812 0.42638221153846156 0.27564102564102566 0.42818509615384615 0.2793803418803419 0.4426081730769231 0.28899572649572647 0.4462139423076923 0.28525641025641024 0.44711538461538464 0.2761752136752137 0.44290865384615385 0.2708333333333333 0.4293870192307692 0.2644230769230769
1 0.4453125 0.2857905982905983 0.4450120192307692 0.28952991452991456 0.4504206730769231 0.296474358974359 0.4597355769230769 0.3034188034188034 0.4618389423076923 0.30235042735042733 0.46274038461538464 0.28952991452991456 0.4567307692307692 0.281517094017094 0.4489182692307692 0.27724358974358976
1 0.46274038461538464 0.2900641025641026 0.46243990384615385 0.30074786324786323 0.4657451923076923 0.30662393162393164 0.47716346153846156 0.3141025641025641 0.4846754807692308 0.31036324786324787 0.4840745192307692 0.3018162393162393 0.4816706730769231 0.297008547008547 0.46724759615384615 0.28899572649572647
1 0.49549278846153844 0.2938034188034188 0.4948918269230769 0.29967948717948717 0.49609375 0.30448717948717946 0.4996995192307692 0.3055555555555556 0.5051081730769231 0.3034188034188034 0.5162259615384616 0.29273504273504275 0.515625 0.28205128205128205 0.5138221153846154 0.2799145299145299 0.5084134615384616 0.280982905982906 0.5009014423076923 0.2857905982905983
1 0.5165264423076923 0.2793803418803419 0.5168269230769231 0.2916666666666667 0.5237379807692307 0.2900641025641026 0.5360576923076923 0.2793803418803419 0.5354567307692307 0.265491452991453 0.5327524038461539 0.2644230769230769 0.5258413461538461 0.26816239316239315 0.5183293269230769 0.27510683760683763
1 0.5363581730769231 0.26282051282051283 0.53515625 0.26495726495726496 0.5363581730769231 0.2793803418803419 0.5525841346153846 0.2702991452991453 0.5537860576923077 0.2686965811965812 0.5546875 0.26121794871794873 0.5537860576923077 0.2553418803418803 0.5501802884615384 0.25267094017094016
1 0.13714813701923076 0.4470395299145299 0.14411508413461538 0.4222676282051282 0.1428251201923077 0.41538675213675214 0.13379356971153847 0.4130929487179487 0.1261814903846154 0.4403878205128205 0.12527824519230768 0.44313995726495725 0.12901983173076922 0.4429107905982906 0.13676111778846153 0.44635149572649574
1 0.1277295673076923 0.48144497863247865 0.13663191105769232 0.44910363247863244 0.13456760817307692 0.4429107905982906 0.12734254807692308 0.44130502136752137 0.12502013221153846 0.4435988247863248 0.11753695913461538 0.4706645299145299 0.11753695913461538 0.4720405982905983 0.1206337139423077 0.47249946581196584 0.124375 0.4754813034188034
1 0.12373016826923076 0.5128680555555556 0.1266974158653846 0.48029807692307697 0.12398798076923077 0.4745635683760684 0.11792427884615385 0.4736463675213676 0.11469861778846153 0.5013995726495727 0.11366646634615384 0.5110331196581197 0.11598888221153847 0.5103450854700855
2 0.12289663461538461 0.4129273504273504 0.12289663461538461 0.41773504273504275 0.12650240384615385 0.42467948717948717 0.13010817307692307 0.421474358974359 0.13942307692307693 0.39316239316239315 0.13671875 0.3894230769230769 0.13161057692307693 0.390491452991453 0.12590144230769232 0.4027777777777778
2 0.10366586538461539 0.5154914529914529 0.10276442307692307 0.5235042735042735 0.1045673076923077 0.5496794871794872 0.10877403846153846 0.5523504273504274 0.11508413461538461 0.5502136752136753 0.11538461538461539 0.5395299145299145 0.1123798076923077 0.5176282051282052 0.10997596153846154 0.5138888888888888
2 0.10787259615384616 0.5662393162393162 0.10787259615384616 0.5742521367521367 0.11268028846153846 0.5966880341880342 0.1162860576923077 0.6047008547008547 0.12289663461538461 0.6020299145299145 0.1240985576923077 0.5993589743589743 0.12319711538461539 0.5924145299145299 0.11778846153846154 0.5715811965811965 0.11268028846153846 0.5641025641025641 0.10907451923076923 0.5641025641025641
2 0.17608173076923078 0.6511752136752137 0.17578125 0.6645299145299145 0.17878605769230768 0.6704059829059829 0.19591346153846154 0.6837606837606838 0.2013221153846154 0.6789529914529915 0.20282451923076922 0.6725427350427351 0.20252403846153846 0.6682692307692307 0.19651442307692307 0.6581196581196581 0.18269230769230768 0.6479700854700855 0.17818509615384615 0.6474358974358975
2 0.20372596153846154 0.6730769230769231 0.20402644230769232 0.6853632478632479 0.20582932692307693 0.6875 0.22205528846153846 0.6928418803418803 0.23016826923076922 0.6928418803418803 0.2322716346153846 0.688034188034188 0.23407451923076922 0.6714743589743589 0.23137019230769232 0.6682692307692307 0.20763221153846154 0.6645299145299145 0.20432692307692307 0.6677350427350427
2 0.23317307692307693 0.6784188034188035 0.23287259615384615 0.6923076923076923 0.234375 0.6939102564102564 0.25450721153846156 0.6981837606837606 0.2590144230769231 0.6981837606837606 0.2614182692307692 0.6960470085470085 0.2608173076923077 0.6837606837606838 0.2620192307692308 0.6784188034188035 0.26021634615384615 0.6768162393162394 0.2551081730769231 0.6741452991452992 0.23587740384615385 0.6709401709401709 0.23407451923076922 0.6725427350427351
2 0.2620192307692308 0.6784188034188035 0.26171875 0.6949786324786325 0.26382211538461536 0.6981837606837606 0.28846153846153844 0.6981837606837606 0.29236778846153844 0.6949786324786325 0.2917668269230769 0.6816239316239316 0.2899639423076923 0.6768162393162394
2 0.29146634615384615 0.6762820512820513 0.2932692307692308 0.6923076923076923 0.29477163461538464 0.6939102564102564 0.31790865384615385 0.6858974358974359 0.32181490384615385 0.6832264957264957 0.3233173076923077 0.6800213675213675 0.3230168269230769 0.6752136752136753 0.31850961538461536 0.6629273504273504 0.2965745192307692 0.6709401709401709
2 0.3233173076923077 0.6586538461538461 0.3230168269230769 0.6655982905982906 0.3245192307692308 0.6752136752136753 0.32602163461538464 0.6784188034188035 0.3290264423076923 0.6794871794871795 0.3524639423076923 0.6655982905982906 0.35366586538461536 0.6623931623931624 0.35396634615384615 0.6538461538461539 0.3518629807692308 0.6474358974358975 0.3446514423076923 0.6442307692307693 0.3278245192307692 0.6527777777777778
2 0.3957331730769231 0.6378205128205128 0.3972355769230769 0.6506410256410257 0.4014423076923077 0.6522435897435898 0.4221754807692308 0.6415598290598291 0.42518028846153844 0.6356837606837606 0.42337740384615385 0.6233974358974359 0.4209735576923077 0.6207264957264957 0.41796875 0.6207264957264957 0.3993389423076923 0.6308760683760684
2 0.42638221153846156 0.6196581196581197 0.4260817307692308 0.6303418803418803 0.42818509615384615 0.6367521367521367 0.4495192307692308 0.6287393162393162 0.453125 0.6266025641025641 0.45462740384615385 0.6228632478632479 0.4534254807692308 0.6100427350427351 0.45132211538461536 0.6073717948717948 0.4462139423076923 0.6073717948717948 0.4332932692307692 0.6121794871794872 0.42758413461538464 0.6159188034188035
2 0.45492788461538464 0.6057692307692307 0.45643028846153844 0.6233974358974359 0.47716346153846156 0.6159188034188035 0.48197115384615385 0.6127136752136753 0.48257211538461536 0.6100427350427351 0.48106971153846156 0.594017094017094 0.47445913461538464 0.594551282051282 0.46424278846153844 0.5988247863247863
2 0.4831730769230769 0.592948717948718 0.4840745192307692 0.6084401709401709 0.48587740384615385 0.6105769230769231 0.5084134615384616 0.5998931623931624 0.5105168269230769 0.5956196581196581 0.5087139423076923 0.5838675213675214 0.5054086538461539 0.5790598290598291 0.4879807692307692 0.5881410256410257
2 0.5306490384615384 0.5769230769230769 0.5297475961538461 0.5881410256410257 0.5498798076923077 0.6047008547008547 0.5546875 0.6004273504273504 0.5552884615384616 0.5908119658119658 0.5537860576923077 0.5849358974358975 0.5360576923076923 0.5689102564102564 0.5327524038461539 0.5683760683760684
2 0.5673076923076923 0.6047008547008547 0.5670072115384616 0.6132478632478633 0.5679086538461539 0.6159188034188035 0.5706129807692307 0.6175213675213675 0.578125 0.6159188034188035 0.59375 0.6073717948717948 0.5952524038461539 0.6030982905982906 0.5952524038461539 0.594017094017094 0.5925480769230769 0.5881410256410257 0.5877403846153846 0.5886752136752137 0.5715144230769231 0.5956196581196581 0.5685096153846154 0.5998931623931624
2 0.5961538461538461 0.5870726495726496 0.5967548076923077 0.6004273504273504 0.5994591346153846 0.6020299145299145 0.6057692307692307 0.5998931623931624 0.6207932692307693 0.5913461538461539 0.6228966346153846 0.5854700854700855 0.6225961538461539 0.5742521367521367 0.6216947115384616 0.5710470085470085 0.6186899038461539 0.5699786324786325 0.6042668269230769 0.5774572649572649 0.5994591346153846 0.5811965811965812
2 0.49459134615384615 0.47702991452991456 0.4924879807692308 0.4909188034188034 0.4972956730769231 0.4951923076923077 0.5027043269230769 0.4935897435897436 0.5066105769230769 0.4700854700854701 0.5066105769230769 0.4577991452991453 0.5051081730769231 0.45245726495726496 0.4987980769230769 0.45405982905982906
2 0.4990985576923077 0.4423076923076923 0.49819711538461536 0.4561965811965812 0.5003004807692307 0.453525641025641 0.5051081730769231 0.45405982905982906 0.5096153846153846 0.43856837606837606 0.5102163461538461 0.42574786324786323 0.5075120192307693 0.4230769230769231 0.5018028846153846 0.42467948717948717
2 0.5009014423076923 0.5037393162393162 0.5015024038461539 0.5186965811965812 0.5084134615384616 0.5384615384615384 0.5114182692307693 0.5347222222222222 0.5153245192307693 0.5336538461538461 0.5120192307692307 0.5154914529914529 0.5069110576923077 0.49893162393162394 0.5054086538461539 0.4967948717948718 0.5021033653846154 0.49786324786324787
2 0.6433293269230769 0.5763888888888888 0.6439302884615384 0.5844017094017094 0.6475360576923077 0.5881410256410257 0.6556490384615384 0.5817307692307693 0.6676682692307693 0.5646367521367521 0.6667668269230769 0.5528846153846154 0.6646634615384616 0.5507478632478633 0.6592548076923077 0.5523504273504274 0.6460336538461539 0.5678418803418803
2 0.6670673076923077 0.5486111111111112 0.6664663461538461 0.5528846153846154 0.6685697115384616 0.5614316239316239 0.6712740384615384 0.5635683760683761 0.6751802884615384 0.563034188034188 0.6905048076923077 0.5512820512820513 0.6929086538461539 0.5464743589743589 0.6926081730769231 0.5395299145299145 0.6902043269230769 0.5325854700854701 0.6853966346153846 0.5325854700854701 0.6712740384615384 0.5422008547008547
2 0.6932091346153846 0.532051282051282 0.6941105769230769 0.5470085470085471 0.7034254807692307 0.5470085470085471 0.7190504807692307 0.5432692307692307 0.7208533653846154 0.5288461538461539 0.7175480769230769 0.5245726495726496 0.70703125 0.5251068376068376 0.6959134615384616 0.5272435897435898
2 0.7217548076923077 0.5352564102564102 0.7223557692307693 0.5432692307692307 0.7313701923076923 0.5470085470085471 0.7487980769230769 0.5518162393162394 0.7503004807692307 0.5464743589743589 0.7509014423076923 0.5363247863247863 0.75 0.5325854700854701 0.7475961538461539 0.530448717948718 0.7313701923076923 0.5245726495726496 0.7262620192307693 0.5245726495726496 0.7229567307692307 0.5288461538461539
2 0.7524038461538461 0.5454059829059829 0.7518028846153846 0.5534188034188035 0.7551081730769231 0.5576923076923077 0.7755408653846154 0.5694444444444444 0.77734375 0.5683760683760684 0.7788461538461539 0.5641025641025641 0.7800480769230769 0.5534188034188035 0.7785456730769231 0.5470085470085471 0.7761418269230769 0.5432692307692307 0.7593149038461539 0.5363247863247863 0.7542067307692307 0.5363247863247863
2 0.7800480769230769 0.5566239316239316 0.7776442307692307 0.5705128205128205 0.78125 0.5747863247863247 0.8031850961538461 0.5918803418803419 0.8079927884615384 0.5860042735042735 0.8082932692307693 0.5721153846153846 0.8049879807692307 0.5651709401709402 0.7977764423076923 0.561965811965812 0.7866586538461539 0.5528846153846154 0.7830528846153846 0.5523504273504274
2 0.7899639423076923 0.5363247863247863 0.7893629807692307 0.5432692307692307 0.80859375 0.5667735042735043 0.8137019230769231 0.5678418803418803 0.8173076923076923 0.5598290598290598 0.8170072115384616 0.5502136752136753 0.8001802884615384 0.5283119658119658 0.7953725961538461 0.5267094017094017
2 0.7689302884615384 0.5085470085470085 0.7692307692307693 0.5149572649572649 0.7749399038461539 0.5251068376068376 0.7827524038461539 0.5363247863247863 0.7899639423076923 0.5416666666666666 0.7944711538461539 0.5261752136752137 0.7902644230769231 0.5181623931623932 0.7761418269230769 0.5
2 0.7542067307692307 0.47489316239316237 0.7551081730769231 0.48344017094017094 0.7584134615384616 0.49145299145299143 0.765625 0.5058760683760684 0.7692307692307693 0.5090811965811965 0.7746394230769231 0.4983974358974359 0.7749399038461539 0.4930555555555556 0.7737379807692307 0.48824786324786323 0.7620192307692307 0.4668803418803419 0.7578125 0.46794871794871795
2 0.7412860576923077 0.44337606837606836 0.7406850961538461 0.4497863247863248 0.7478966346153846 0.4706196581196581 0.7512019230769231 0.47489316239316237 0.7551081730769231 0.47275641025641024 0.7581129807692307 0.4668803418803419 0.7584134615384616 0.46260683760683763 0.7518028846153846 0.4407051282051282 0.7481971153846154 0.43696581196581197 0.7445913461538461 0.43696581196581197
2 0.7340745192307693 0.421474358974359 0.7340745192307693 0.42735042735042733 0.7358774038461539 0.4305555555555556 0.7418870192307693 0.4310897435897436 0.7433894230769231 0.42895299145299143 0.7472956730769231 0.39850427350427353 0.7457932692307693 0.3936965811965812 0.7412860576923077 0.39316239316239315 0.7394831730769231 0.3958333333333333
2 0.7124399038461539 0.38675213675213677 0.7112379807692307 0.3974358974358974 0.7127403846153846 0.3995726495726496 0.7232572115384616 0.4011752136752137 0.7328725961538461 0.40544871794871795 0.7364783653846154 0.40384615384615385 0.7367788461538461 0.3920940170940171 0.734375 0.3856837606837607 0.7169471153846154 0.3803418803418803
2 0.6623846153846155 0.3303125 0.6747010216346154 0.3522083333333333 0.6766950120192308 0.34240758547008543 0.6816216947115384 0.3392793803418803 0.6680150240384616 0.31550694444444444 0.6626192908653846 0.3182179487179487
2 0.6743491586538461 0.3522083333333333 0.6849059495192308 0.36951655982905984 0.6929996995192307 0.3709759615384615 0.694524639423077 0.35971527777777773 0.682208233173077 0.33761111111111114 0.6770471754807693 0.34094764957264956
2 0.5152923677884615 0.5751276709401709 0.5251454326923077 0.5709572649572651 0.51576171875 0.5307104700854701 0.5114215745192308 0.5317532051282051 0.508841045673077 0.543639423076923 0.5143539663461538 0.57471047008547
2 0.13324459134615385 0.6426800213675213 0.1495021033653846 0.6633798076923076 0.15905889423076922 0.6547873931623931 0.15686177884615382 0.6465854700854701 0.14159314903846154 0.6260806623931623 0.13533173076923077 0.6266666666666666 0.13269561298076923 0.633892094017094
2 0.13071814903846152 0.6370165598290598 0.11786598557692307 0.6169022435897435 0.11665775240384615 0.6042088675213675 0.12127133413461538 0.5991314102564103 0.12654417067307694 0.603036858974359 0.14082421875 0.6243231837606837 0.1361006610576923 0.6256901709401709 0.13236598557692308 0.6350635683760684 0.1322560096153846 0.6411175213675214 0.1297295673076923 0.6370165598290598
2 0.10226772836538461 0.5143782051282052 0.10040054086538461 0.5048092948717949 0.10611237980769231 0.4745400641025641 0.11259344951923077 0.47414957264957264 0.11599879807692307 0.48157051282051283 0.1122638221153846 0.5134017094017094 0.10874879807692307 0.5128157051282051 0.10237770432692309 0.5147686965811966
2 0.1169873798076923 0.47883653846153845 0.12291917067307692 0.4479818376068376 0.1201727764423077 0.4409513888888889 0.11468058894230769 0.43977938034188035 0.10622235576923077 0.47395459401709406 0.11204417067307691 0.47414957264957264 0.11577914663461539 0.481375 0.11742668269230769 0.4776645299145299
2 0.12204026442307692 0.4485673076923077 0.12808203125 0.42767200854700854 0.12577524038461538 0.42005608974358977 0.11874489182692308 0.4181030982905983 0.11292307692307692 0.44329487179487176 0.11566917067307693 0.4411469017094017 0.12028275240384614 0.4419278846153846
3 0.2764423076923077 0.6239316239316239 0.2770432692307692 0.6404914529914529 0.27884615384615385 0.6436965811965812 0.2965745192307692 0.6485042735042735 0.30138221153846156 0.6485042735042735 0.30408653846153844 0.6463675213675214 0.3043870192307692 0.6330128205128205 0.3016826923076923 0.6266025641025641 0.28275240384615385 0.6212606837606838
3 0.30618990384615385 0.6271367521367521 0.3049879807692308 0.6292735042735043 0.3049879807692308 0.6372863247863247 0.30528846153846156 0.6436965811965812 0.30679086538461536 0.6469017094017094 0.32752403846153844 0.6495726495726496 0.33353365384615385 0.6469017094017094 0.33443509615384615 0.6298076923076923 0.3317307692307692 0.6266025641025641
3 0.33653846153846156 0.6303418803418803 0.3362379807692308 0.6383547008547008 0.33774038461538464 0.6447649572649573 0.34915865384615385 0.6436965811965812 0.35546875 0.6517094017094017 0.3623798076923077 0.6506410256410257 0.36568509615384615 0.6404914529914529 0.36478365384615385 0.6324786324786325 0.36177884615384615 0.6292735042735043 0.34194711538461536 0.6266025641025641
3 0.36868990384615385 0.6121794871794872 0.3680889423076923 0.6340811965811965 0.36899038461538464 0.6367521367521367 0.37349759615384615 0.6388888888888888 0.37950721153846156 0.6335470085470085 0.3798076923076923 0.6068376068376068 0.37650240384615385 0.5961538461538461 0.36959134615384615 0.6014957264957265
3 0.36778846153846156 0.5566239316239316 0.3662860576923077 0.594551282051282 0.36778846153846156 0.5988247863247863 0.3701923076923077 0.6004273504273504 0.3777043269230769 0.5950854700854701 0.37740384615384615 0.5603632478632479 0.3759014423076923 0.5539529914529915 0.37349759615384615 0.5502136752136753 0.36959134615384615 0.5523504273504274
3 0.38731971153846156 0.46634615384615385 0.38731971153846156 0.48023504273504275 0.3903245192307692 0.4823717948717949 0.41075721153846156 0.48023504273504275 0.41346153846153844 0.47702991452991456 0.4140625 0.4716880341880342 0.4140625 0.4668803418803419 0.40865384615384615 0.46100427350427353 0.39002403846153844 0.46153846153846156
3 0.41736778846153844 0.4594017094017094 0.41646634615384615 0.468482905982906 0.4167668269230769 0.4738247863247863 0.41796875 0.47489316239316237 0.43930288461538464 0.46955128205128205 0.44200721153846156 0.4668803418803419 0.4423076923076923 0.46260683760683763 0.44200721153846156 0.45566239316239315 0.43900240384615385 0.4497863247863248 0.4260817307692308 0.45245726495726496 0.4191706730769231 0.4561965811965812
3 0.44290865384615385 0.4481837606837607 0.44200721153846156 0.4497863247863248 0.4423076923076923 0.45566239316239315 0.44320913461538464 0.4636752136752137 0.44471153846153844 0.4658119658119658 0.46304086538461536 0.4594017094017094 0.46664663461538464 0.4561965811965812 0.4675480769230769 0.452991452991453 0.46724759615384615 0.44551282051282054 0.4639423076923077 0.4391025641025641 0.4597355769230769 0.43856837606837606
3 0.48483173076923075 0.4395833333333333 0.00021935096153846153 0.00038995726495726497
3 0.46935096153846156 0.43696581196581197 0.46814903846153844 0.43856837606837606 0.46875 0.45245726495726496 0.4738581730769231 0.45405982905982906 0.4891826923076923 0.44337606837606836 0.4912860576923077 0.43856837606837606 0.4912860576923077 0.4337606837606838 0.4891826923076923 0.4284188034188034 0.4840745192307692 0.4252136752136752
3 0.4737139423076923 0.394838141025641 0.4729567307692308 0.4043803418803419 0.4768629807692308 0.41239316239316237 0.48227163461538464 0.4166666666666667 0.4852764423076923 0.42254273504273504 0.4885817307692308 0.4236111111111111 0.4909855769230769 0.4182692307692308 0.49038461538461536 0.41185897435897434 0.48134705528846156 0.39434775641025643 0.48051953125 0.3930400641025641 0.47877193509615384 0.3909145299145299 0.4783121995192308 0.3907510683760684 0.4776685697115385 0.3907510683760684 0.47656490384615385 0.391568376068376 0.4744498197115385 0.39287660256410256
3 0.48106971153846156 0.3766025641025641 0.48197115384615385 0.38621794871794873 0.484375 0.3888888888888889 0.48768028846153844 0.38835470085470086 0.5009014423076923 0.37393162393162394 0.50390625 0.36912393162393164 0.5045072115384616 0.36538461538461536 0.50390625 0.3627136752136752 0.49789663461538464 0.35844017094017094 0.484375 0.3696581196581197
3 0.4996995192307692 0.3557692307692308 0.49939903846153844 0.358974358974359 0.5033052884615384 0.3611111111111111 0.5048076923076923 0.3643162393162393 0.5084134615384616 0.36485042735042733 0.5192307692307693 0.3525641025641026 0.5192307692307693 0.3424145299145299 0.5150240384615384 0.34134615384615385 0.5090144230769231 0.344017094017094 0.5021033653846154 0.35096153846153844
3 0.7490985576923077 0.4337606837606838 0.7487980769230769 0.43536324786324787 0.7515024038461539 0.43856837606837606 0.7551081730769231 0.4391025641025641 0.7860576923076923 0.4310897435897436 0.7902644230769231 0.42788461538461536 0.7884615384615384 0.42467948717948717 0.7788461538461539 0.4252136752136752 0.7512019230769231 0.43162393162393164
3 0.5198317307692307 0.33814102564102566 0.5201322115384616 0.3488247863247863 0.5222355769230769 0.3525641025641026 0.5423677884615384 0.3482905982905983 0.5420673076923077 0.3344017094017094 0.5405649038461539 0.33226495726495725 0.5249399038461539 0.33386752136752135
3 0.54296875 0.3327991452991453 0.5426682692307693 0.344017094017094 0.5450721153846154 0.3488247863247863 0.5567908653846154 0.34775641025641024 0.5609975961538461 0.34935897435897434 0.5646033653846154 0.34775641025641024 0.5661057692307693 0.344017094017094 0.5661057692307693 0.33386752136752135 0.5640024038461539 0.33066239316239315 0.546875 0.33066239316239315
3 0.5718149038461539 0.32211538461538464 0.5724158653846154 0.33226495726495725 0.5808293269230769 0.3333333333333333 0.5934495192307693 0.32532051282051283 0.5940504807692307 0.3141025641025641 0.5922475961538461 0.3092948717948718 0.5874399038461539 0.30982905982905984 0.5751201923076923 0.3157051282051282 0.5727163461538461 0.31837606837606836
3 0.5949519230769231 0.3076923076923077 0.5946514423076923 0.3173076923076923 0.5958533653846154 0.32104700854700857 0.5973557692307693 0.3215811965811966 0.6111778846153846 0.3178418803418803 0.6165865384615384 0.31196581196581197 0.6165865384615384 0.3071581196581197 0.6129807692307693 0.29914529914529914 0.5988581730769231 0.30288461538461536
3 0.6198918269230769 0.30395299145299143 0.6189903846153846 0.3108974358974359 0.6225961538461539 0.31463675213675213 0.6394230769230769 0.31303418803418803 0.6424278846153846 0.3108974358974359 0.6430288461538461 0.30822649572649574 0.6430288461538461 0.29967948717948717 0.6403245192307693 0.29433760683760685 0.6231971153846154 0.296474358974359 0.6204927884615384 0.3002136752136752
3 0.6783368389423077 0.2817719017094017 0.6897515024038461 0.2657067307692308 0.6884435096153846 0.25873130341880346 0.6844008413461539 0.25619444444444445 0.6732241586538461 0.270991452991453 0.672510516826923 0.2750074786324786 0.6764344951923077 0.27775534188034184
3 0.6616905048076924 0.30312126068376066 0.6622851562500001 0.29762553418803417 0.6770288461538462 0.281982905982906 0.6767911658653846 0.2775438034188034 0.6712028245192307 0.27458493589743593 0.6584801682692307 0.2885357905982906 0.6572911658653846 0.29847061965811966 0.6603825120192308 0.3039668803418803
3 0.3687109375 0.5461896367521367 0.3779408052884615 0.5403290598290598 0.3776111778846154 0.506045405982906 0.37464453125 0.4984273504273504 0.3687109375 0.499892094017094 0.3667328725961539 0.5420870726495727
3 0.3672274639423077 0.5066319444444444 0.3662385817307693 0.4828969017094017 0.3664032451923077 0.46971100427350426 0.3733257211538462 0.46795299145299146 0.37612800480769226 0.48172489316239314 0.3767872596153846 0.5042873931623931 0.3753037860576923 0.4990133547008547 0.3687109375 0.5001853632478632
0 0.5012019230769231 0.4150641025641026 0.5018028846153846 0.42254273504273504 0.509765625 0.4265491452991453 0.5120192307692307 0.4310897435897436 0.5234375 0.42574786324786323 0.5252403846153846 0.422008547008547 0.5243389423076923 0.4129273504273504 0.5222355769230769 0.40865384615384615 0.5054086538461539 0.4113247863247863
0 0.5255408653846154 0.41025641025641024 0.5261418269230769 0.4204059829059829 0.5291466346153846 0.42414529914529914 0.5471754807692307 0.42094017094017094 0.5501802884615384 0.4182692307692308 0.5480769230769231 0.406517094017094 0.5441706730769231 0.40224358974358976 0.5291466346153846 0.40544871794871795
0 0.5628004807692307 0.4129273504273504 0.5625 0.42788461538461536 0.5640024038461539 0.4310897435897436 0.5826322115384616 0.4321581196581197 0.5862379807692307 0.4284188034188034 0.5850360576923077 0.41399572649572647 0.5643028846153846 0.4107905982905983
0 0.5892427884615384 0.41773504273504275 0.5883413461538461 0.4284188034188034 0.5913461538461539 0.4310897435897436 0.6090745192307693 0.4326923076923077 0.6123798076923077 0.43162393162393164 0.6141826923076923 0.4284188034188034 0.61328125 0.41773504273504275 0.6096754807692307 0.4129273504273504 0.5919471153846154 0.4113247863247863 0.58984375 0.41399572649572647
0 0.6484375 0.38675213675213677 0.6469350961538461 0.3936965811965812 0.6517427884615384 0.39797008547008544 0.6610576923076923 0.3974358974358974 0.6697716346153846 0.390491452991453 0.6706730769230769 0.3766025641025641 0.6640625 0.37553418803418803 0.65234375 0.38247863247863245
0 0.6730769230769231 0.37767094017094016 0.6724759615384616 0.38621794871794873 0.6748798076923077 0.391025641025641 0.6944110576923077 0.3894230769230769 0.6965144230769231 0.38835470085470086 0.6983173076923077 0.38354700854700857 0.6977163461538461 0.37606837606837606 0.6947115384615384 0.37072649572649574 0.6790865384615384 0.37072649572649574 0.6751802884615384 0.37286324786324787
0 0.5344624399038461 0.5641378205128206 0.5443599759615385 0.5316538461538461 0.5429894831730769 0.5221794871794871 0.5382692307692307 0.518119123931624 0.5270012019230769 0.5478958333333334 0.5245649038461538 0.5587238247863248
0 0.545578125 0.5248867521367521 0.5574549278846154 0.49998237179487176 0.5542575120192308 0.4894246794871795 0.5495369591346153 0.4872590811965812 0.53735546875 0.5137879273504273 0.5359852764423076 0.5200138888888889 0.5394873798076923 0.518119123931624 0.5426850961538462 0.522991452991453 0.5442076322115385 0.5294882478632479
0 0.551059795673077 0.4796794871794872 0.5573028846153846 0.4810331196581197 0.5598912259615385 0.4802211538461539 0.5636980168269231 0.446383547008547 0.56156640625 0.4398867521367521 0.5568458533653846 0.43799198717948723 0.5541051682692307 0.44069871794871796 0.55334375 0.4458424145299145
0 0.5525823317307692 0.44205235042735047 0.55349609375 0.4249983974358974 0.5551709735576923 0.4128167735042735 0.5618707932692307 0.411463141025641 0.5617184495192308 0.4390747863247863 0.5597391826923077 0.4382628205128205 0.5568458533653846 0.4396159188034188 0.5550186298076923 0.44205235042735047 0.5542575120192308 0.44448878205128206 0.5524302884615385 0.4436768162393162
0 0.6329801682692308 0.4231036324786325 0.6512524038461538 0.4063199786324786 0.6520138221153846 0.3933263888888889 0.6492728365384616 0.38926602564102564 0.6294780649038461 0.4055080128205128 0.6281075721153846 0.41660683760683764 0.6319143629807692 0.42283279914529914
0 0.7062214543269231 0.38358119658119655 0.7118554687499999 0.3865587606837607 0.7237322716346154 0.3589476495726496 0.7226664663461538 0.3497441239316239 0.7179462139423076 0.34893162393162397 0.7074396033653846 0.37058760683760683
0 0.7246460336538461 0.35515811965811966 0.7319546274038462 0.3389161324786325 0.7316502403846153 0.3275464743589744 0.7255594951923077 0.32700534188034186 0.7174891826923078 0.347036858974359 0.7219050480769231 0.3486613247863248
0 0.7231231971153846 0.32402724358974355 0.7305844350961539 0.32240331196581196 0.7313455528846154 0.30968055555555557 0.7225141225961539 0.28802457264957265 0.7161189903846155 0.2901901709401709 0.7150528846153846 0.30291292735042735
0 0.7121598557692308 0.29749893162393165 0.7043942307692308 0.27746688034188033 0.7046986177884615 0.26582692307692307 0.7106373197115385 0.2633904914529915 0.7191643629807692 0.285588141025641 0.7162710336538461 0.28991933760683763 0.7155099158653846 0.2980400641025641
0 0.6655658052884615 0.3137409188034188 0.6826198918269231 0.29695726495726493 0.6820108173076923 0.2872120726495726 0.6785084134615385 0.2828808760683761 0.6629771634615385 0.2958744658119658 0.6602361778846154 0.30751495726495726
0 0.6841424278846154 0.2947916666666667 0.69571484375 0.27773771367521366 0.6958671875 0.2682633547008547 0.6912989783653847 0.26555608974358974 0.6788131009615385 0.2817980769230769 0.6792698317307693 0.28423450854700855 0.6829242788461538 0.29073130341880343 0.6838380408653847 0.29668696581196585
0 0.6501865985576922 0.30372489316239315 0.6378527644230769 0.2820689102564103 0.6396799879807692 0.27394818376068375 0.6447049278846154 0.2715117521367521 0.6553635817307693 0.28991933760683763 0.656125 0.3004764957264957 0.6498819110576922 0.30453685897435895
0 0.6384618389423077 0.2771965811965812 0.6308485576923076 0.26014209401709404 0.6310006009615384 0.24823130341880342 0.6372436899038461 0.2452537393162393 0.6447049278846154 0.26745138888888886 0.6442481971153846 0.2720528846153846 0.64013671875 0.2734065170940171