2 0.11448317307692307 0.3162393162393162 0.1141826923076923 0.32104700854700857 0.12319711538461539 0.32745726495726496 0.13251201923076922 0.296474358974359 0.13161057692307693 0.2905982905982906 0.1271033653846154 0.2863247863247863 0.12379807692307693 0.28846153846153844
2 0.09915865384615384 0.4439102564102564 0.09885817307692307 0.4674145299145299 0.10126201923076923 0.4877136752136752 0.10817307692307693 0.48878205128205127 0.1123798076923077 0.48664529914529914 0.11388221153846154 0.483974358974359 0.1141826923076923 0.4791666666666667 0.109375 0.4439102564102564 0.10697115384615384 0.4412393162393162 0.10216346153846154 0.4412393162393162
2 0.109375 0.5096153846153846 0.109375 0.5224358974358975 0.11688701923076923 0.5534188034188035 0.12259615384615384 0.5582264957264957 0.12860576923076922 0.5534188034188035 0.12980769230769232 0.5507478632478633 0.12950721153846154 0.5427350427350427 0.12169471153846154 0.5160256410256411 0.11688701923076923 0.5080128205128205 0.1123798076923077 0.5074786324786325
2 0.12319711538461539 0.5608974358974359 0.12319711538461539 0.5667735042735043 0.12590144230769232 0.5753205128205128 0.13701923076923078 0.593482905982906 0.140625 0.5950854700854701 0.14212740384615385 0.5918803418803419 0.15084134615384615 0.5881410256410257 0.14783653846153846 0.5790598290598291 0.13401442307692307 0.5571581196581197 0.1268028846153846 0.5544871794871795
2 0.14393028846153846 0.5977564102564102 0.14393028846153846 0.6057692307692307 0.16105769230769232 0.6303418803418803 0.16496394230769232 0.6314102564102564 0.16856971153846154 0.6298076923076923 0.171875 0.6260683760683761 0.17578125 0.6159188034188035 0.15084134615384615 0.5876068376068376 0.14723557692307693 0.5881410256410257
2 0.1953125 0.6292735042735043 0.19441105769230768 0.6372863247863247 0.19651442307692307 0.6420940170940171 0.21995192307692307 0.6629273504273504 0.22355769230769232 0.6623931623931624 0.22806490384615385 0.6517094017094017 0.2286658653846154 0.6469017094017094 0.22506009615384615 0.6378205128205128 0.2052283653846154 0.6201923076923077 0.19891826923076922 0.6201923076923077
2 0.22986778846153846 0.6581196581196581 0.22956730769230768 0.6655982905982906 0.23076923076923078 0.6682692307692307 0.25060096153846156 0.6762820512820513 0.2587139423076923 0.6768162393162394 0.26322115384615385 0.6709401709401709 0.2653245192307692 0.6543803418803419 0.2620192307692308 0.6501068376068376 0.25600961538461536 0.6495726495726496 0.24609375 0.6447649572649573 0.23707932692307693 0.6447649572649573 0.2322716346153846 0.6474358974358975
2 0.26502403846153844 0.6639957264957265 0.26352163461538464 0.6757478632478633 0.26622596153846156 0.6810897435897436 0.29236778846153844 0.6875 0.29747596153846156 0.6853632478632479 0.29867788461538464 0.6693376068376068 0.2977764423076923 0.6645299145299145 0.2692307692307692 0.6543803418803419 0.2665264423076923 0.657051282051282
2 0.2980769230769231 0.6746794871794872 0.2977764423076923 0.6858974358974359 0.2998798076923077 0.6885683760683761 0.328125 0.6907051282051282 0.3317307692307692 0.6858974358974359 0.33143028846153844 0.6682692307692307 0.32872596153846156 0.6661324786324786 0.30078125 0.6650641025641025 0.29867788461538464 0.6682692307692307
2 0.3323317307692308 0.6672008547008547 0.3323317307692308 0.6826923076923077 0.33413461538461536 0.6864316239316239 0.36268028846153844 0.6768162393162394 0.36508413461538464 0.6714743589743589 0.36328125 0.6581196581196581 0.35997596153846156 0.6543803418803419 0.3395432692307692 0.6613247863247863 0.33413461538461536 0.6639957264957265
2 0.3644831730769231 0.6506410256410257 0.36538461538461536 0.6672008547008547 0.3683894230769231 0.6704059829059829 0.39393028846153844 0.6591880341880342 0.3975360576923077 0.6543803418803419 0.39633413461538464 0.6404914529914529 0.3918269230769231 0.6362179487179487 0.38491586538461536 0.6372863247863247 0.37289663461538464 0.6431623931623932 0.3662860576923077 0.6474358974358975
2 0.44200721153846156 0.6362179487179487 0.4423076923076923 0.6458333333333334 0.4465144230769231 0.6474358974358975 0.4714543269230769 0.6367521367521367 0.4738581730769231 0.6330128205128205 0.4738581730769231 0.6287393162393162 0.4723557692307692 0.6191239316239316 0.47025240384615385 0.6164529914529915 0.46664663461538464 0.6159188034188035 0.4465144230769231 0.624465811965812 0.44381009615384615 0.6282051282051282
2 0.47445913461538464 0.6159188034188035 0.47445913461538464 0.6276709401709402 0.4765625 0.6319444444444444 0.49368990384615385 0.6266025641025641 0.5018028846153846 0.6228632478632479 0.5045072115384616 0.6196581196581197 0.50390625 0.6057692307692307 0.5024038461538461 0.6020299145299145 0.48046875 0.6068376068376068 0.4765625 0.6095085470085471
2 0.5048076923076923 0.6030982905982906 0.5054086538461539 0.6159188034188035 0.5072115384615384 0.6196581196581197 0.5330528846153846 0.6100427350427351 0.5348557692307693 0.6057692307692307 0.5330528846153846 0.592948717948718 0.5306490384615384 0.5902777777777778 0.5087139423076923 0.5972222222222222
2 0.5345552884615384 0.5897435897435898 0.5345552884615384 0.6052350427350427 0.5369591346153846 0.6079059829059829 0.5606971153846154 0.5956196581196581 0.5625 0.5838675213675214 0.5606971153846154 0.5769230769230769 0.5567908653846154 0.5747863247863247 0.5393629807692307 0.5844017094017094
2 0.5573918269230769 0.5283119658119658 0.5570913461538461 0.5363247863247863 0.5634014423076923 0.5592948717948718 0.5676081730769231 0.5657051282051282 0.5739182692307693 0.5641025641025641 0.5751201923076923 0.5576923076923077 0.5745192307692307 0.5459401709401709 0.5667067307692307 0.5197649572649573 0.5640024038461539 0.5149572649572649 0.5618990384615384 0.5165598290598291 0.55859375 0.5224358974358975
2 0.5477764423076923 0.48344017094017094 0.546875 0.49145299145299143 0.5516826923076923 0.5165598290598291 0.5537860576923077 0.5208333333333334 0.5570913461538461 0.5208333333333334 0.5618990384615384 0.5170940170940171 0.5637019230769231 0.5117521367521367 0.5579927884615384 0.483974358974359 0.5528846153846154 0.4780982905982906 0.5501802884615384 0.4780982905982906
2 0.5384615384615384 0.45726495726495725 0.5381610576923077 0.4668803418803419 0.5399639423076923 0.46955128205128205 0.5426682692307693 0.47115384615384615 0.5483774038461539 0.4700854700854701 0.5522836538461539 0.43322649572649574 0.55078125 0.42628205128205127 0.5483774038461539 0.42628205128205127 0.5450721153846154 0.4305555555555556 0.5420673076923077 0.43856837606837606
2 0.5396634615384616 0.4182692307692308 0.5390625 0.42788461538461536 0.5399639423076923 0.43002136752136755 0.5432692307692307 0.42948717948717946 0.5480769230769231 0.4252136752136752 0.5501802884615384 0.4198717948717949 0.5537860576923077 0.39903846153846156 0.5534855769230769 0.390491452991453 0.5492788461538461 0.3888888888888889 0.5459735576923077 0.391025641025641 0.5435697115384616 0.3969017094017094
2 0.5814302884615384 0.5817307692307693 0.5811298076923077 0.5854700854700855 0.5826322115384616 0.5892094017094017 0.6018629807692307 0.6095085470085471 0.6057692307692307 0.6095085470085471 0.6099759615384616 0.5998931623931624 0.6105769230769231 0.593482905982906 0.609375 0.5881410256410257 0.5922475961538461 0.5678418803418803 0.5865384615384616 0.5683760683760684
2 0.6243990384615384 0.6079059829059829 0.6225961538461539 0.6127136752136753 0.6225961538461539 0.6196581196581197 0.6256009615384616 0.624465811965812 0.6334134615384616 0.6239316239316239 0.6481370192307693 0.6169871794871795 0.6526442307692307 0.6127136752136753 0.6535456730769231 0.6095085470085471 0.6526442307692307 0.5977564102564102 0.6508413461538461 0.5950854700854701 0.6292067307692307 0.6020299145299145
2 0.6532451923076923 0.5918803418803419 0.6517427884615384 0.5950854700854701 0.6544471153846154 0.6089743589743589 0.6613581730769231 0.6089743589743589 0.6787860576923077 0.5977564102564102 0.6811899038461539 0.5849358974358975 0.6790865384615384 0.5795940170940171 0.6751802884615384 0.5785256410256411 0.6613581730769231 0.5849358974358975
2 0.6995192307692307 0.5881410256410257 0.6995192307692307 0.592948717948718 0.7028245192307693 0.5988247863247863 0.7064302884615384 0.5993589743589743 0.7103365384615384 0.5966880341880342 0.7247596153846154 0.5742521367521367 0.7253605769230769 0.5710470085470085 0.7238581730769231 0.5614316239316239 0.7199519230769231 0.5598290598290598 0.7166466346153846 0.561965811965812 0.7043269230769231 0.5779914529914529
2 0.7250600961538461 0.5571581196581197 0.7259615384615384 0.5726495726495726 0.7271634615384616 0.5742521367521367 0.7319711538461539 0.5721153846153846 0.7445913461538461 0.563034188034188 0.7487980769230769 0.5576923076923077 0.7496995192307693 0.5555555555555556 0.7493990384615384 0.5416666666666666 0.7475961538461539 0.5400641025641025 0.7415865384615384 0.5427350427350427 0.73046875 0.5502136752136753 0.7262620192307693 0.5539529914529915
2 0.7493990384615384 0.5389957264957265 0.7503004807692307 0.5544871794871795 0.7521033653846154 0.5571581196581197 0.7752403846153846 0.5544871794871795 0.7764423076923077 0.5534188034188035 0.7785456730769231 0.5400641025641025 0.7782451923076923 0.5363247863247863 0.7752403846153846 0.5347222222222222 0.75390625 0.5357905982905983
2 0.7779447115384616 0.5459401709401709 0.7779447115384616 0.5544871794871795 0.80078125 0.5667735042735043 0.8061899038461539 0.5662393162393162 0.8097956730769231 0.5571581196581197 0.8091947115384616 0.5507478632478633 0.8058894230769231 0.5464743589743589 0.7869591346153846 0.5363247863247863 0.7809495192307693 0.5373931623931624
2 0.8076923076923077 0.5635683760683761 0.8067908653846154 0.5678418803418803 0.8079927884615384 0.5710470085470085 0.8314302884615384 0.5918803418803419 0.8350360576923077 0.5886752136752137 0.8383413461538461 0.5790598290598291 0.8359375 0.5673076923076923 0.8335336538461539 0.5641025641025641 0.828125 0.5625 0.8143028846153846 0.5534188034188035 0.8109975961538461 0.5555555555555556
2 0.8344350961538461 0.5908119658119658 0.8380408653846154 0.5988247863247863 0.859375 0.6196581196581197 0.86328125 0.6164529914529915 0.8650841346153846 0.6116452991452992 0.8656850961538461 0.5988247863247863 0.8623798076923077 0.592948717948718 0.84765625 0.5774572649572649 0.8434495192307693 0.5763888888888888 0.83984375 0.5779914529914529
2 0.8431490384615384 0.5566239316239316 0.8482572115384616 0.5694444444444444 0.8641826923076923 0.5918803418803419 0.8665865384615384 0.592948717948718 0.8695913461538461 0.5908119658119658 0.8740985576923077 0.5811965811965812 0.8746995192307693 0.5779914529914529 0.8734975961538461 0.5737179487179487 0.8557692307692307 0.5491452991452992 0.8521634615384616 0.5475427350427351
2 0.82421875 0.5229700854700855 0.8233173076923077 0.5251068376068376 0.82421875 0.530448717948718 0.8374399038461539 0.5539529914529915 0.8452524038461539 0.5614316239316239 0.8509615384615384 0.5470085470085471 0.8485576923076923 0.5395299145299145 0.8338341346153846 0.5149572649572649 0.8299278846153846 0.5144230769230769
2 0.8067908653846154 0.4823717948717949 0.8070913461538461 0.48985042735042733 0.8182091346153846 0.5165598290598291 0.8230168269230769 0.5197649572649573 0.8293269230769231 0.5133547008547008 0.8305288461538461 0.5085470085470085 0.8296274038461539 0.5016025641025641 0.8173076923076923 0.4738247863247863 0.8131009615384616 0.47275641025641024
2 0.7923677884615384 0.44497863247863245 0.79296875 0.452991452991453 0.8019831730769231 0.47863247863247865 0.8070913461538461 0.48023504273504275 0.8118990384615384 0.4732905982905983 0.8115985576923077 0.4642094017094017 0.8034855769230769 0.43696581196581197 0.8010817307692307 0.43536324786324787 0.796875 0.43643162393162394
2 0.7845552884615384 0.41399572649572647 0.7842548076923077 0.421474358974359 0.7860576923076923 0.4268162393162393 0.7935697115384616 0.4284188034188034 0.7965745192307693 0.41239316239316237 0.7977764423076923 0.39797008547008544 0.7980769230769231 0.3894230769230769 0.7965745192307693 0.38621794871794873 0.7926682692307693 0.38621794871794873 0.7884615384615384 0.391025641025641 0.7860576923076923 0.3995726495726496
2 0.7614182692307693 0.3733974358974359 0.76171875 0.38621794871794873 0.7650240384615384 0.3888888888888889 0.7839543269230769 0.39636752136752135 0.7863581730769231 0.3936965811965812 0.7881610576923077 0.3872863247863248 0.7878605769230769 0.3787393162393162 0.7836538461538461 0.375 0.7674278846153846 0.3680555555555556 0.7638221153846154 0.3685897435897436
2 0.73675 0.3528701923076923 0.7423085937499999 0.35039957264957267 0.7436983173076922 0.33887072649572647 0.7413822115384616 0.33434134615384614 0.7291069711538462 0.309224358974359 0.7249381009615384 0.3133418803418804 0.7219269831730769 0.32363568376068375 0.73512890625 0.3528701923076923
2 0.7214639423076924 0.32363568376068375 0.706872295673077 0.29769551282051276 0.7105781250000001 0.2869898504273504 0.7149786658653846 0.283696047008547 0.7286436298076923 0.3108712606837607 0.7240114182692309 0.3125186965811966
2 0.10857271634615384 0.43695299145299143 0.1117548076923077 0.40433974358974356 0.10857271634615384 0.39468856837606836 0.10127193509615386 0.3923589743589743 0.10014903846153846 0.3980165598290598 0.09659224759615384 0.42297596153846156 0.09584344951923077 0.433625 0.09603064903846154 0.4436089743589744 0.09996183894230769 0.4426105769230769 0.10557752403846155 0.44061378205128204
2 0.10033623798076922 0.3906949786324786 0.10576472355769231 0.3587473290598291 0.11119350961538463 0.3567505341880342 0.11437560096153845 0.3637393162393162 0.11624759615384615 0.3700619658119658 0.11231640625 0.40034615384615385 0.10894711538461539 0.39435576923076926 0.10482872596153846 0.39369017094017095
2 0.11662199519230769 0.35974572649572645 0.12111478365384615 0.3347863247863248 0.11868118990384616 0.32513568376068375 0.11362680288461538 0.3218076923076923 0.10932151442307693 0.3244700854700855 0.10482872596153846 0.3537553418803419 0.10407992788461538 0.36507051282051284 0.10576472355769231 0.35841452991452993 0.11231640625 0.3560849358974359 0.11568599759615385 0.36606891025641025
1 0.12650240384615385 0.3162393162393162 0.12650240384615385 0.32585470085470086 0.13311298076923078 0.3215811965811966 0.13701923076923078 0.32264957264957267 0.14483173076923078 0.3071581196581197 0.14753605769230768 0.297008547008547 0.14723557692307693 0.2900641025641026 0.140625 0.2857905982905983 0.13731971153846154 0.2879273504273504 0.13311298076923078 0.2954059829059829
1 0.13311298076923078 0.48183760683760685 0.13371394230769232 0.4983974358974359 0.13611778846153846 0.5026709401709402 0.1619591346153846 0.4946581196581197 0.1658653846153846 0.49145299145299143 0.16736778846153846 0.4877136752136752 0.16466346153846154 0.4722222222222222 0.14032451923076922 0.47649572649572647
1 0.11117788461538461 0.44337606837606836 0.11117788461538461 0.452991452991453 0.11538461538461539 0.48344017094017094 0.11929086538461539 0.48824786324786323 0.12349759615384616 0.48824786324786323 0.1268028846153846 0.4855769230769231 0.12860576923076922 0.48023504273504275 0.1219951923076923 0.44551282051282054 0.11959134615384616 0.4412393162393162 0.1123798076923077 0.4412393162393162
1 0.1661658653846154 0.46474358974358976 0.16556490384615385 0.468482905982906 0.16736778846153846 0.4813034188034188 0.16826923076923078 0.48504273504273504 0.17037259615384615 0.4861111111111111 0.19290865384615385 0.4738247863247863 0.19801682692307693 0.4700854700854701 0.19891826923076922 0.4668803418803419 0.19681490384615385 0.45566239316239315 0.19260817307692307 0.4497863247863248
1 0.1971153846153846 0.44925213675213677 0.19921875 0.4668803418803419 0.20372596153846154 0.469017094017094 0.22716346153846154 0.452991452991453 0.22806490384615385 0.4465811965811966 0.2265625 0.43482905982905984 0.2205528846153846 0.43322649572649574
1 0.22776442307692307 0.43162393162393164 0.22776442307692307 0.44604700854700857 0.2286658653846154 0.45032051282051283 0.23076923076923078 0.45245726495726496 0.2512019230769231 0.4423076923076923 0.25841346153846156 0.43536324786324787 0.2575120192307692 0.4252136752136752 0.25570913461538464 0.4198717948717949 0.2536057692307692 0.4182692307692308 0.2481971153846154 0.41933760683760685
1 0.2587139423076923 0.4166666666666667 0.25841346153846156 0.42254273504273504 0.26111778846153844 0.4342948717948718 0.2722355769230769 0.4321581196581197 0.28665865384615385 0.4252136752136752 0.2887620192307692 0.421474358974359 0.28725961538461536 0.4075854700854701 0.28365384615384615 0.4043803418803419 0.2653245192307692 0.4107905982905983
1 0.30618990384615385 0.3995726495726496 0.30528846153846156 0.4113247863247863 0.30709134615384615 0.41452991452991456 0.3308293269230769 0.41773504273504275 0.33383413461538464 0.41452991452991456 0.33443509615384615 0.3995726495726496 0.33143028846153844 0.3952991452991453 0.3094951923076923 0.39316239316239315 0.30709134615384615 0.3958333333333333
1 0.3347355769230769 0.40064102564102566 0.33413461538461536 0.4150641025641026 0.3359375 0.41773504273504275 0.35606971153846156 0.421474358974359 0.3605769230769231 0.421474358974359 0.36268028846153844 0.4182692307692308 0.36268028846153844 0.40064102564102566 0.34194711538461536 0.3969017094017094 0.33774038461538464 0.3974358974358974
1 0.3644831730769231 0.4091880341880342 0.3644831730769231 0.4188034188034188 0.36568509615384615 0.421474358974359 0.3858173076923077 0.42414529914529914 0.3915264423076923 0.4236111111111111 0.39272836538461536 0.421474358974359 0.3936298076923077 0.41239316239316237 0.39302884615384615 0.4043803418803419 0.3903245192307692 0.4027777777777778 0.37169471153846156 0.40010683760683763 0.3659855769230769 0.4011752136752137
1 0.42337740384615385 0.4113247863247863 0.42337740384615385 0.41773504273504275 0.42518028846153844 0.421474358974359 0.43118990384615385 0.4188034188034188 0.4495192307692308 0.421474358974359 0.4504206730769231 0.406517094017094 0.44921875 0.40384615384615385 0.4293870192307692 0.40544871794871795 0.4254807692307692 0.4075854700854701
1 0.45132211538461536 0.405982905982906 0.45132211538461536 0.4166666666666667 0.45252403846153844 0.41933760683760685 0.45883413461538464 0.41452991452991456 0.4774639423076923 0.4081196581196581 0.4765625 0.40064102564102566 0.4738581730769231 0.3974358974358974 0.46153846153846156 0.40064102564102566
1 0.47806490384615385 0.39903846153846156 0.4768629807692308 0.4011752136752137 0.4774639423076923 0.406517094017094 0.48227163461538464 0.4097222222222222 0.5021033653846154 0.40064102564102566 0.5027043269230769 0.3974358974358974 0.5012019230769231 0.3920940170940171 0.4969951923076923 0.391025641025641
1 0.5030048076923077 0.38621794871794873 0.5006009615384616 0.390491452991453 0.5048076923076923 0.40064102564102566 0.5084134615384616 0.4027777777777778 0.5243389423076923 0.38782051282051283 0.5252403846153846 0.38301282051282054 0.5234375 0.3766025641025641 0.5186298076923077 0.37446581196581197
1 0.5294471153846154 0.23397435897435898 0.5294471153846154 0.2387820512820513 0.5321514423076923 0.24305555555555555 0.5381610576923077 0.2419871794871795 0.5486778846153846 0.23557692307692307 0.5522836538461539 0.23076923076923078 0.5525841346153846 0.2168803418803419 0.546875 0.21634615384615385 0.5396634615384616 0.21955128205128205 0.5327524038461539 0.22596153846153846
1 0.5534855769230769 0.2142094017094017 0.5525841346153846 0.2168803418803419 0.5537860576923077 0.22596153846153846 0.5546875 0.2280982905982906 0.5573918269230769 0.22863247863247863 0.5703125 0.22008547008547008 0.5724158653846154 0.2168803418803419 0.5733173076923077 0.20993589743589744 0.5712139423076923 0.20245726495726496 0.5670072115384616 0.202991452991453 0.5570913461538461 0.2094017094017094
1 0.5706129807692307 0.20245726495726496 0.5730168269230769 0.21314102564102563 0.5766225961538461 0.21474358974358973 0.5910456730769231 0.20619658119658119 0.5919471153846154 0.20085470085470086 0.5904447115384616 0.19284188034188035 0.5883413461538461 0.19017094017094016 0.5775240384615384 0.19444444444444445
1 0.4948918269230769 0.23023504273504272 0.49459134615384615 0.23397435897435898 0.49669471153846156 0.23717948717948717 0.51171875 0.25 0.5159254807692307 0.25053418803418803 0.5183293269230769 0.2467948717948718 0.5180288461538461 0.234508547008547 0.5057091346153846 0.22275641025641027 0.49759615384615385 0.22008547008547008
1 0.4756610576923077 0.2077991452991453 0.47445913461538464 0.21367521367521367 0.4777644230769231 0.22008547008547008 0.48888221153846156 0.23397435897435898 0.49459134615384615 0.23397435897435898 0.49669471153846156 0.22115384615384615 0.49459134615384615 0.21581196581196582 0.4807692307692308 0.2013888888888889 0.4774639423076923 0.202991452991453
1 0.45462740384615385 0.19230769230769232 0.4543269230769231 0.19604700854700854 0.45853365384615385 0.20245726495726496 0.4699519230769231 0.21153846153846154 0.4738581730769231 0.2126068376068376 0.47806490384615385 0.202991452991453 0.4774639423076923 0.1997863247863248 0.4714543269230769 0.19123931623931623 0.46304086538461536 0.18482905982905984 0.4567307692307692 0.18376068376068377
1 0.43539663461538464 0.1672008547008547 0.4338942307692308 0.17841880341880342 0.43599759615384615 0.18162393162393162 0.44921875 0.19337606837606838 0.4534254807692308 0.19391025641025642 0.4543269230769231 0.19230769230769232 0.4567307692307692 0.18215811965811965 0.453125 0.1752136752136752 0.4417067307692308 0.1639957264957265 0.43900240384615385 0.16346153846153846
1 0.14693509615384615 0.2622863247863248 0.14573317307692307 0.2724358974358974 0.14783653846153846 0.27564102564102566 0.1541466346153846 0.2799145299145299 0.1583533653846154 0.2777777777777778 0.16856971153846154 0.2516025641025641 0.16676682692307693 0.2403846153846154 0.16316105769230768 0.23664529914529914 0.15925480769230768 0.23824786324786323
1 0.17638221153846154 0.23076923076923078 0.17578125 0.2403846153846154 0.17818509615384615 0.24252136752136752 0.2013221153846154 0.24091880341880342 0.20552884615384615 0.2377136752136752 0.2049278846153846 0.22382478632478633 0.20342548076923078 0.22008547008547008 0.20012019230769232 0.21848290598290598 0.1796875 0.22168803418803418 0.17818509615384615 0.2232905982905983
1 0.20643028846153846 0.22382478632478633 0.20582932692307693 0.234508547008547 0.20462740384615385 0.2377136752136752 0.20643028846153846 0.2403846153846154 0.22686298076923078 0.2361111111111111 0.23076923076923078 0.234508547008547 0.23317307692307693 0.23076923076923078 0.2322716346153846 0.21955128205128205 0.22986778846153846 0.21314102564102563 0.21003605769230768 0.21901709401709402
1 0.2325721153846154 0.20993589743589744 0.23167067307692307 0.2142094017094017 0.23377403846153846 0.22596153846153846 0.23798076923076922 0.22863247863247863 0.2548076923076923 0.21634615384615385 0.2575120192307692 0.2126068376068376 0.2581129807692308 0.20833333333333334 0.25540865384615385 0.1997863247863248 0.25150240384615385 0.19658119658119658 0.2400841346153846 0.202991452991453
1 0.25390625 0.19177350427350429 0.2536057692307692 0.19604700854700854 0.2575120192307692 0.20673076923076922 0.2587139423076923 0.20886752136752137 0.2620192307692308 0.2077991452991453 0.26953125 0.1891025641025641 0.27103365384615385 0.1752136752136752 0.265625 0.1704059829059829 0.2614182692307692 0.1736111111111111 0.2578125 0.1794871794871795
1 0.12216616586538462 0.44095032051282046 0.12326322115384616 0.40682478632478636 0.12271454326923077 0.4007307692307692 0.12093239182692309 0.396099358974359 0.11476231971153845 0.3946372863247863 0.11297986778846154 0.39536805555555554 0.11174579326923076 0.40121848290598294 0.11174579326923076 0.4070683760683761 0.11174579326923076 0.4372938034188034 0.11243118990384615 0.4402190170940171 0.11627043269230769 0.4407067307692308 0.12024669471153845 0.44192521367521365
1 0.12477133413461537 0.3980496794871795 0.13148978365384617 0.36026762820512825 0.13025570913461537 0.35441773504273505 0.1277878605769231 0.35441773504273505 0.12298888221153846 0.3539300213675214 0.12175480769230769 0.3539300213675214 0.11914993990384616 0.35978044871794873 0.11777854567307691 0.3685555555555556 0.11476231971153845 0.3797681623931624 0.11297986778846154 0.3897617521367521 0.11297986778846154 0.39390598290598294 0.11613341346153847 0.39439316239316236 0.11997235576923077 0.39439316239316236 0.12257752403846153 0.39829326923076924 0.12298888221153846 0.3999994658119658
1 0.13244951923076922 0.3551490384615385 0.13793419471153848 0.33077350427350427 0.13765985576923076 0.32443589743589746 0.13519170673076925 0.32224198717948715 0.13272385817307691 0.3219983974358974 0.12874759615384615 0.32151121794871795 0.12696514423076924 0.3241923076923077 0.1251826923076923 0.3339423076923077 0.12065805288461538 0.3495427350427351 0.11928695913461539 0.35734294871794875 0.12216616586538462 0.3541741452991453 0.12806189903846155 0.3539300213675214 0.13080438701923078 0.3546613247863248 0.13162680288461537 0.3585614316239316
4 0.17818509615384615 0.17414529914529914 0.17818509615384615 0.1891025641025641 0.18088942307692307 0.19177350427350429 0.20282451923076922 0.18643162393162394 0.20552884615384615 0.18215811965811965 0.203125 0.16987179487179488 0.20042067307692307 0.1672008547008547 0.1817908653846154 0.1704059829059829
4 0.20552884615384615 0.16773504273504272 0.2049278846153846 0.17254273504273504 0.20612980769230768 0.18215811965811965 0.2088341346153846 0.18482905982905984 0.2283653846153846 0.18215811965811965 0.23197115384615385 0.17895299145299146 0.23137019230769232 0.17147435897435898 0.22746394230769232 0.1623931623931624 0.21063701923076922 0.16506410256410256
4 0.23497596153846154 0.16613247863247863 0.23467548076923078 0.1762820512820513 0.2364783653846154 0.18002136752136752 0.2548076923076923 0.17841880341880342 0.25931490384615385 0.1752136752136752 0.2605168269230769 0.17147435897435898 0.2587139423076923 0.16025641025641027 0.25540865384615385 0.15865384615384615 0.23737980769230768 0.1607905982905983
4 0.27554086538461536 0.15865384615384615 0.27584134615384615 0.16987179487179488 0.2770432692307692 0.172008547008547 0.2803485576923077 0.17254273504273504 0.29627403846153844 0.16346153846153846 0.2998798076923077 0.15758547008547008 0.29747596153846156 0.1485042735042735 0.2932692307692308 0.14423076923076922 0.27884615384615385 0.15331196581196582
4 0.30258413461538464 0.14102564102564102 0.3019831730769231 0.1517094017094017 0.3034855769230769 0.15758547008547008 0.3076923076923077 0.1581196581196581 0.3254206730769231 0.15064102564102563 0.32481971153846156 0.13995726495726496 0.3215144230769231 0.13408119658119658
4 0.3269230769230769 0.13408119658119658 0.32602163461538464 0.1372863247863248 0.32662259615384615 0.1485042735042735 0.3284254807692308 0.1517094017094017 0.3473557692307692 0.14903846153846154 0.3503605769230769 0.14583333333333334 0.34975961538461536 0.13354700854700854 0.3473557692307692 0.13087606837606838 0.33383413461538464 0.13141025641025642
4 0.3527644230769231 0.1330128205128205 0.3524639423076923 0.14476495726495728 0.35486778846153844 0.14903846153846154 0.3740985576923077 0.1501068376068376 0.3759014423076923 0.14797008547008547 0.37560096153846156 0.1346153846153846 0.3740985576923077 0.13141025641025642 0.3551682692307692 0.12927350427350429
4 0.3780048076923077 0.13354700854700854 0.3780048076923077 0.14423076923076922 0.38040865384615385 0.14797008547008547 0.39633413461538464 0.15384615384615385 0.39993990384615385 0.1517094017094017 0.4011418269230769 0.13995726495726496 0.3996394230769231 0.1362179487179487 0.3837139423076923 0.12873931623931623 0.3801081730769231 0.12980769230769232
4 0.40084134615384615 0.1469017094017094 0.40054086538461536 0.1543803418803419 0.4182692307692308 0.16452991452991453 0.42247596153846156 0.16346153846153846 0.4245793269230769 0.15598290598290598 0.42427884615384615 0.14743589743589744 0.4230769230769231 0.1452991452991453 0.41165865384615385 0.13995726495726496 0.4026442307692308 0.1388888888888889
4 0.44350961538461536 0.15758547008547008 0.44350961538461536 0.16452991452991453 0.4495192307692308 0.1704059829059829 0.4618389423076923 0.17094017094017094 0.4657451923076923 0.16933760683760685 0.46664663461538464 0.16613247863247863 0.4657451923076923 0.1543803418803419 0.4636418269230769 0.15224358974358973 0.4495192307692308 0.1517094017094017 0.4453125 0.15331196581196582
4 0.4717548076923077 0.1597222222222222 0.47085336538461536 0.16826923076923078 0.47325721153846156 0.17254273504273504 0.49158653846153844 0.1752136752136752 0.4930889423076923 0.17147435897435898 0.49368990384615385 0.16025641025641027 0.4909855769230769 0.15651709401709402 0.47596153846153844 0.15384615384615385 0.4735576923076923 0.1543803418803419
4 0.49368990384615385 0.1704059829059829 0.4930889423076923 0.1752136752136752 0.4951923076923077 0.1778846153846154 0.5132211538461539 0.18108974358974358 0.5159254807692307 0.1794871794871795 0.5171274038461539 0.16773504273504272 0.5153245192307693 0.16452991452991453 0.49819711538461536 0.16132478632478633 0.4951923076923077 0.16506410256410256
4 0.5177283653846154 0.16773504273504272 0.5168269230769231 0.17895299145299146 0.5183293269230769 0.18215811965811965 0.5363581730769231 0.18482905982905984 0.5396634615384616 0.18162393162393162 0.5396634615384616 0.16826923076923078 0.5225360576923077 0.16506410256410256
4 0.5405649038461539 0.1704059829059829 0.5402644230769231 0.18215811965811965 0.5417668269230769 0.18376068376068377 0.5576923076923077 0.1891025641025641 0.5615985576923077 0.18856837606837606 0.5628004807692307 0.18536324786324787 0.5621995192307693 0.17467948717948717 0.5597956730769231 0.17147435897435898 0.5438701923076923 0.1672008547008547 0.5411658653846154 0.16826923076923078
4 0.5646033653846154 0.1778846153846154 0.5640024038461539 0.1858974358974359 0.56640625 0.18963675213675213 0.5835336538461539 0.1907051282051282 0.5865384615384616 0.1891025641025641 0.5871394230769231 0.18643162393162394 0.5868389423076923 0.17841880341880342 0.5856370192307693 0.1752136752136752 0.5823317307692307 0.17307692307692307 0.5673076923076923 0.17147435897435898 0.5652043269230769 0.17414529914529914
4 0.6057692307692307 0.18536324786324787 0.6048677884615384 0.19444444444444445 0.6078725961538461 0.1987179487179487 0.6228966346153846 0.20245726495726496 0.6265024038461539 0.2013888888888889 0.6274038461538461 0.19925213675213677 0.6286057692307693 0.18856837606837606 0.6268028846153846 0.18536324786324787 0.6099759615384616 0.18055555555555555
4 0.6295072115384616 0.19230769230769232 0.6292067307692307 0.202991452991453 0.6313100961538461 0.20405982905982906 0.6496394230769231 0.20619658119658119 0.6517427884615384 0.2045940170940171 0.6529447115384616 0.19764957264957264 0.6520432692307693 0.19123931623931623 0.6490384615384616 0.18856837606837606 0.6325120192307693 0.1875 0.6307091346153846 0.18856837606837606
4 0.6823918269230769 0.13514957264957264 0.6793870192307693 0.140491452991453 0.6817908653846154 0.1527777777777778 0.6953125 0.14369658119658119 0.6977163461538461 0.13782051282051283 0.6980168269230769 0.12980769230769232 0.6965144230769231 0.12767094017094016 0.6920072115384616 0.12767094017094016
4 0.7052283653846154 0.1362179487179487 0.7046274038461539 0.14423076923076922 0.7061298076923077 0.1469017094017094 0.7205528846153846 0.15651709401709402 0.7247596153846154 0.15758547008547008 0.7280649038461539 0.1485042735042735 0.7280649038461539 0.14369658119658119 0.7262620192307693 0.13995726495726496 0.7145432692307693 0.13247863247863248 0.7097355769230769 0.13034188034188035 0.7061298076923077 0.1330128205128205
4 0.7277644230769231 0.15384615384615385 0.7277644230769231 0.16132478632478633 0.7430889423076923 0.17254273504273504 0.7484975961538461 0.1736111111111111 0.7506009615384616 0.16773504273504272 0.7496995192307693 0.1581196581196581 0.74609375 0.1543803418803419 0.7310697115384616 0.14583333333333334
4 0.6582229567307691 0.1934150641025641 0.6639489182692307 0.1973878205128205 0.66618359375 0.1946565170940171 0.667161358173077 0.19043589743589742 0.6706529447115385 0.18323557692307693 0.6726081730769231 0.17975961538461538 0.6741442307692308 0.17231089743589742 0.6741442307692308 0.17007638888888887 0.6740048076923078 0.16535897435897437 0.6719098557692308 0.16411752136752136 0.6681388221153846 0.16411752136752136 0.6667421875 0.16461378205128205 0.6659044471153847 0.17106944444444444 0.6625525841346154 0.1760352564102564 0.6605970552884616 0.17975961538461538 0.6578040865384616 0.19242200854700856
4 0.6748425480769231 0.16808974358974357 0.6819654447115385 0.15219978632478634 0.6819654447115385 0.14648878205128205 0.6808479567307693 0.14499946581196582 0.67749609375 0.14400641025641026 0.667719951923077 0.15964797008547008 0.6643680889423076 0.1661036324786325 0.6640886418269231 0.16933119658119658 0.6652061298076923 0.17007638888888887 0.6670216346153846 0.16784188034188033 0.6695354567307692 0.16511057692307693 0.6723287259615385 0.16535897435897437 0.6738650841346154 0.16858653846153845
3 0.31039663461538464 0.6084401709401709 0.31009615384615385 0.6207264957264957 0.3115985576923077 0.6233974358974359 0.3332331730769231 0.6308760683760684 0.33924278846153844 0.6308760683760684 0.3410456730769231 0.6287393162393162 0.34134615384615385 0.6121794871794872 0.3401442307692308 0.6089743589743589 0.3176081730769231 0.5993589743589743 0.3128004807692308 0.6009615384615384
3 0.3425480769230769 0.6143162393162394 0.34194711538461536 0.6228632478632479 0.34375 0.6298076923076923 0.36658653846153844 0.6351495726495726 0.3737980769230769 0.6351495726495726 0.37560096153846156 0.6298076923076923 0.375 0.6153846153846154 0.3722956730769231 0.6116452991452992 0.3488581730769231 0.6079059829059829 0.3446514423076923 0.6089743589743589
3 0.3780048076923077 0.6223290598290598 0.3777043269230769 0.6335470085470085 0.3801081730769231 0.6367521367521367 0.39272836538461536 0.6346153846153846 0.39903846153846156 0.6415598290598291 0.4050480769230769 0.6431623931623932 0.40775240384615385 0.6420940170940171 0.40955528846153844 0.6362179487179487 0.4092548076923077 0.625534188034188 0.4065504807692308 0.6196581196581197 0.4032451923076923 0.6180555555555556 0.3831129807692308 0.6127136752136753 0.37890625 0.6175213675213675
3 0.4113581730769231 0.5817307692307693 0.4104567307692308 0.5838675213675214 0.4113581730769231 0.6228632478632479 0.41586538461538464 0.6276709401709402 0.4215745192307692 0.6266025641025641 0.42337740384615385 0.6233974358974359 0.4221754807692308 0.5774572649572649 0.4215745192307692 0.5753205128205128 0.41796875 0.5737179487179487
3 0.4074519230769231 0.5277777777777778 0.4071514423076923 0.5683760683760684 0.40865384615384615 0.5779914529914529 0.41195913461538464 0.5801282051282052 0.4188701923076923 0.5742521367521367 0.41796875 0.5464743589743589 0.4152644230769231 0.5267094017094017 0.41586538461538464 0.5224358974358975 0.41195913461538464 0.5219017094017094 0.40835336538461536 0.5245726495726496
3 0.4230769230769231 0.42467948717948717 0.4230769230769231 0.43643162393162394 0.42638221153846156 0.4407051282051282 0.44711538461538464 0.4412393162393162 0.44981971153846156 0.43963675213675213 0.45102163461538464 0.4358974358974359 0.45102163461538464 0.42467948717948717 0.44711538461538464 0.4204059829059829 0.42578125 0.4204059829059829
3 0.45522836538461536 0.422008547008547 0.45522836538461536 0.4321581196581197 0.4579326923076923 0.43696581196581197 0.47866586538461536 0.4326923076923077 0.48227163461538464 0.42895299145299143 0.48197115384615385 0.41452991452991456 0.4774639423076923 0.4097222222222222 0.4597355769230769 0.41452991452991456 0.45703125 0.4166666666666667
3 0.4852764423076923 0.4081196581196581 0.48257211538461536 0.4107905982905983 0.4840745192307692 0.42895299145299143 0.5054086538461539 0.4230769230769231 0.5078125 0.4204059829059829 0.5087139423076923 0.41613247863247865 0.5084134615384616 0.4043803418803419 0.5060096153846154 0.4027777777777778 0.5009014423076923 0.40224358974358976
3 0.51171875 0.40010683760683763 0.5093149038461539 0.4043803418803419 0.5093149038461539 0.4155982905982906 0.5102163461538461 0.41933760683760685 0.5135216346153846 0.4198717948717949 0.5309495192307693 0.4075854700854701 0.5345552884615384 0.3952991452991453 0.53125 0.38835470085470086 0.5267427884615384 0.38782051282051283
3 0.5120192307692307 0.3370726495726496 0.5102163461538461 0.33814102564102566 0.5111177884615384 0.3530982905982906 0.5153245192307693 0.3680555555555556 0.5228365384615384 0.37606837606837606 0.5258413461538461 0.3819444444444444 0.5300480769230769 0.38247863247863245 0.53125 0.3798076923076923 0.5300480769230769 0.36645299145299143 0.5270432692307693 0.36164529914529914 0.5198317307692307 0.3418803418803419
3 0.5396634615384616 0.3034188034188034 0.5363581730769231 0.31036324786324787 0.54296875 0.3157051282051282 0.5465745192307693 0.3157051282051282 0.5531850961538461 0.31036324786324787 0.5582932692307693 0.3034188034188034 0.5594951923076923 0.29273504273504275 0.5579927884615384 0.2900641025641026 0.5531850961538461 0.2905982905982906
3 0.5198317307692307 0.327991452991453 0.5204326923076923 0.3386752136752137 0.5219350961538461 0.3408119658119658 0.5261418269230769 0.3402777777777778 0.5366586538461539 0.3317307692307692 0.5408653846153846 0.32425213675213677 0.5426682692307693 0.3173076923076923 0.5408653846153846 0.31356837606837606 0.5363581730769231 0.31036324786324787 0.5225360576923077 0.3215811965811966
3 0.5597956730769231 0.2879273504273504 0.5594951923076923 0.29594017094017094 0.5606971153846154 0.30235042735042733 0.5811298076923077 0.3018162393162393 0.5835336538461539 0.2954059829059829 0.5832331730769231 0.28685897435897434 0.5805288461538461 0.2841880341880342 0.5634014423076923 0.2841880341880342
3 0.5838341346153846 0.2841880341880342 0.5844350961538461 0.29273504273504275 0.5832331730769231 0.3002136752136752 0.5850360576923077 0.30235042735042733 0.6060697115384616 0.30448717948717946 0.6072716346153846 0.3034188034188034 0.609375 0.2932692307692308 0.6090745192307693 0.2900641025641026 0.6048677884615384 0.28525641025641024 0.5916466346153846 0.2825854700854701
3 0.6129807692307693 0.27884615384615385 0.6129807692307693 0.2847222222222222 0.6162860576923077 0.28846153846153844 0.6231971153846154 0.2879273504273504 0.6340144230769231 0.2831196581196581 0.63671875 0.2793803418803419 0.6364182692307693 0.265491452991453 0.6331129807692307 0.2644230769230769 0.6192908653846154 0.2686965811965812 0.6153846153846154 0.2719017094017094
3 0.6370192307692307 0.2644230769230769 0.6370192307692307 0.27350427350427353 0.6403245192307693 0.2793803418803419 0.65234375 0.2761752136752137 0.6580528846153846 0.2724358974358974 0.6595552884615384 0.2686965811965812 0.6586538461538461 0.25854700854700857 0.6550480769230769 0.25587606837606836 0.640625 0.25961538461538464
3 0.6628605769230769 0.26014957264957267 0.6619591346153846 0.2708333333333333 0.6646634615384616 0.27350427350427353 0.6838942307692307 0.27297008547008544 0.6859975961538461 0.27136752136752135 0.6875 0.266025641025641 0.6868990384615384 0.25801282051282054 0.6850961538461539 0.2548076923076923 0.6676682692307693 0.25427350427350426 0.6649639423076923 0.2553418803418803
3 0.40688401442307687 0.5120384615384616 0.41376412259615386 0.5107729700854701 0.41376412259615386 0.46775160256410253 0.41139182692307696 0.46353418803418805 0.40688401442307687 0.46437767094017096 0.40474879807692304 0.469017094017094 0.4042743389423077 0.47745299145299147
3 0.40451141826923076 0.4664866452991453 0.4000036057692308 0.4382275641025641 0.4007154447115384 0.42641773504273506 0.40451141826923076 0.42388675213675214 0.4075958533653846 0.42346527777777776 0.40830739182692305 0.4340096153846154 0.4121033653846154 0.4660646367521367 0.4092566105769231 0.4639556623931624 0.4054606370192308 0.4656431623931624
3 0.7059825721153847 0.2659610042735043 0.7075267427884615 0.26169123931623933 0.7123305288461539 0.25711591880341883 0.7176487379807692 0.2537612179487179 0.7221093749999999 0.2485758547008547 0.7221093749999999 0.24186591880341882 0.7179918870192308 0.2351559829059829 0.70289453125 0.25101602564102565 0.7003209134615385 0.2610811965811966
3 0.722795673076923 0.24430608974358975 0.7330895432692308 0.22875106837606837 0.7342905649038461 0.2217361111111111 0.7320600961538462 0.21746581196581197 0.7291436298076923 0.21716079059829058 0.727084735576923 0.21929594017094017 0.716448016826923 0.23485096153846155 0.7185066105769231 0.23668108974358976 0.7200507812500001 0.2379011752136752 0.7219378004807692 0.24003579059829058 0.7221093749999999 0.24308600427350427
0 0.5760216346153846 0.5464743589743589 0.5760216346153846 0.5539529914529915 0.5772235576923077 0.5560897435897436 0.5814302884615384 0.5587606837606838 0.5856370192307693 0.5560897435897436 0.5922475961538461 0.5331196581196581 0.5928485576923077 0.5192307692307693 0.58984375 0.5176282051282052 0.5850360576923077 0.5208333333333334 0.5811298076923077 0.5288461538461539
0 0.5865384615384616 0.5058760683760684 0.5859375 0.5085470085470085 0.5874399038461539 0.5144230769230769 0.5952524038461539 0.5149572649572649 0.5988581730769231 0.5080128205128205 0.6060697115384616 0.4807692307692308 0.6021634615384616 0.4732905982905983 0.59765625 0.47649572649572647 0.5949519230769231 0.4807692307692308
0 0.5982572115384616 0.44604700854700857 0.5979567307692307 0.4567307692307692 0.5988581730769231 0.4599358974358974 0.6060697115384616 0.46153846153846156 0.6081730769230769 0.45886752136752135 0.6099759615384616 0.42895299145299143 0.6087740384615384 0.4204059829059829 0.60546875 0.41933760683760685 0.5997596153846154 0.42467948717948717
0 0.5988581730769231 0.390491452991453 0.5979567307692307 0.3969017094017094 0.5988581730769231 0.422008547008547 0.6021634615384616 0.42467948717948717 0.6090745192307693 0.4230769230769231 0.6072716346153846 0.4129273504273504 0.6090745192307693 0.38354700854700857 0.6027644230769231 0.38354700854700857
0 0.5697115384615384 0.37232905982905984 0.5694110576923077 0.38675213675213677 0.5718149038461539 0.390491452991453 0.5913461538461539 0.3888888888888889 0.59375 0.3872863247863248 0.5949519230769231 0.38301282051282054 0.5946514423076923 0.3733974358974359 0.5913461538461539 0.3685897435897436 0.5838341346153846 0.3680555555555556
0 0.54296875 0.38301282051282054 0.5432692307692307 0.38835470085470086 0.5465745192307693 0.390491452991453 0.5492788461538461 0.3872863247863248 0.5552884615384616 0.39476495726495725 0.5691105769230769 0.38995726495726496 0.5691105769230769 0.3782051282051282 0.5673076923076923 0.37286324786324787 0.546875 0.37553418803418803 0.5441706730769231 0.3787393162393162
0 0.6090745192307693 0.38301282051282054 0.6087740384615384 0.40064102564102566 0.6114783653846154 0.4043803418803419 0.6283052884615384 0.4075854700854701 0.6316105769230769 0.4075854700854701 0.6340144230769231 0.4043803418803419 0.6343149038461539 0.391025641025641 0.6313100961538461 0.3872863247863248
0 0.6355168269230769 0.3974358974358974 0.6349158653846154 0.4049145299145299 0.63671875 0.40705128205128205 0.6574519230769231 0.4129273504273504 0.6613581730769231 0.4107905982905983 0.6628605769230769 0.40224358974358976 0.6613581730769231 0.3958333333333333 0.6592548076923077 0.39316239316239315 0.6439302884615384 0.38782051282051283 0.6376201923076923 0.38995726495726496
0 0.7214543269230769 0.3557692307692308 0.7205528846153846 0.36912393162393164 0.72265625 0.3717948717948718 0.7445913461538461 0.37286324786324787 0.7481971153846154 0.3627136752136752 0.7469951923076923 0.35523504273504275 0.7445913461538461 0.3530982905982906 0.7256610576923077 0.3525641025641026
0 0.6968149038461539 0.36698717948717946 0.6959134615384616 0.3701923076923077 0.703125 0.3803418803418803 0.7178485576923077 0.37286324786324787 0.7196514423076923 0.36912393162393164 0.7205528846153846 0.358974358974359 0.7190504807692307 0.35683760683760685 0.7130408653846154 0.3563034188034188 0.7010216346153846 0.36217948717948717
0 0.7602163461538461 0.26655982905982906 0.7602163461538461 0.27564102564102566 0.7659254807692307 0.2905982905982906 0.7668269230769231 0.297008547008547 0.76953125 0.29967948717948717 0.7755408653846154 0.2986111111111111 0.7770432692307693 0.28525641025641024 0.7701322115384616 0.2644230769230769 0.7653245192307693 0.25961538461538464
0 0.7493990384615384 0.23344017094017094 0.7472956730769231 0.24091880341880342 0.7475961538461539 0.24412393162393162 0.7557091346153846 0.265491452991453 0.7587139423076923 0.26816239316239315 0.7620192307692307 0.2676282051282051 0.7647235576923077 0.26175213675213677 0.7650240384615384 0.25801282051282054 0.7587139423076923 0.2377136752136752 0.7554086538461539 0.23130341880341881 0.7518028846153846 0.23076923076923078
0 0.671875 0.202991452991453 0.671875 0.21207264957264957 0.6787860576923077 0.23130341880341881 0.6820913461538461 0.2329059829059829 0.6871995192307693 0.22756410256410256 0.6859975961538461 0.21634615384615385 0.6787860576923077 0.19658119658119658 0.6745793269230769 0.1971153846153846
0 0.6814903846153846 0.2329059829059829 0.6808894230769231 0.23985042735042736 0.6817908653846154 0.24519230769230768 0.6902043269230769 0.26282051282051283 0.6962139423076923 0.26335470085470086 0.6995192307692307 0.25854700854700857 0.6998197115384616 0.2516025641025641 0.6890024038461539 0.23023504273504272 0.6853966346153846 0.22863247863247863
0 0.6820868389423077 0.4035106837606837 0.6995285456730769 0.3861463675213675 0.6995285456730769 0.3799449786324786 0.6995285456730769 0.3741565170940171 0.6958076923076923 0.37167628205128206 0.6792959735576923 0.38780021367521367 0.6765054086538461 0.39648237179487184
0 0.7543434495192307 0.36420779914529916 0.7622908653846154 0.34223023504273503 0.7651607572115384 0.33732425213675216 0.7692448918269231 0.3357542735042735 0.7706796875 0.33889423076923075 0.7705694110576923 0.34478098290598286 0.7693551682692308 0.35086431623931624 0.7609663461538462 0.3712724358974359
0 0.771673076923077 0.3426223290598291 0.7790688100961538 0.31789690170940166 0.7795102163461538 0.30985149572649573 0.7752052283653845 0.3067120726495726 0.7704591346153846 0.3165235042735043 0.7632842548076924 0.3383055555555555 0.7651607572115384 0.3369316239316239 0.7689137620192308 0.33457692307692305 0.770790264423077 0.33771688034188035 0.7709005408653845 0.34203365384615386
0 0.7385588942307693 0.24175854700854701 0.7267481971153846 0.26000854700854703 0.725975360576923 0.252159188034188 0.7227743389423077 0.24823450854700854 0.7356890024038462 0.22704113247863247 0.7393314302884615 0.23018108974358975
0 0.7093079927884616 0.2766880341880342 0.7271896033653846 0.2598119658119658 0.7260859375000001 0.252159188034188 0.7229951923076924 0.24843055555555557 0.7072106370192308 0.2615785256410256 0.7050030048076923 0.2696239316239316