3 0.30709134615384615 0.6591880341880342 0.30679086538461536 0.6672008547008547 0.31039663461538464 0.6730769230769231 0.3308293269230769 0.6842948717948718 0.33533653846153844 0.6842948717948718 0.3368389423076923 0.6821581196581197 0.33834134615384615 0.6677350427350427 0.3362379807692308 0.6634615384615384 0.31430288461538464 0.6506410256410257 0.3097956730769231 0.6522435897435898
3 0.33834134615384615 0.6746794871794872 0.33804086538461536 0.6816239316239316 0.34134615384615385 0.6853632478632479 0.3629807692307692 0.6933760683760684 0.36929086538461536 0.6928418803418803 0.3713942307692308 0.6794871794871795 0.3698918269230769 0.6746794871794872 0.3662860576923077 0.6709401709401709 0.3512620192307692 0.6661324786324786 0.34555288461538464 0.6623931623931624 0.3410456730769231 0.6645299145299145
3 0.37169471153846156 0.6885683760683761 0.3713942307692308 0.6923076923076923 0.37319711538461536 0.6960470085470085 0.3864182692307692 0.6976495726495726 0.3918269230769231 0.7029914529914529 0.39693509615384615 0.7051282051282052 0.40174278846153844 0.7029914529914529 0.40414663461538464 0.6907051282051282 0.40294471153846156 0.6842948717948718 0.4011418269230769 0.6816239316239316 0.3780048076923077 0.6736111111111112 0.3740985576923077 0.6752136752136753
3 0.4071514423076923 0.655448717948718 0.4053485576923077 0.6858974358974359 0.4089543269230769 0.6891025641025641 0.4149639423076923 0.6891025641025641 0.4170673076923077 0.6842948717948718 0.41856971153846156 0.6720085470085471 0.4191706730769231 0.6436965811965812 0.4182692307692308 0.6388888888888888 0.4140625 0.6372863247863247 0.40835336538461536 0.6404914529914529
3 0.4065504807692308 0.5913461538461539 0.40564903846153844 0.6314102564102564 0.40775240384615385 0.6372863247863247 0.41165865384615385 0.6378205128205128 0.41646634615384615 0.6330128205128205 0.4176682692307692 0.5881410256410257 0.41586538461538464 0.5849358974358975 0.41075721153846156 0.5844017094017094 0.40835336538461536 0.5865384615384616
3 0.31971153846153844 0.4166666666666667 0.31971153846153844 0.422008547008547 0.32091346153846156 0.4236111111111111 0.34555288461538464 0.42948717948717946 0.34705528846153844 0.42574786324786323 0.3479567307692308 0.41452991452991456 0.3446514423076923 0.4091880341880342 0.3272235576923077 0.4075854700854701 0.32181490384615385 0.4097222222222222
3 0.34705528846153844 0.42094017094017094 0.3467548076923077 0.4284188034188034 0.35216346153846156 0.43162393162393164 0.37289663461538464 0.4375 0.375 0.4326923076923077 0.3753004807692308 0.422008547008547 0.37259615384615385 0.4182692307692308 0.3485576923076923 0.4166666666666667
3 0.37560096153846156 0.4284188034188034 0.3753004807692308 0.43536324786324787 0.37710336538461536 0.43856837606837606 0.39453125 0.4412393162393162 0.40084134615384615 0.44551282051282054 0.40294471153846156 0.4423076923076923 0.4032451923076923 0.4310897435897436 0.4011418269230769 0.42735042735042733 0.3777043269230769 0.42414529914529914
3 0.31640625 0.3936965811965812 0.3152043269230769 0.40010683760683763 0.3161057692307692 0.4049145299145299 0.3203125 0.4081196581196581 0.32602163461538464 0.40544871794871795 0.32992788461538464 0.3936965811965812 0.33533653846153844 0.38461538461538464 0.33743990384615385 0.37553418803418803 0.3371394230769231 0.3712606837606838 0.3317307692307692 0.36645299145299143 0.3284254807692308 0.3685897435897436
3 0.33143028846153844 0.35683760683760685 0.3311298076923077 0.36324786324786323 0.3323317307692308 0.3659188034188034 0.33834134615384615 0.3712606837606838 0.34224759615384615 0.36752136752136755 0.35216346153846156 0.344017094017094 0.35396634615384615 0.3344017094017094 0.34555288461538464 0.3295940170940171
3 0.43149038461538464 0.46634615384615385 0.4293870192307692 0.4807692307692308 0.43209134615384615 0.48504273504273504 0.4540264423076923 0.48717948717948717 0.45883413461538464 0.483974358974359 0.45943509615384615 0.47275641025641024 0.4573317307692308 0.4668803418803419 0.43960336538461536 0.4642094017094017 0.43209134615384615 0.46474358974358976
3 0.4621394230769231 0.469017094017094 0.46334134615384615 0.4813034188034188 0.4660456730769231 0.484508547008547 0.48828125 0.4791666666666667 0.4909855769230769 0.4754273504273504 0.48978365384615385 0.4620726495726496 0.48768028846153844 0.4583333333333333 0.4678485576923077 0.4620726495726496 0.4636418269230769 0.4652777777777778
3 0.4930889423076923 0.4583333333333333 0.4912860576923077 0.4599358974358974 0.4912860576923077 0.4738247863247863 0.49158653846153844 0.47702991452991456 0.49368990384615385 0.4780982905982906 0.5144230769230769 0.4716880341880342 0.5186298076923077 0.4668803418803419 0.5186298076923077 0.4561965811965812 0.5159254807692307 0.4519230769230769 0.5087139423076923 0.45245726495726496
3 0.5204326923076923 0.453525641025641 0.5207331730769231 0.4668803418803419 0.5261418269230769 0.468482905982906 0.5408653846153846 0.4519230769230769 0.5456730769230769 0.4391025641025641 0.54296875 0.43322649572649574 0.5396634615384616 0.43162393162393164 0.5258413461538461 0.44551282051282054
3 0.5276442307692307 0.38995726495726496 0.5270432692307693 0.39797008547008544 0.5294471153846154 0.41025641025641024 0.5393629807692307 0.42788461538461536 0.5432692307692307 0.42895299145299143 0.5456730769230769 0.421474358974359 0.5369591346153846 0.39155982905982906 0.5330528846153846 0.38675213675213677 0.5291466346153846 0.3872863247863248
3 0.5363581730769231 0.3685897435897436 0.5357572115384616 0.3733974358974359 0.5378605769230769 0.3782051282051282 0.546875 0.37767094017094016 0.5570913461538461 0.36698717948717946 0.5606971153846154 0.36004273504273504 0.5606971153846154 0.3563034188034188 0.5570913461538461 0.3504273504273504 0.5534855769230769 0.3504273504273504 0.5414663461538461 0.3605769230769231
3 0.55859375 0.3424145299145299 0.5573918269230769 0.3450854700854701 0.5579927884615384 0.3488247863247863 0.5615985576923077 0.3563034188034188 0.5643028846153846 0.3573717948717949 0.5778245192307693 0.344017094017094 0.5796274038461539 0.3392094017094017 0.5796274038461539 0.33066239316239315 0.5784254807692307 0.32745726495726496 0.5745192307692307 0.328525641025641
3 0.5796274038461539 0.3263888888888889 0.5802283653846154 0.3386752136752137 0.5823317307692307 0.3408119658119658 0.6027644230769231 0.3424145299145299 0.6051682692307693 0.33974358974358976 0.6063701923076923 0.3333333333333333 0.6063701923076923 0.3301282051282051 0.6039663461538461 0.32532051282051283 0.5991586538461539 0.32264957264957267 0.5841346153846154 0.32104700854700857
3 0.6120793269230769 0.32371794871794873 0.6057692307692307 0.32425213675213677 0.6066706730769231 0.3295940170940171 0.6060697115384616 0.3418803418803419 0.6259014423076923 0.3472222222222222 0.6286057692307693 0.3466880341880342 0.6319110576923077 0.3418803418803419 0.6319110576923077 0.3327991452991453 0.6301081730769231 0.327991452991453 0.6195913461538461 0.32371794871794873
3 0.6929086538461539 0.30074786324786323 0.69140625 0.3108974358974359 0.6929086538461539 0.31463675213675213 0.6974158653846154 0.31677350427350426 0.7160456730769231 0.3173076923076923 0.7172475961538461 0.3157051282051282 0.71875 0.3055555555555556 0.7172475961538461 0.29967948717948717 0.7103365384615384 0.29754273504273504 0.6962139423076923 0.297008547008547
3 0.7536057692307693 0.2767094017094017 0.7536057692307693 0.280982905982906 0.7587139423076923 0.2879273504273504 0.7722355769230769 0.2692307692307692 0.7722355769230769 0.26282051282051283 0.7692307692307693 0.2590811965811966 0.7653245192307693 0.25961538461538464
3 0.7389504206730769 0.3104433760683761 0.7567055288461538 0.2931965811965812 0.7572548076923076 0.2850614316239316 0.7539600360576924 0.2788782051282051 0.7362046274038462 0.2964508547008547 0.7340081129807692 0.30426068376068377
3 0.6659155649038462 0.3182532051282051 0.6666478365384615 0.3104433760683761 0.6648173076923077 0.3052366452991453 0.6670138221153846 0.30328418803418805 0.6878810096153847 0.2967761752136752 0.6893452524038461 0.30458600427350424 0.6880640024038461 0.31565010683760686 0.6664648437499999 0.3205309829059829
3 0.665549579326923 0.3228087606837607 0.6412046274038462 0.32834081196581194 0.6399233774038462 0.3228087606837607 0.6423028846153845 0.3146736111111111 0.6432181490384615 0.3107686965811966 0.6485264423076923 0.3097927350427351 0.6648173076923077 0.30556196581196576 0.6666478365384615 0.3114193376068376
3 0.35382481971153845 0.338428952991453 0.36663792067307693 0.30914155982905983 0.3651736778846154 0.2964508547008547 0.36004837740384615 0.29514903846153845 0.3479675480769231 0.32150747863247864 0.3466859975961538 0.3270395299145299 0.35071304086538463 0.331920405982906
3 0.40764002403846156 0.47803044871794875 0.40818900240384615 0.5151276709401709 0.4120330528846154 0.5125245726495726 0.4169750600961538 0.5128498931623932 0.41715835336538465 0.47933226495726494 0.41569381009615386 0.46664102564102566 0.40892127403846157 0.4679428418803419
3 0.4072737379807692 0.5564551282051282 0.4092872596153846 0.5200090811965812 0.4114837740384615 0.5125245726495726 0.4182566105769231 0.5141511752136753 0.4184396033653846 0.522286858974359 0.4169750600961538 0.5603600427350427 0.4155108173076923 0.5626378205128205 0.40892127403846157 0.5619871794871795
2 0.13701923076923078 0.31143162393162394 0.13311298076923078 0.32425213675213677 0.14032451923076922 0.3327991452991453 0.14212740384615385 0.33226495726495725 0.14393028846153846 0.33066239316239315 0.15294471153846154 0.30395299145299143 0.15384615384615385 0.296474358974359 0.14933894230769232 0.2900641025641026 0.14453125 0.2905982905982906
2 0.1268028846153846 0.3450854700854701 0.125 0.3547008547008547 0.125 0.36324786324786323 0.13341346153846154 0.3685897435897436 0.13822115384615385 0.3547008547008547 0.14182692307692307 0.3344017094017094 0.13371394230769232 0.3263888888888889 0.12980769230769232 0.3311965811965812
2 0.11207932692307693 0.43696581196581197 0.11177884615384616 0.452991452991453 0.11268028846153846 0.4561965811965812 0.12319711538461539 0.4545940170940171 0.12650240384615385 0.42094017094017094 0.12650240384615385 0.40705128205128205 0.11929086538461539 0.40705128205128205 0.1162860576923077 0.4113247863247863
2 0.11388221153846154 0.4567307692307692 0.11508413461538461 0.5037393162393162 0.11899038461538461 0.5064102564102564 0.125 0.5048076923076923 0.12740384615384615 0.5016025641025641 0.12740384615384615 0.4946581196581197 0.1240985576923077 0.4599358974358974 0.11989182692307693 0.4545940170940171 0.11568509615384616 0.45405982905982906
2 0.12049278846153846 0.5325854700854701 0.12109375 0.5464743589743589 0.12439903846153846 0.5603632478632479 0.1268028846153846 0.5779914529914529 0.13010817307692307 0.5827991452991453 0.13311298076923078 0.5827991452991453 0.1385216346153846 0.5785256410256411 0.13972355769230768 0.5737179487179487 0.1328125 0.5357905982905983 0.1271033653846154 0.5299145299145299 0.12319711538461539 0.5293803418803419
2 0.13191105769230768 0.5865384615384616 0.1328125 0.5972222222222222 0.14393028846153846 0.6201923076923077 0.14753605769230768 0.6239316239316239 0.14963942307692307 0.6207264957264957 0.15594951923076922 0.6175213675213675 0.15564903846153846 0.6132478632478633 0.1427283653846154 0.5849358974358975 0.13671875 0.5817307692307693
2 0.14993990384615385 0.6196581196581197 0.1484375 0.6228632478632479 0.15084134615384615 0.6356837606837606 0.1541466346153846 0.6447649572649573 0.16496394230769232 0.6623931623931624 0.16826923076923078 0.6650641025641025 0.17097355769230768 0.6639957264957265 0.17608173076923078 0.657051282051282 0.17698317307692307 0.6506410256410257 0.16436298076923078 0.6287393162393162 0.15775240384615385 0.6201923076923077
2 0.19591346153846154 0.6677350427350427 0.1953125 0.6746794871794872 0.19801682692307693 0.6805555555555556 0.21634615384615385 0.7019230769230769 0.22115384615384615 0.7045940170940171 0.22536057692307693 0.6971153846153846 0.22626201923076922 0.6885683760683761 0.22385817307692307 0.6826923076923077 0.20462740384615385 0.6613247863247863 0.19921875 0.6602564102564102
2 0.22776442307692307 0.7029914529914529 0.22746394230769232 0.7099358974358975 0.2286658653846154 0.7115384615384616 0.2512019230769231 0.7254273504273504 0.2587139423076923 0.7216880341880342 0.26111778846153844 0.7061965811965812 0.2569110576923077 0.6992521367521367 0.23497596153846154 0.6901709401709402 0.23106971153846154 0.6923076923076923
2 0.25931490384615385 0.7200854700854701 0.25961538461538464 0.7270299145299145 0.2629206730769231 0.7297008547008547 0.28575721153846156 0.7393162393162394 0.2899639423076923 0.7393162393162394 0.29116586538461536 0.7371794871794872 0.2917668269230769 0.7200854700854701 0.2809495192307692 0.7131410256410257 0.2665264423076923 0.7067307692307693 0.2620192307692308 0.7067307692307693
2 0.35757211538461536 0.7136752136752137 0.35757211538461536 0.719551282051282 0.3596754807692308 0.7280982905982906 0.36268028846153844 0.7313034188034188 0.3870192307692308 0.7216880341880342 0.3897235576923077 0.717948717948718 0.390625 0.7088675213675214 0.3897235576923077 0.7024572649572649 0.38731971153846156 0.6987179487179487 0.3819110576923077 0.6987179487179487 0.36268028846153844 0.7067307692307693
2 0.32481971153846156 0.7270299145299145 0.32481971153846156 0.7409188034188035 0.32752403846153844 0.7446581196581197 0.35366586538461536 0.7377136752136753 0.35757211538461536 0.7350427350427351 0.3584735576923077 0.7318376068376068 0.35727163461538464 0.7200854700854701 0.3542668269230769 0.7152777777777778 0.32962740384615385 0.7216880341880342
2 0.29146634615384615 0.7280982905982906 0.29086538461538464 0.7377136752136753 0.2941706730769231 0.7414529914529915 0.3167067307692308 0.7467948717948718 0.3239182692307692 0.7446581196581197 0.3239182692307692 0.7307692307692307 0.31971153846153844 0.7243589743589743 0.29627403846153844 0.7206196581196581 0.2926682692307692 0.7222222222222222
2 0.12781400240384616 0.4073792735042735 0.1334873798076923 0.3757190170940171 0.13191135817307692 0.36927510683760684 0.12529236778846153 0.36675373931623934 0.12371634615384616 0.3684348290598291 0.11678185096153845 0.40289636752136754 0.11678185096153845 0.41186217948717946 0.11977614182692307 0.40569818376068373
2 0.42037259615384615 0.43963675213675213 0.41977163461538464 0.4465811965811966 0.4206730769230769 0.4497863247863248 0.42247596153846156 0.453525641025641 0.42578125 0.4551282051282051 0.4417067307692308 0.44017094017094016 0.4465144230769231 0.4321581196581197 0.44681490384615385 0.4284188034188034 0.4423076923076923 0.4188034188034188
2 0.4444110576923077 0.4113247863247863 0.44350961538461536 0.4182692307692308 0.44471153846153844 0.42254273504273504 0.44591346153846156 0.42628205128205127 0.4495192307692308 0.4284188034188034 0.4675480769230769 0.4155982905982906 0.46935096153846156 0.41025641025641024 0.46694711538461536 0.3995726495726496 0.46304086538461536 0.3995726495726496
2 0.4690504807692308 0.3974358974358974 0.47025240384615385 0.4097222222222222 0.47415865384615385 0.4107905982905983 0.4933894230769231 0.39797008547008544 0.4951923076923077 0.3942307692307692 0.4951923076923077 0.3888888888888889 0.49368990384615385 0.38354700854700857 0.48768028846153844 0.3819444444444444 0.4738581730769231 0.38995726495726496
2 0.4969951923076923 0.3803418803418803 0.49609375 0.38354700854700857 0.49669471153846156 0.3926282051282051 0.49849759615384615 0.3958333333333333 0.5015024038461539 0.39636752136752135 0.5174278846153846 0.3888888888888889 0.5210336538461539 0.38354700854700857 0.5216346153846154 0.37232905982905984 0.5189302884615384 0.3685897435897436 0.5024038461538461 0.375
2 0.5378605769230769 0.38354700854700857 0.5375600961538461 0.390491452991453 0.546875 0.41933760683760685 0.5498798076923077 0.422008547008547 0.5552884615384616 0.42094017094017094 0.5564903846153846 0.4166666666666667 0.5558894230769231 0.4075854700854701 0.5477764423076923 0.38301282051282054 0.5423677884615384 0.3787393162393162
2 0.5510817307692307 0.4700854700854701 0.5495793269230769 0.4797008547008547 0.5510817307692307 0.483974358974359 0.5537860576923077 0.4855769230769231 0.5606971153846154 0.4823717948717949 0.5628004807692307 0.4668803418803419 0.56640625 0.45245726495726496 0.5667067307692307 0.44551282051282054 0.5649038461538461 0.44177350427350426 0.5603966346153846 0.43963675213675213 0.5582932692307693 0.4428418803418803
2 0.5453725961538461 0.5229700854700855 0.5450721153846154 0.5261752136752137 0.5465745192307693 0.5288461538461539 0.5501802884615384 0.530982905982906 0.5537860576923077 0.530982905982906 0.5549879807692307 0.5288461538461539 0.5606971153846154 0.49893162393162394 0.5618990384615384 0.4893162393162393 0.5606971153846154 0.48344017094017094 0.5552884615384616 0.48504273504273504 0.5522836538461539 0.49145299145299143
2 0.5534855769230769 0.5464743589743589 0.5516826923076923 0.5534188034188035 0.5516826923076923 0.5603632478632479 0.5567908653846154 0.5881410256410257 0.5603966346153846 0.5913461538461539 0.5661057692307693 0.5897435897435898 0.5670072115384616 0.5870726495726496 0.5667067307692307 0.5785256410256411 0.5618990384615384 0.5438034188034188 0.5558894230769231 0.5422008547008547
2 0.5597956730769231 0.5966880341880342 0.5603966346153846 0.6127136752136753 0.5652043269230769 0.6362179487179487 0.5697115384615384 0.6399572649572649 0.5757211538461539 0.6372863247863247 0.5763221153846154 0.6303418803418803 0.5748197115384616 0.6196581196581197 0.5694110576923077 0.593482905982906 0.5673076923076923 0.5897435897435898 0.5637019230769231 0.5892094017094017 0.5603966346153846 0.5918803418803419
2 0.5817307692307693 0.6575854700854701 0.5823317307692307 0.6645299145299145 0.5988581730769231 0.6928418803418803 0.6024639423076923 0.6923076923076923 0.6078725961538461 0.6821581196581197 0.6072716346153846 0.6736111111111112 0.5952524038461539 0.6543803418803419 0.5892427884615384 0.6474358974358975 0.5847355769230769 0.6490384615384616
2 0.6204927884615384 0.6965811965811965 0.6192908653846154 0.6992521367521367 0.6204927884615384 0.7077991452991453 0.6231971153846154 0.7120726495726496 0.6280048076923077 0.7120726495726496 0.6478365384615384 0.7051282051282052 0.6508413461538461 0.6987179487179487 0.6511418269230769 0.6928418803418803 0.6502403846153846 0.688034188034188 0.6460336538461539 0.6858974358974359 0.6301081730769231 0.6885683760683761 0.6231971153846154 0.6928418803418803
2 0.6505408653846154 0.6853632478632479 0.6517427884615384 0.6960470085470085 0.6538461538461539 0.6992521367521367 0.6577524038461539 0.6987179487179487 0.6724759615384616 0.6928418803418803 0.6787860576923077 0.688034188034188 0.6805889423076923 0.6848290598290598 0.6814903846153846 0.6746794871794872 0.6790865384615384 0.6720085470085471 0.6715745192307693 0.6709401709401709 0.6559495192307693 0.6784188034188035
2 0.7028245192307693 0.6805555555555556 0.7025240384615384 0.6858974358974359 0.7052283653846154 0.6912393162393162 0.7103365384615384 0.6928418803418803 0.7136418269230769 0.6901709401709402 0.7286658653846154 0.6709401709401709 0.73046875 0.6650641025641025 0.7298677884615384 0.6581196581196581 0.7271634615384616 0.6538461538461539 0.7169471153846154 0.6613247863247863 0.7055288461538461 0.6746794871794872
2 0.7340745192307693 0.6469017094017094 0.7298677884615384 0.6506410256410257 0.7319711538461539 0.6645299145299145 0.7334735576923077 0.6666666666666666 0.7406850961538461 0.6645299145299145 0.7554086538461539 0.6543803418803419 0.7581129807692307 0.6506410256410257 0.7581129807692307 0.6426282051282052 0.7566105769230769 0.6372863247863247 0.7536057692307693 0.6367521367521367
2 0.7587139423076923 0.6335470085470085 0.7575120192307693 0.6367521367521367 0.7587139423076923 0.6506410256410257 0.7611177884615384 0.6522435897435898 0.7842548076923077 0.6522435897435898 0.7863581730769231 0.6511752136752137 0.7881610576923077 0.6404914529914529 0.7881610576923077 0.6362179487179487 0.78515625 0.6330128205128205 0.7626201923076923 0.6314102564102564
2 0.7878605769230769 0.6479700854700855 0.7875600961538461 0.6506410256410257 0.7893629807692307 0.6533119658119658 0.8140024038461539 0.6714743589743589 0.8173076923076923 0.6704059829059829 0.8215144230769231 0.6581196581196581 0.8197115384615384 0.6506410256410257 0.7974759615384616 0.6356837606837606 0.7911658653846154 0.6362179487179487
2 0.8188100961538461 0.6688034188034188 0.8191105769230769 0.6762820512820513 0.8416466346153846 0.7003205128205128 0.8446514423076923 0.7003205128205128 0.8509615384615384 0.6923076923076923 0.8506610576923077 0.6885683760683761 0.8455528846153846 0.6752136752136753 0.8419471153846154 0.6741452991452992 0.828125 0.6597222222222222 0.8227163461538461 0.6597222222222222
2 0.8455528846153846 0.7003205128205128 0.8443509615384616 0.7029914529914529 0.84765625 0.7099358974358975 0.8662860576923077 0.7350427350427351 0.8704927884615384 0.7350427350427351 0.8762019230769231 0.7238247863247863 0.8753004807692307 0.7163461538461539 0.8623798076923077 0.7013888888888888 0.8596754807692307 0.6928418803418803 0.8527644230769231 0.6923076923076923
2 0.8626802884615384 0.6602564102564102 0.8584735576923077 0.6677350427350427 0.8620793269230769 0.6784188034188035 0.8746995192307693 0.7029914529914529 0.8798076923076923 0.7072649572649573 0.8837139423076923 0.7045940170940171 0.8876201923076923 0.6955128205128205 0.8870192307692307 0.6885683760683761 0.8692908653846154 0.657051282051282 0.8659855769230769 0.655982905982906
2 0.8395432692307693 0.624465811965812 0.8401442307692307 0.6314102564102564 0.8521634615384616 0.6597222222222222 0.859375 0.6688034188034188 0.8602764423076923 0.6645299145299145 0.8656850961538461 0.6543803418803419 0.8638822115384616 0.6463675213675214 0.8563701923076923 0.6282051282051282 0.8491586538461539 0.6153846153846154 0.8446514423076923 0.6169871794871795
2 0.8260216346153846 0.5742521367521367 0.8257211538461539 0.5779914529914529 0.8278245192307693 0.5870726495726496 0.8365384615384616 0.6153846153846154 0.8431490384615384 0.6169871794871795 0.8464543269230769 0.6148504273504274 0.8479567307692307 0.6095085470085471 0.8479567307692307 0.6030982905982906 0.8386418269230769 0.5710470085470085 0.8344350961538461 0.5673076923076923
2 0.8143028846153846 0.5293803418803419 0.8155048076923077 0.5427350427350427 0.8206129807692307 0.5673076923076923 0.8245192307692307 0.5715811965811965 0.8305288461538461 0.5683760683760684 0.83203125 0.5641025641025641 0.8317307692307693 0.5555555555555556 0.8275240384615384 0.530448717948718 0.8254206730769231 0.5240384615384616 0.8182091346153846 0.5240384615384616
2 0.80859375 0.4967948717948718 0.8082932692307693 0.5032051282051282 0.8094951923076923 0.5069444444444444 0.81640625 0.5096153846153846 0.8185096153846154 0.5080128205128205 0.8248197115384616 0.4738247863247863 0.8245192307692307 0.4658119658119658 0.8200120192307693 0.4642094017094017 0.81640625 0.46634615384615385 0.8134014423076923 0.4716880341880342
2 0.7863581730769231 0.44925213675213677 0.7857572115384616 0.452991452991453 0.7881610576923077 0.45886752136752135 0.8058894230769231 0.47115384615384615 0.8125 0.47115384615384615 0.8155048076923077 0.46260683760683763 0.8149038461538461 0.45245726495726496 0.7986778846153846 0.4423076923076923 0.7899639423076923 0.4407051282051282 0.7878605769230769 0.44337606837606836
2 0.75 0.37767094017094016 0.7496995192307693 0.38354700854700857 0.7587139423076923 0.4113247863247863 0.7620192307692307 0.41613247863247865 0.7662259615384616 0.41613247863247865 0.7683293269230769 0.41346153846153844 0.7701322115384616 0.4081196581196581 0.7701322115384616 0.40064102564102566 0.7623197115384616 0.37713675213675213 0.7584134615384616 0.3712606837606838 0.7569110576923077 0.3712606837606838
2 0.7394831730769231 0.3402777777777778 0.7370793269230769 0.34455128205128205 0.7370793269230769 0.34935897435897434 0.7445913461538461 0.37232905982905984 0.7478966346153846 0.3787393162393162 0.7572115384615384 0.37072649572649574 0.7566105769230769 0.3659188034188034 0.7478966346153846 0.34134615384615385 0.7451923076923077 0.3370726495726496
2 0.5293290264423077 0.36304914529914534 0.5352154447115385 0.3343376068376068 0.5388380408653846 0.3260197649572649 0.5438188100961538 0.32655608974358974 0.5441204927884615 0.3348744658119658 0.53989453125 0.36170726495726496 0.5365739182692308 0.3660005341880342 0.5334041466346154 0.3676105769230769 0.5308383413461539 0.3657323717948718
2 0.5364230769230769 0.32682478632478634 0.5421583533653846 0.30026014957264957 0.5454789663461539 0.29194177350427347 0.55076171875 0.2927467948717949 0.5512145432692308 0.30133333333333334 0.5445733173076923 0.32923931623931624 0.5438188100961538 0.3252147435897436 0.5385360576923077 0.32655608974358974
1 0.27794471153846156 0.18963675213675213 0.2764423076923077 0.1955128205128205 0.27794471153846156 0.2013888888888889 0.28275240384615385 0.20833333333333334 0.2854567307692308 0.20619658119658119 0.29447115384615385 0.18215811965811965 0.2941706730769231 0.172008547008547 0.28966346153846156 0.16666666666666666 0.2863581730769231 0.16826923076923078
1 0.2548076923076923 0.21047008547008547 0.25390625 0.2152777777777778 0.2551081730769231 0.22275641025641027 0.2569110576923077 0.22863247863247863 0.25931490384615385 0.2297008547008547 0.27734375 0.21634615384615385 0.2809495192307692 0.20886752136752137 0.2776442307692308 0.19925213675213677 0.27493990384615385 0.19658119658119658
1 0.22806490384615385 0.2232905982905983 0.22776442307692307 0.2377136752136752 0.23016826923076922 0.23985042735042736 0.2527043269230769 0.234508547008547 0.25631009615384615 0.23076923076923078 0.25390625 0.2168803418803419 0.25180288461538464 0.21474358974358973 0.23137019230769232 0.22008547008547008
1 0.19951923076923078 0.22542735042735043 0.19891826923076922 0.2377136752136752 0.20252403846153846 0.2403846153846154 0.2244591346153846 0.23985042735042736 0.22806490384615385 0.2377136752136752 0.22716346153846154 0.2232905982905983 0.22385817307692307 0.21901709401709402 0.20342548076923078 0.21955128205128205 0.2013221153846154 0.2206196581196581
1 0.16796875 0.26282051282051283 0.16766826923076922 0.2724358974358974 0.16947115384615385 0.2761752136752137 0.17487980769230768 0.2799145299145299 0.17728365384615385 0.2783119658119658 0.18900240384615385 0.2548076923076923 0.19020432692307693 0.2483974358974359 0.1896033653846154 0.24091880341880342 0.18599759615384615 0.23664529914529914 0.1817908653846154 0.23664529914529914 0.1778846153846154 0.2419871794871795 0.17638221153846154 0.24732905982905984
1 0.14603365384615385 0.32211538461538464 0.14543269230769232 0.33066239316239315 0.14693509615384615 0.33386752136752135 0.15174278846153846 0.3295940170940171 0.15384615384615385 0.3317307692307692 0.15775240384615385 0.3301282051282051 0.16766826923076922 0.30395299145299143 0.16646634615384615 0.2932692307692308 0.16135817307692307 0.28952991452991456 0.1580528846153846 0.2916666666666667 0.1541466346153846 0.29914529914529914
1 0.13942307692307693 0.35523504273504275 0.13942307692307693 0.36485042735042733 0.14453125 0.36324786324786323 0.14723557692307693 0.36698717948717946 0.14903846153846154 0.3659188034188034 0.15084134615384615 0.36324786324786323 0.15564903846153846 0.34134615384615385 0.15504807692307693 0.3327991452991453 0.14963942307692307 0.3311965811965812 0.14573317307692307 0.33386752136752135
1 0.12980769230769232 0.40064102564102566 0.13010817307692307 0.4075854700854701 0.13431490384615385 0.40544871794871795 0.14032451923076922 0.41025641025641024 0.14092548076923078 0.4091880341880342 0.14753605769230768 0.3803418803418803 0.1484375 0.3717948717948718 0.14753605769230768 0.36485042735042733 0.14302884615384615 0.36698717948717946 0.14032451923076922 0.36324786324786323 0.13701923076923078 0.36752136752136755
1 0.12560096153846154 0.4412393162393162 0.12530048076923078 0.453525641025641 0.12620192307692307 0.4561965811965812 0.13401442307692307 0.45566239316239315 0.13641826923076922 0.45245726495726496 0.13942307692307693 0.41185897435897434 0.13731971153846154 0.4075854700854701 0.13010817307692307 0.405982905982906 0.12890625 0.4081196581196581
1 0.12560096153846154 0.4583333333333333 0.12469951923076923 0.468482905982906 0.12830528846153846 0.5016025641025641 0.1328125 0.5058760683760684 0.13701923076923078 0.5058760683760684 0.13972355769230768 0.5021367521367521 0.140625 0.49732905982905984 0.13671875 0.4599358974358974 0.13401442307692307 0.45726495726495725
1 0.14453125 0.5053418803418803 0.14483173076923078 0.5154914529914529 0.1463341346153846 0.5208333333333334 0.14813701923076922 0.5224358974358975 0.17247596153846154 0.5170940170940171 0.17578125 0.5154914529914529 0.1778846153846154 0.5117521367521367 0.17608173076923078 0.49946581196581197 0.17247596153846154 0.4946581196581197 0.14723557692307693 0.5
1 0.17698317307692307 0.49038461538461536 0.1778846153846154 0.5042735042735043 0.17878605769230768 0.5080128205128205 0.18058894230769232 0.5090811965811965 0.19651442307692307 0.5016025641025641 0.20703125 0.4946581196581197 0.20823317307692307 0.49198717948717946 0.20673076923076922 0.4797008547008547 0.2052283653846154 0.47435897435897434 0.20342548076923078 0.47275641025641024 0.1817908653846154 0.4829059829059829 0.17818509615384615 0.4861111111111111
1 0.20763221153846154 0.47489316239316237 0.20853365384615385 0.49038461538461536 0.20973557692307693 0.49252136752136755 0.21364182692307693 0.4930555555555556 0.23677884615384615 0.4775641025641026 0.2364783653846154 0.46153846153846156 0.234375 0.45726495726495725 0.23076923076923078 0.4583333333333333 0.21003605769230768 0.46955128205128205
1 0.23737980769230768 0.4561965811965812 0.23737980769230768 0.4700854700854701 0.23858173076923078 0.4754273504273504 0.24068509615384615 0.4775641025641026 0.2644230769230769 0.4668803418803419 0.2683293269230769 0.46100427350427353 0.265625 0.4465811965811966 0.2629206730769231 0.4439102564102564 0.2542067307692308 0.44871794871794873 0.24098557692307693 0.45245726495726496
1 0.26802884615384615 0.44017094017094016 0.26712740384615385 0.4428418803418803 0.2683293269230769 0.45405982905982906 0.26953125 0.4594017094017094 0.27163461538461536 0.4620726495726496 0.29507211538461536 0.453525641025641 0.2980769230769231 0.44925213675213677 0.2977764423076923 0.4375 0.29356971153846156 0.4321581196581197 0.2731370192307692 0.4358974358974359
1 0.3167067307692308 0.43162393162393164 0.3167067307692308 0.43856837606837606 0.3194110576923077 0.4439102564102564 0.34134615384615385 0.44871794871794873 0.3434495192307692 0.44604700854700857 0.3440504807692308 0.4321581196581197 0.34164663461538464 0.43002136752136755 0.32091346153846156 0.42414529914529914 0.3176081730769231 0.42788461538461536
1 0.34435096153846156 0.43856837606837606 0.3440504807692308 0.44604700854700857 0.3473557692307692 0.45032051282051283 0.3680889423076923 0.4567307692307692 0.3707932692307692 0.4561965811965812 0.3719951923076923 0.453525641025641 0.37259615384615385 0.4407051282051282 0.3707932692307692 0.43803418803418803 0.3485576923076923 0.4305555555555556 0.34555288461538464 0.4321581196581197
1 0.3737980769230769 0.44551282051282054 0.37349759615384615 0.453525641025641 0.37650240384615385 0.4577991452991453 0.39783653846153844 0.46314102564102566 0.40054086538461536 0.46100427350427353 0.40174278846153844 0.45726495726495725 0.4020432692307692 0.44551282051282054 0.40084134615384615 0.4439102564102564 0.37650240384615385 0.43803418803418803
1 0.4332932692307692 0.4561965811965812 0.43209134615384615 0.46314102564102566 0.4338942307692308 0.46474358974358976 0.44350961538461536 0.4642094017094017 0.4600360576923077 0.4674145299145299 0.4621394230769231 0.46314102564102566 0.46274038461538464 0.4513888888888889 0.46033653846153844 0.44764957264957267 0.44981971153846156 0.4513888888888889 0.4387019230769231 0.45085470085470086
1 0.46274038461538464 0.45245726495726496 0.46334134615384615 0.4668803418803419 0.4723557692307692 0.46047008547008544 0.48768028846153844 0.45726495726495725 0.4885817307692308 0.44604700854700857 0.4834735576923077 0.4444444444444444 0.4660456730769231 0.4481837606837607 0.4636418269230769 0.44925213675213677
1 0.4894831730769231 0.44604700854700857 0.4891826923076923 0.45405982905982906 0.4909855769230769 0.4583333333333333 0.5162259615384616 0.44925213675213677 0.5147235576923077 0.43963675213675213 0.5132211538461539 0.43696581196581197 0.5051081730769231 0.43856837606837606
1 0.5144230769230769 0.4358974358974359 0.5150240384615384 0.44925213675213677 0.5189302884615384 0.45032051282051283 0.5375600961538461 0.43322649572649574 0.5387620192307693 0.4284188034188034 0.5363581730769231 0.4230769230769231 0.5321514423076923 0.42094017094017094 0.5174278846153846 0.43162393162393164
1 0.4609375 0.1778846153846154 0.4597355769230769 0.1858974358974359 0.46153846153846156 0.18963675213675213 0.4738581730769231 0.2045940170940171 0.47716346153846156 0.20726495726495728 0.47896634615384615 0.20566239316239315 0.48197115384615385 0.19604700854700854 0.48046875 0.18856837606837606 0.46724759615384615 0.172008547008547 0.46243990384615385 0.17414529914529914
1 0.47986778846153844 0.202991452991453 0.47986778846153844 0.20993589743589744 0.4840745192307692 0.2168803418803419 0.49789663461538464 0.23076923076923078 0.5027043269230769 0.22008547008547008 0.5018028846153846 0.2152777777777778 0.49819711538461536 0.2094017094017094 0.484375 0.19604700854700854
1 0.4996995192307692 0.2297008547008547 0.5006009615384616 0.234508547008547 0.5120192307692307 0.25213675213675213 0.515625 0.2564102564102564 0.5189302884615384 0.25587606837606836 0.5207331730769231 0.24091880341880342 0.5096153846153846 0.22275641025641027 0.5036057692307693 0.22008547008547008
1 0.5210336538461539 0.24465811965811965 0.5192307692307693 0.25106837606837606 0.5198317307692307 0.25854700854700857 0.5363581730769231 0.2767094017094017 0.5411658653846154 0.27510683760683763 0.5423677884615384 0.265491452991453 0.5414663461538461 0.25854700854700857 0.5270432692307693 0.24412393162393162 0.5222355769230769 0.24252136752136752
1 0.5549879807692307 0.25747863247863245 0.5546875 0.265491452991453 0.5570913461538461 0.2692307692307692 0.5612980769230769 0.2692307692307692 0.5739182692307693 0.26175213675213677 0.5778245192307693 0.25747863247863245 0.5790264423076923 0.2553418803418803 0.578125 0.24412393162393162 0.5769230769230769 0.24252136752136752 0.5688100961538461 0.24412393162393162 0.5576923076923077 0.2516025641025641
1 0.5823317307692307 0.2377136752136752 0.5790264423076923 0.24091880341880342 0.5799278846153846 0.25267094017094016 0.5814302884615384 0.2553418803418803 0.5955528846153846 0.24786324786324787 0.5988581730769231 0.24412393162393162 0.6012620192307693 0.2377136752136752 0.6009615384615384 0.23076923076923078 0.5997596153846154 0.22702991452991453 0.5982572115384616 0.22702991452991453
1 0.6018629807692307 0.22435897435897437 0.6009615384615384 0.22756410256410256 0.6018629807692307 0.2377136752136752 0.6057692307692307 0.23931623931623933 0.6192908653846154 0.23397435897435898 0.6225961538461539 0.2297008547008547 0.6234975961538461 0.22382478632478633 0.62109375 0.21634615384615385 0.6162860576923077 0.2152777777777778 0.6045673076923077 0.22115384615384615
4 0.20282451923076922 0.16880341880341881 0.203125 0.17841880341880342 0.20612980769230768 0.18269230769230768 0.2286658653846154 0.17841880341880342 0.22986778846153846 0.1752136752136752 0.22896634615384615 0.16132478632478633 0.22536057692307693 0.15865384615384615 0.20582932692307693 0.16292735042735043
4 0.23106971153846154 0.16132478632478633 0.23076923076923078 0.1752136752136752 0.23407451923076922 0.17841880341880342 0.25390625 0.1752136752136752 0.25721153846153844 0.17147435897435898 0.25570913461538464 0.15918803418803418 0.25240384615384615 0.15491452991452992 0.234375 0.1581196581196581
4 0.26021634615384615 0.1597222222222222 0.26021634615384615 0.172008547008547 0.26352163461538464 0.17414529914529914 0.28275240384615385 0.17254273504273504 0.28575721153846156 0.16506410256410256 0.28455528846153844 0.15705128205128205 0.28125 0.15384615384615385 0.2647235576923077 0.15491452991452992 0.2620192307692308 0.15598290598290598
4 0.30018028846153844 0.1543803418803419 0.3004807692307692 0.16452991452991453 0.30228365384615385 0.16880341880341881 0.30408653846153844 0.16933760683760685 0.32421875 0.15758547008547008 0.32602163461538464 0.15384615384615385 0.3212139423076923 0.14102564102564102 0.3176081730769231 0.140491452991453 0.30318509615384615 0.14903846153846154
4 0.3272235576923077 0.13675213675213677 0.3272235576923077 0.14797008547008547 0.328125 0.1517094017094017 0.3308293269230769 0.15491452991452992 0.35216346153846156 0.14743589743589744 0.3512620192307692 0.1330128205128205 0.3488581730769231 0.12980769230769232
4 0.35306490384615385 0.13087606837606838 0.3527644230769231 0.1420940170940171 0.3542668269230769 0.14797008547008547 0.3740985576923077 0.14743589743589744 0.37710336538461536 0.14369658119658119 0.37680288461538464 0.12980769230769232 0.3746995192307692 0.12767094017094016 0.3551682692307692 0.1282051282051282
4 0.3792067307692308 0.1330128205128205 0.3792067307692308 0.14423076923076922 0.38131009615384615 0.14743589743589744 0.4014423076923077 0.14903846153846154 0.4035456730769231 0.1469017094017094 0.40294471153846156 0.1330128205128205 0.4011418269230769 0.12980769230769232 0.3831129807692308 0.12713675213675213
4 0.4053485576923077 0.13354700854700854 0.4050480769230769 0.14102564102564102 0.40625 0.14636752136752137 0.42518028846153844 0.15598290598290598 0.42758413461538464 0.15384615384615385 0.4287860576923077 0.140491452991453 0.4269831730769231 0.13675213675213677 0.41165865384615385 0.1282051282051282 0.40775240384615385 0.1282051282051282
4 0.4287860576923077 0.1469017094017094 0.42788461538461536 0.1543803418803419 0.4308894230769231 0.15865384615384615 0.4456129807692308 0.16773504273504272 0.4495192307692308 0.16773504273504272 0.45162259615384615 0.1623931623931624 0.4522235576923077 0.1543803418803419 0.4495192307692308 0.1485042735042735 0.43299278846153844 0.13995726495726496 0.4305889423076923 0.140491452991453
4 0.4699519230769231 0.16826923076923078 0.4696514423076923 0.172008547008547 0.4729567307692308 0.1778846153846154 0.4879807692307692 0.18002136752136752 0.49068509615384615 0.18215811965811965 0.49368990384615385 0.18002136752136752 0.4948918269230769 0.172008547008547 0.49429086538461536 0.16452991452991453 0.49008413461538464 0.1607905982905983 0.4735576923076923 0.1597222222222222 0.47115384615384615 0.16185897435897437
4 0.49939903846153844 0.172008547008547 0.4990985576923077 0.17895299145299146 0.5006009615384616 0.18215811965811965 0.5189302884615384 0.18803418803418803 0.5213341346153846 0.1858974358974359 0.5237379807692307 0.172008547008547 0.5207331730769231 0.16826923076923078 0.5069110576923077 0.1639957264957265 0.5015024038461539 0.1639957264957265
4 0.5219350961538461 0.18162393162393162 0.5213341346153846 0.1891025641025641 0.5222355769230769 0.19017094017094016 0.5396634615384616 0.1955128205128205 0.5447716346153846 0.19497863247863248 0.5465745192307693 0.18215811965811965 0.5438701923076923 0.17841880341880342 0.5303485576923077 0.17414529914529914 0.5255408653846154 0.17467948717948717
4 0.5462740384615384 0.18803418803418803 0.5459735576923077 0.19604700854700854 0.5637019230769231 0.20192307692307693 0.5676081730769231 0.20192307692307693 0.5691105769230769 0.1997863247863248 0.5697115384615384 0.18536324786324787 0.5679086538461539 0.18376068376068377 0.5498798076923077 0.18002136752136752 0.5474759615384616 0.18162393162393162
4 0.5700120192307693 0.18803418803418803 0.5697115384615384 0.1997863247863248 0.5712139423076923 0.20192307692307693 0.5868389423076923 0.2077991452991453 0.5922475961538461 0.2077991452991453 0.5931490384615384 0.20619658119658119 0.5943509615384616 0.19658119658119658 0.5931490384615384 0.19177350427350429 0.5745192307692307 0.18376068376068377 0.5712139423076923 0.18482905982905984
4 0.5949519230769231 0.20192307692307693 0.5946514423076923 0.20673076923076922 0.5982572115384616 0.21047008547008547 0.6159855769230769 0.21367521367521367 0.6183894230769231 0.20993589743589744 0.6186899038461539 0.19818376068376067 0.6168870192307693 0.19444444444444445 0.5988581730769231 0.19230769230769232 0.5961538461538461 0.1955128205128205
4 0.63671875 0.2142094017094017 0.63671875 0.22008547008547008 0.6394230769230769 0.22435897435897437 0.6571514423076923 0.22916666666666666 0.6610576923076923 0.22702991452991453 0.6622596153846154 0.2168803418803419 0.6610576923076923 0.21314102564102563 0.6439302884615384 0.20405982905982906 0.6394230769230769 0.20726495726495728
4 0.6622596153846154 0.22382478632478633 0.6619591346153846 0.22756410256410256 0.6643629807692307 0.23183760683760685 0.6820913461538461 0.23664529914529914 0.6862980769230769 0.23344017094017094 0.6878004807692307 0.2206196581196581 0.6826923076923077 0.2168803418803419 0.6673677884615384 0.2142094017094017 0.6634615384615384 0.2168803418803419
4 0.7728365384615384 0.18108974358974358 0.7719350961538461 0.1858974358974359 0.7740384615384616 0.19123931623931623 0.7893629807692307 0.2045940170940171 0.7932692307692307 0.20566239316239315 0.7965745192307693 0.19658119658119658 0.7956730769230769 0.18856837606837606 0.7806490384615384 0.1752136752136752 0.7758413461538461 0.1752136752136752
4 0.7487980769230769 0.1639957264957265 0.7493990384615384 0.16987179487179488 0.7686298076923077 0.18482905982905984 0.7710336538461539 0.18215811965811965 0.7740384615384616 0.17254273504273504 0.7719350961538461 0.16452991452991453 0.7551081730769231 0.15331196581196582 0.7527043269230769 0.15544871794871795
4 0.7229567307692307 0.1607905982905983 0.72265625 0.16880341880341881 0.7238581730769231 0.1752136752136752 0.7274639423076923 0.17467948717948717 0.7403846153846154 0.1655982905982906 0.7427884615384616 0.16025641025641027 0.7427884615384616 0.15331196581196582 0.7421875 0.15064102564102563 0.7373798076923077 0.14797008547008547
4 0.7058293269230769 0.1858974358974359 0.7055288461538461 0.19337606837606838 0.7136418269230769 0.19284188034188035 0.7223557692307693 0.17841880341880342 0.7235576923076923 0.1752136752136752 0.7229567307692307 0.16826923076923078 0.7214543269230769 0.16666666666666666 0.7169471153846154 0.16826923076923078
4 0.6881009615384616 0.2548076923076923 0.6871995192307693 0.25854700854700857 0.6890024038461539 0.2686965811965812 0.6932091346153846 0.2670940170940171 0.7067307692307693 0.24786324786324787 0.70703125 0.2377136752136752 0.7037259615384616 0.234508547008547 0.6998197115384616 0.23664529914529914
4 0.62890625 0.3141025641025641 0.62890625 0.3215811965811966 0.6337139423076923 0.3247863247863248 0.6460336538461539 0.3071581196581197 0.6496394230769231 0.29967948717948717 0.6496394230769231 0.296474358974359 0.6475360576923077 0.2922008547008547 0.6439302884615384 0.2916666666666667 0.6364182692307693 0.3002136752136752
4 0.5582932692307693 0.41452991452991456 0.55859375 0.421474358974359 0.5618990384615384 0.4252136752136752 0.5805288461538461 0.4236111111111111 0.5835336538461539 0.42094017094017094 0.5859375 0.4107905982905983 0.5829326923076923 0.40544871794871795 0.5634014423076923 0.40705128205128205 0.5600961538461539 0.40865384615384615
4 0.5868389423076923 0.4150641025641026 0.5865384615384616 0.421474358974359 0.5880408653846154 0.42574786324786323 0.6042668269230769 0.4236111111111111 0.609375 0.42628205128205127 0.6126802884615384 0.4188034188034188 0.6117788461538461 0.4113247863247863 0.609375 0.4091880341880342 0.5958533653846154 0.4107905982905983
4 0.5366586538461539 0.47702991452991456 0.5366586538461539 0.4813034188034188 0.5393629807692307 0.484508547008547 0.5474759615384616 0.48183760683760685 0.5495793269230769 0.47702991452991456 0.5543870192307693 0.45245726495726496 0.5543870192307693 0.44604700854700857 0.5513822115384616 0.44177350427350426 0.5465745192307693 0.4407051282051282 0.5414663461538461 0.452991452991453
4 0.5327524038461539 0.5192307692307693 0.5327524038461539 0.5293803418803419 0.5366586538461539 0.531517094017094 0.5426682692307693 0.5277777777777778 0.5453725961538461 0.5085470085470085 0.5498798076923077 0.4909188034188034 0.5480769230769231 0.48664529914529914 0.5432692307692307 0.48344017094017094 0.5384615384615384 0.4877136752136752
4 0.6684921875000001 0.28058653846153847 0.6875862379807691 0.27444764957264955 0.6892112379807693 0.2679476495726496 0.6873831129807692 0.2574754273504274 0.6646328125000001 0.262892094017094 0.6644296875000001 0.2679476495726496 0.6670703125 0.2737254273504273
4 0.6508203124999999 0.2993648504273504 0.6674765625 0.2852809829059829 0.6678828125 0.279142094017094 0.6646328125000001 0.2690309829059829 0.6471640625 0.28383653846153845 0.6459453125000001 0.2870865384615385 0.6489921875 0.2939481837606837
4 0.6266481370192308 0.3838659188034188 0.6294918870192308 0.37772649572649575 0.6376168870192308 0.35533760683760685 0.6398512620192308 0.3520876068376068 0.6463515625 0.3542542735042735 0.6461484375000001 0.3585876068376068 0.6363981370192308 0.38639369658119654 0.6315231370192307 0.38314369658119657 0.6292887620192308 0.38711591880341883
4 0.6168978365384615 0.4192548076923077 0.6274606370192307 0.38928258547008543 0.6309137620192308 0.3835048076923077 0.6355856370192308 0.38567147435897436 0.6343668870192307 0.3946992521367521 0.6242106370192307 0.4271997863247863
0 0.2995793269230769 0.47275641025641024 0.30018028846153844 0.484508547008547 0.30408653846153844 0.4823717948717949 0.30709134615384615 0.4855769230769231 0.30859375 0.48344017094017094 0.3161057692307692 0.44871794871794873 0.3161057692307692 0.44551282051282054 0.31400240384615385 0.4407051282051282 0.30709134615384615 0.43963675213675213 0.30288461538461536 0.452991452991453
0 0.2890625 0.5154914529914529 0.28665865384615385 0.5261752136752137 0.29296875 0.5347222222222222 0.296875 0.532051282051282 0.2998798076923077 0.5251068376068376 0.3073918269230769 0.49786324786324787 0.30799278846153844 0.4861111111111111 0.30709134615384615 0.4823717948717949 0.30018028846153844 0.484508547008547 0.29837740384615385 0.48717948717948717
0 0.2620192307692308 0.5534188034188035 0.26231971153846156 0.5641025641025641 0.2692307692307692 0.5710470085470085 0.28966346153846156 0.5454059829059829 0.2917668269230769 0.5363247863247863 0.2893629807692308 0.530448717948718 0.2860576923076923 0.5272435897435898 0.2653245192307692 0.5464743589743589
0 0.21484375 0.5721153846153846 0.21213942307692307 0.5849358974358975 0.2127403846153846 0.5886752136752137 0.21574519230769232 0.5918803418803419 0.24128605769230768 0.5833333333333334 0.24489182692307693 0.5811965811965812 0.24699519230769232 0.5758547008547008 0.24579326923076922 0.5657051282051282 0.24459134615384615 0.561965811965812 0.24278846153846154 0.5608974358974359 0.2166466346153846 0.5694444444444444
0 0.19140625 0.6201923076923077 0.18870192307692307 0.6303418803418803 0.1935096153846154 0.6378205128205128 0.19951923076923078 0.6383547008547008 0.21454326923076922 0.6025641025641025 0.21514423076923078 0.5950854700854701 0.21424278846153846 0.5918803418803419 0.21033653846153846 0.5876068376068376 0.20612980769230768 0.5876068376068376
0 0.19891826923076922 0.6410256410256411 0.19891826923076922 0.6543803418803419 0.2049278846153846 0.657051282051282 0.22926682692307693 0.6501068376068376 0.23167067307692307 0.6458333333333334 0.23197115384615385 0.6335470085470085 0.23076923076923078 0.6298076923076923 0.22385817307692307 0.6287393162393162 0.2049278846153846 0.6335470085470085
0 0.23197115384615385 0.6314102564102564 0.23167067307692307 0.6474358974358975 0.23407451923076922 0.6501068376068376 0.2590144230769231 0.6506410256410257 0.26322115384615385 0.6495726495726496 0.26502403846153844 0.6463675213675214 0.26502403846153844 0.6335470085470085 0.2620192307692308 0.6287393162393162 0.2364783653846154 0.6282051282051282
0 0.27103365384615385 0.6404914529914529 0.27103365384615385 0.6469017094017094 0.2722355769230769 0.6485042735042735 0.29627403846153844 0.6575854700854701 0.30258413461538464 0.6538461538461539 0.30408653846153844 0.6474358974358975 0.30408653846153844 0.6394230769230769 0.30258413461538464 0.6367521367521367 0.27944711538461536 0.6292735042735043 0.2746394230769231 0.6303418803418803
0 0.31460336538461536 0.6372863247863247 0.31490384615384615 0.6474358974358975 0.31700721153846156 0.6506410256410257 0.3215144230769231 0.6517094017094017 0.3479567307692308 0.6298076923076923 0.34825721153846156 0.6266025641025641 0.3428485576923077 0.6148504273504274 0.33804086538461536 0.6148504273504274 0.3203125 0.6271367521367521 0.3167067307692308 0.6314102564102564
0 0.34705528846153844 0.6164529914529915 0.3467548076923077 0.6201923076923077 0.3485576923076923 0.6276709401709402 0.3524639423076923 0.6298076923076923 0.37650240384615385 0.6089743589743589 0.3762019230769231 0.5982905982905983 0.37319711538461536 0.592948717948718 0.36868990384615385 0.5950854700854701 0.3503605769230769 0.6095085470085471
0 0.37560096153846156 0.5913461538461539 0.375 0.5950854700854701 0.37680288461538464 0.5982905982905983 0.37740384615384615 0.6052350427350427 0.38040865384615385 0.6084401709401709 0.40234375 0.5924145299145299 0.4050480769230769 0.5849358974358975 0.4020432692307692 0.5737179487179487 0.39993990384615385 0.5721153846153846
0 0.5766225961538461 0.6207264957264957 0.5763221153846154 0.625 0.578125 0.6303418803418803 0.5838341346153846 0.6324786324786325 0.5868389423076923 0.6308760683760684 0.5958533653846154 0.6020299145299145 0.5973557692307693 0.5886752136752137 0.5916466346153846 0.5849358974358975
0 0.5910456730769231 0.5774572649572649 0.5916466346153846 0.5838675213675214 0.5988581730769231 0.5876068376068376 0.6096754807692307 0.563034188034188 0.6123798076923077 0.5502136752136753 0.6120793269230769 0.5470085470085471 0.6090745192307693 0.5427350427350427 0.6057692307692307 0.5438034188034188
0 0.6081730769230769 0.5112179487179487 0.6075721153846154 0.5224358974358975 0.6087740384615384 0.5245726495726496 0.6126802884615384 0.5272435897435898 0.6174879807692307 0.5245726495726496 0.6222956730769231 0.484508547008547 0.6216947115384616 0.48183760683760685 0.6192908653846154 0.4797008547008547 0.6126802884615384 0.48504273504273504
0 0.6126802884615384 0.45245726495726496 0.6117788461538461 0.4797008547008547 0.6126802884615384 0.4823717948717949 0.6195913461538461 0.48183760683760685 0.62109375 0.4780982905982906 0.6237980769230769 0.44497863247863245 0.6213942307692307 0.44017094017094016 0.6162860576923077 0.44017094017094016 0.6144831730769231 0.44337606837606836
0 0.5841346153846154 0.4321581196581197 0.5832331730769231 0.4391025641025641 0.5847355769230769 0.4423076923076923 0.6060697115384616 0.4423076923076923 0.6096754807692307 0.4391025641025641 0.6102764423076923 0.42735042735042733 0.609375 0.42467948717948717 0.6057692307692307 0.4236111111111111 0.5886418269230769 0.42467948717948717
0 0.5558894230769231 0.43643162393162394 0.5555889423076923 0.43963675213675213 0.5570913461538461 0.44337606837606836 0.5628004807692307 0.4412393162393162 0.5676081730769231 0.4465811965811966 0.5790264423076923 0.4439102564102564 0.5832331730769231 0.43963675213675213 0.5835336538461539 0.4252136752136752 0.5600961538461539 0.4230769230769231 0.5582932692307693 0.42467948717948717
0 0.6234975961538461 0.4497863247863248 0.6231971153846154 0.4561965811965812 0.6243990384615384 0.46100427350427353 0.6433293269230769 0.46794871794871795 0.6490384615384616 0.46634615384615385 0.6502403846153846 0.45245726495726496 0.6478365384615384 0.44871794871794873 0.6277043269230769 0.4428418803418803 0.625 0.4439102564102564
0 0.6517427884615384 0.4561965811965812 0.6514423076923077 0.4668803418803419 0.6574519230769231 0.4706196581196581 0.6751802884615384 0.47596153846153844 0.6784855769230769 0.4738247863247863 0.6796875 0.4668803418803419 0.6796875 0.4599358974358974 0.6766826923076923 0.45566239316239315 0.6577524038461539 0.44871794871794873 0.6541466346153846 0.45085470085470086
0 0.6956129807692307 0.4561965811965812 0.6956129807692307 0.46314102564102566 0.6980168269230769 0.4668803418803419 0.6995192307692307 0.468482905982906 0.703125 0.4674145299145299 0.7166466346153846 0.45566239316239315 0.7205528846153846 0.44871794871794873 0.7214543269230769 0.4428418803418803 0.7166466346153846 0.43536324786324787 0.7049278846153846 0.44497863247863245
0 0.7178485576923077 0.4321581196581197 0.7166466346153846 0.4358974358974359 0.7199519230769231 0.44177350427350426 0.7280649038461539 0.44337606837606836 0.7424879807692307 0.4358974358974359 0.7439903846153846 0.42735042735042733 0.7421875 0.422008547008547 0.7370793269230769 0.4198717948717949 0.7232572115384616 0.42628205128205127
0 0.7451923076923077 0.421474358974359 0.7451923076923077 0.4337606837606838 0.7481971153846154 0.43696581196581197 0.7689302884615384 0.4391025641025641 0.7737379807692307 0.4326923076923077 0.7734375 0.42414529914529914 0.7698317307692307 0.4204059829059829 0.7518028846153846 0.4172008547008547
0 0.7962740384615384 0.3215811965811966 0.7962740384615384 0.3301282051282051 0.8022836538461539 0.35363247863247865 0.8043870192307693 0.3563034188034188 0.8103966346153846 0.35683760683760685 0.8128004807692307 0.35149572649572647 0.8134014423076923 0.344017094017094 0.8070913461538461 0.3178418803418803 0.8034855769230769 0.31303418803418803
0 0.7896634615384616 0.2783119658119658 0.7863581730769231 0.2863247863247863 0.7893629807692307 0.3018162393162393 0.7941706730769231 0.3178418803418803 0.7962740384615384 0.3194444444444444 0.7995793269230769 0.31837606837606836 0.8022836538461539 0.3141025641025641 0.8028846153846154 0.3092948717948718 0.796875 0.2793803418803419 0.7935697115384616 0.27564102564102566
0 0.76171875 0.2863247863247863 0.7605168269230769 0.29273504273504275 0.7620192307692307 0.3018162393162393 0.7653245192307693 0.30074786324786323 0.7770432692307693 0.2857905982905983 0.7779447115384616 0.280982905982906 0.77734375 0.27510683760683763 0.7761418269230769 0.2724358974358974 0.7725360576923077 0.2708333333333333
0 0.7079326923076923 0.23397435897435898 0.7079326923076923 0.24893162393162394 0.7124399038461539 0.2670940170940171 0.7160456730769231 0.2708333333333333 0.7211538461538461 0.26816239316239315 0.7223557692307693 0.265491452991453 0.7220552884615384 0.25801282051282054 0.7160456730769231 0.23076923076923078 0.7118389423076923 0.2297008547008547
0 0.7142427884615384 0.27510683760683763 0.7142427884615384 0.2831196581196581 0.7217548076923077 0.30662393162393164 0.7238581730769231 0.30822649572649574 0.7310697115384616 0.3071581196581197 0.7325721153846154 0.30395299145299143 0.7331730769230769 0.296474358974359 0.7238581730769231 0.2719017094017094 0.7199519230769231 0.26816239316239315 0.7157451923076923 0.2708333333333333
0 0.7376802884615384 0.3108974358974359 0.7373798076923077 0.31677350427350426 0.7403846153846154 0.3231837606837607 0.7448918269230769 0.3231837606837607 0.7584134615384616 0.30982905982905984 0.7638221153846154 0.29914529914529914 0.7590144230769231 0.2932692307692308 0.7548076923076923 0.2948717948717949
0 0.7814513221153846 0.4331105769230769 0.7870093149038462 0.4400272435897436 0.8007190504807693 0.41367788461538463 0.8031274038461539 0.4034679487179487 0.7975694110576923 0.3991858974358974 0.7933082932692308 0.4064321581196581
0 0.8046096754807692 0.40247970085470086 0.8107232572115385 0.3853530982905983 0.8138728966346154 0.37283707264957267 0.8096117788461539 0.36888514957264956 0.8060916466346153 0.3738253205128205 0.8027569110576922 0.3777777777777778 0.7944200721153846 0.40116239316239316 0.7981253004807692 0.3981981837606838