4 0.18269230769230768 0.16826923076923078 0.18239182692307693 0.1794871794871795 0.18299278846153846 0.18215811965811965 0.1856971153846154 0.1842948717948718 0.2052283653846154 0.18002136752136752 0.20823317307692307 0.17841880341880342 0.2091346153846154 0.17574786324786323 0.20853365384615385 0.16452991452991453 0.20673076923076922 0.16025641025641027 0.1856971153846154 0.1639957264957265
4 0.20973557692307693 0.1607905982905983 0.20973557692307693 0.17147435897435898 0.21213942307692307 0.17841880341880342 0.23407451923076922 0.17574786324786323 0.23707932692307693 0.17147435897435898 0.23407451923076922 0.15651709401709402
4 0.2403846153846154 0.1581196581196581 0.23948317307692307 0.172008547008547 0.24098557692307693 0.17414529914529914 0.2626201923076923 0.17254273504273504 0.2668269230769231 0.16452991452991453 0.2647235576923077 0.15651709401709402 0.2626201923076923 0.15384615384615385 0.24699519230769232 0.1543803418803419
4 0.2815504807692308 0.1517094017094017 0.2809495192307692 0.16185897435897437 0.28185096153846156 0.1672008547008547 0.2839543269230769 0.16880341880341881 0.28695913461538464 0.16880341880341881 0.30318509615384615 0.1581196581196581 0.30618990384615385 0.1543803418803419 0.3043870192307692 0.14636752136752137 0.3004807692307692 0.13995726495726496
4 0.3082932692307692 0.1372863247863248 0.30799278846153844 0.1485042735042735 0.30919471153846156 0.15384615384615385 0.31069711538461536 0.15491452991452992 0.3284254807692308 0.14957264957264957 0.33263221153846156 0.14583333333333334 0.3311298076923077 0.1330128205128205 0.32872596153846156 0.12980769230769232 0.3115985576923077 0.13354700854700854
4 0.3329326923076923 0.13034188034188035 0.3329326923076923 0.14155982905982906 0.33443509615384615 0.14743589743589744 0.3557692307692308 0.14636752136752137 0.35787259615384615 0.14369658119658119 0.3566706730769231 0.13034188034188035 0.3542668269230769 0.12713675213675213 0.3401442307692308 0.12713675213675213
4 0.35997596153846156 0.12980769230769232 0.3596754807692308 0.140491452991453 0.3602764423076923 0.14369658119658119 0.36268028846153844 0.14636752136752137 0.38341346153846156 0.14743589743589744 0.38461538461538464 0.14423076923076922 0.3840144230769231 0.1330128205128205 0.38131009615384615 0.12873931623931623 0.3623798076923077 0.12606837606837606
4 0.3858173076923077 0.13087606837606838 0.38671875 0.14423076923076922 0.40414663461538464 0.15384615384615385 0.40805288461538464 0.15331196581196582 0.4098557692307692 0.14155982905982906 0.40835336538461536 0.13568376068376067 0.390625 0.12713675213675213
4 0.41015625 0.13995726495726496 0.4092548076923077 0.1543803418803419 0.4113581730769231 0.15705128205128205 0.4284855769230769 0.16613247863247863 0.4323918269230769 0.16506410256410256 0.43299278846153844 0.15331196581196582 0.4308894230769231 0.1469017094017094 0.41586538461538464 0.1388888888888889 0.4110576923076923 0.13782051282051283
4 0.4519230769230769 0.16292735042735043 0.45132211538461536 0.16826923076923078 0.4534254807692308 0.17254273504273504 0.45703125 0.1752136752136752 0.47325721153846156 0.1762820512820513 0.4753605769230769 0.172008547008547 0.47506009615384615 0.1607905982905983 0.47325721153846156 0.15758547008547008 0.45522836538461536 0.15705128205128205 0.453125 0.1581196581196581
4 0.4807692307692308 0.16452991452991453 0.4792668269230769 0.17147435897435898 0.4807692307692308 0.17735042735042736 0.4963942307692308 0.18162393162393162 0.5015024038461539 0.18055555555555555 0.5048076923076923 0.16826923076923078 0.5 0.16346153846153846 0.48497596153846156 0.1597222222222222 0.48257211538461536 0.1607905982905983
4 0.5042067307692307 0.1752136752136752 0.5033052884615384 0.18269230769230768 0.5045072115384616 0.1858974358974359 0.5219350961538461 0.19123931623931623 0.5264423076923077 0.18963675213675213 0.5270432692307693 0.1752136752136752 0.5249399038461539 0.1736111111111111 0.5075120192307693 0.16826923076923078
4 0.5270432692307693 0.18055555555555555 0.5267427884615384 0.18963675213675213 0.5285456730769231 0.19230769230769232 0.5444711538461539 0.19604700854700854 0.5480769230769231 0.19604700854700854 0.5498798076923077 0.19284188034188035 0.5501802884615384 0.18162393162393162 0.5477764423076923 0.17895299145299146 0.5291466346153846 0.1752136752136752
4 0.5504807692307693 0.18162393162393162 0.5501802884615384 0.19337606837606838 0.5513822115384616 0.19604700854700854 0.5697115384615384 0.2013888888888889 0.5727163461538461 0.19925213675213677 0.5733173076923077 0.18856837606837606 0.5712139423076923 0.18482905982905984 0.5576923076923077 0.17895299145299146 0.5528846153846154 0.17895299145299146
4 0.5754206730769231 0.19017094017094016 0.5751201923076923 0.1997863247863248 0.5772235576923077 0.202991452991453 0.5916466346153846 0.20619658119658119 0.5985576923076923 0.20512820512820512 0.5982572115384616 0.19284188034188035 0.5955528846153846 0.18696581196581197 0.5799278846153846 0.18482905982905984 0.5775240384615384 0.1858974358974359
4 0.6171875 0.202991452991453 0.6159855769230769 0.20726495726495728 0.6168870192307693 0.21367521367521367 0.6370192307692307 0.22115384615384615 0.6397235576923077 0.21848290598290598 0.6403245192307693 0.20619658119658119 0.6379206730769231 0.202991452991453 0.6231971153846154 0.19764957264957264 0.6195913461538461 0.19818376068376067
4 0.6412259615384616 0.2126068376068376 0.6403245192307693 0.22008547008547008 0.6448317307692307 0.22382478632478633 0.6619591346153846 0.22596153846153846 0.6652644230769231 0.21955128205128205 0.6649639423076923 0.20993589743589744 0.6625600961538461 0.20833333333333334 0.6469350961538461 0.20566239316239315 0.6424278846153846 0.20833333333333334
4 0.6953125 0.1581196581196581 0.6950120192307693 0.16132478632478633 0.6974158653846154 0.16773504273504272 0.7034254807692307 0.1655982905982906 0.71484375 0.1543803418803419 0.7154447115384616 0.14369658119658119 0.7133413461538461 0.14155982905982906 0.70703125 0.14316239316239315 0.6980168269230769 0.15117521367521367
4 0.7223557692307693 0.15384615384615385 0.7220552884615384 0.16132478632478633 0.7229567307692307 0.16292735042735043 0.7406850961538461 0.17574786324786323 0.7439903846153846 0.17147435897435898 0.74609375 0.16506410256410256 0.7442908653846154 0.15758547008547008 0.7289663461538461 0.1469017094017094 0.7247596153846154 0.14743589743589744
4 0.7442908653846154 0.1752136752136752 0.7436899038461539 0.17841880341880342 0.7466947115384616 0.18322649572649571 0.7620192307692307 0.19604700854700854 0.765625 0.19497863247863248 0.7680288461538461 0.1891025641025641 0.7668269230769231 0.1794871794871795 0.7515024038461539 0.1655982905982906 0.7475961538461539 0.16666666666666666
4 0.6664663461538461 0.24412393162393162 0.6676682692307693 0.25801282051282054 0.671875 0.2564102564102564 0.6805889423076923 0.24305555555555555 0.68359375 0.24091880341880342 0.6844951923076923 0.22702991452991453 0.6823918269230769 0.2232905982905983 0.6793870192307693 0.22382478632478633
4 0.6454326923076923 0.2553418803418803 0.64453125 0.26014957264957267 0.6487379807692307 0.266025641025641 0.6547475961538461 0.26655982905982906 0.6652644230769231 0.26282051282051283 0.6688701923076923 0.25427350427350426 0.6673677884615384 0.24786324786324787 0.6643629807692307 0.24732905982905984 0.6502403846153846 0.25106837606837606
4 0.6286057692307693 0.27350427350427353 0.6277043269230769 0.2793803418803419 0.6340144230769231 0.2847222222222222 0.6439302884615384 0.27564102564102566 0.6478365384615384 0.2686965811965812 0.6478365384615384 0.265491452991453 0.6439302884615384 0.25961538461538464 0.6364182692307693 0.2644230769230769
4 0.6111778846153846 0.30395299145299143 0.6108774038461539 0.3092948717948718 0.6129807692307693 0.3125 0.6168870192307693 0.31303418803418803 0.6195913461538461 0.3108974358974359 0.6222956730769231 0.3018162393162393 0.6304086538461539 0.2900641025641026 0.6319110576923077 0.2825854700854701 0.6259014423076923 0.2793803418803419 0.6126802884615384 0.2986111111111111
4 0.61328125 0.36485042735042733 0.6129807692307693 0.3696581196581197 0.6141826923076923 0.3701923076923077 0.6186899038461539 0.3701923076923077 0.6216947115384616 0.36698717948717946 0.6271033653846154 0.35202991452991456 0.6295072115384616 0.3418803418803419 0.6286057692307693 0.3386752136752137 0.6262019230769231 0.33653846153846156 0.6204927884615384 0.34134615384615385
4 0.6045673076923077 0.3974358974358974 0.6039663461538461 0.4043803418803419 0.60546875 0.4075854700854701 0.609375 0.4097222222222222 0.6123798076923077 0.40705128205128205 0.6147836538461539 0.39850427350427353 0.6177884615384616 0.39316239316239315 0.6201923076923077 0.3798076923076923 0.6204927884615384 0.3701923076923077 0.6162860576923077 0.3701923076923077 0.6126802884615384 0.37393162393162394
4 0.5736177884615384 0.40064102564102566 0.5733173076923077 0.4075854700854701 0.5772235576923077 0.41025641025641024 0.5835336538461539 0.4081196581196581 0.5952524038461539 0.40865384615384615 0.5985576923076923 0.4043803418803419 0.5985576923076923 0.3974358974358974 0.5961538461538461 0.39476495726495725 0.5805288461538461 0.3969017094017094
4 0.5456730769230769 0.40064102564102566 0.5453725961538461 0.4081196581196581 0.5465745192307693 0.4129273504273504 0.55078125 0.41452991452991456 0.5706129807692307 0.40865384615384615 0.5730168269230769 0.4033119658119658 0.5730168269230769 0.3974358974358974 0.5709134615384616 0.3920940170940171 0.5673076923076923 0.391025641025641 0.5504807692307693 0.3942307692307692
4 0.5279447115384616 0.4594017094017094 0.5276442307692307 0.4668803418803419 0.5294471153846154 0.469017094017094 0.5363581730769231 0.468482905982906 0.5378605769230769 0.46634615384615385 0.5402644230769231 0.4465811965811966 0.54296875 0.4358974358974359 0.5411658653846154 0.4284188034188034 0.5363581730769231 0.4268162393162393 0.5345552884615384 0.42895299145299143 0.5315504807692307 0.43856837606837606
4 0.5255408653846154 0.49252136752136755 0.5243389423076923 0.5128205128205128 0.5288461538461539 0.5154914529914529 0.5342548076923077 0.5133547008547008 0.5375600961538461 0.49038461538461536 0.5381610576923077 0.4732905982905983 0.5369591346153846 0.4700854700854701 0.5321514423076923 0.469017094017094 0.5291466346153846 0.4716880341880342
4 0.6762623197115385 0.21752297008547009 0.6708470552884616 0.2142136752136752 0.6723701923076923 0.20548878205128207 0.6745700120192308 0.19676388888888888 0.6782932692307693 0.1892419871794872 0.6810009014423077 0.1838263888888889 0.6832010216346155 0.18322489316239318 0.6850628004807693 0.1829241452991453 0.6864164663461538 0.18442841880341881 0.6872626201923077 0.1883397435897436 0.6869242788461538 0.19225053418803417 0.6784624399038461 0.2172222222222222
4 0.6891243990384616 0.18773771367521366 0.6970784254807693 0.17028792735042736 0.6984320913461539 0.16427083333333334 0.6947091346153846 0.1591559829059829 0.6926781850961539 0.1597574786324786 0.684893329326923 0.1711907051282051 0.6815087139423077 0.17931356837606838 0.6789702524038461 0.18412767094017093 0.6832010216346155 0.1823221153846154 0.686078125 0.1823221153846154 0.6876012620192308 0.18653418803418803
1 0.25841346153846156 0.19177350427350429 0.2581129807692308 0.1955128205128205 0.26231971153846156 0.20673076923076922 0.2653245192307692 0.2077991452991453 0.26712740384615385 0.20619658119658119 0.27524038461538464 0.18536324786324787 0.27584134615384615 0.1778846153846154 0.2734375 0.16826923076923078 0.27193509615384615 0.16666666666666666 0.26742788461538464 0.16773504273504272 0.2644230769230769 0.17307692307692307
1 0.23587740384615385 0.21153846153846154 0.23527644230769232 0.2168803418803419 0.23737980769230768 0.22756410256410256 0.24128605769230768 0.22916666666666666 0.2587139423076923 0.2168803418803419 0.2614182692307692 0.21314102564102563 0.26231971153846156 0.2077991452991453 0.25841346153846156 0.19658119658119658 0.2548076923076923 0.19604700854700854 0.2400841346153846 0.20619658119658119
1 0.2091346153846154 0.2248931623931624 0.20733173076923078 0.2377136752136752 0.21213942307692307 0.2403846153846154 0.23407451923076922 0.23504273504273504 0.23707932692307693 0.23076923076923078 0.23557692307692307 0.21634615384615385 0.23197115384615385 0.21367521367521367 0.2130408653846154 0.22008547008547008
1 0.1796875 0.22756410256410256 0.17908653846153846 0.2377136752136752 0.18118990384615385 0.2403846153846154 0.19381009615384615 0.24145299145299146 0.2088341346153846 0.2377136752136752 0.20853365384615385 0.22275641025641027 0.20432692307692307 0.21848290598290598 0.18419471153846154 0.22008547008547008 0.18209134615384615 0.22168803418803418
1 0.14982121394230768 0.26963675213675214 0.15019110576923078 0.2748979700854701 0.15093088942307692 0.27884401709401707 0.15324519230769232 0.28044871794871795 0.15925480769230768 0.281517094017094 0.16947115384615385 0.25801282051282054 0.17067307692307693 0.25267094017094016 0.17067307692307693 0.24091880341880342 0.16526442307692307 0.2361111111111111 0.16135817307692307 0.2377136752136752 0.15463010817307693 0.25516880341880344
1 0.11117788461538461 0.46047008547008544 0.11057692307692307 0.4668803418803419 0.11478365384615384 0.5048076923076923 0.11929086538461539 0.5074786324786325 0.1271033653846154 0.5048076923076923 0.12830528846153846 0.5010683760683761 0.12800480769230768 0.49572649572649574 0.12079326923076923 0.46047008547008544 0.11868990384615384 0.4583333333333333 0.11298076923076923 0.4583333333333333
1 0.13221153846153846 0.5032051282051282 0.13251201923076922 0.5192307692307693 0.13671875 0.5229700854700855 0.16135817307692307 0.5165598290598291 0.16556490384615385 0.5117521367521367 0.16466346153846154 0.5010683760683761 0.16135817307692307 0.4951923076923077 0.13611778846153846 0.5
1 0.16496394230769232 0.49038461538461536 0.16556490384615385 0.5032051282051282 0.16826923076923078 0.5090811965811965 0.1775841346153846 0.5053418803418803 0.19651442307692307 0.4909188034188034 0.19501201923076922 0.4754273504273504 0.19290865384615385 0.47275641025641024 0.16766826923076922 0.4855769230769231
1 0.19621394230769232 0.4738247863247863 0.19681490384615385 0.48824786324786323 0.19951923076923078 0.49198717948717946 0.21394230769230768 0.484508547008547 0.22716346153846154 0.4732905982905983 0.2244591346153846 0.4577991452991453 0.21905048076923078 0.45726495726495725 0.19801682692307693 0.4700854700854701
1 0.22686298076923078 0.4545940170940171 0.22566105769230768 0.4567307692307692 0.22716346153846154 0.4738247863247863 0.22956730769230768 0.47489316239316237 0.234375 0.47435897435897434 0.25450721153846156 0.46260683760683763 0.25721153846153844 0.45726495726495725 0.2551081730769231 0.4423076923076923 0.25150240384615385 0.4423076923076923
1 0.2569110576923077 0.4407051282051282 0.2569110576923077 0.44711538461538464 0.2590144230769231 0.4567307692307692 0.2620192307692308 0.4583333333333333 0.2842548076923077 0.44925213675213677 0.28756009615384615 0.4444444444444444 0.28695913461538464 0.43162393162393164 0.28305288461538464 0.42735042735042733 0.25991586538461536 0.43643162393162394
1 0.30649038461538464 0.42628205128205127 0.30618990384615385 0.43536324786324787 0.3097956730769231 0.4391025641025641 0.33052884615384615 0.4428418803418803 0.33263221153846156 0.4423076923076923 0.33353365384615385 0.4391025641025641 0.33413461538461536 0.4252136752136752 0.33203125 0.4230769230769231 0.3097956730769231 0.41773504273504275 0.30709134615384615 0.42094017094017094
1 0.33353365384615385 0.43162393162393164 0.3332331730769231 0.43963675213675213 0.3347355769230769 0.4428418803418803 0.35757211538461536 0.44925213675213677 0.36117788461538464 0.4481837606837607 0.3620793269230769 0.44497863247863245 0.36268028846153844 0.4321581196581197 0.36087740384615385 0.42948717948717946 0.3368389423076923 0.4236111111111111 0.33443509615384615 0.4252136752136752
1 0.36388221153846156 0.4358974358974359 0.36388221153846156 0.44764957264957267 0.36538461538461536 0.45032051282051283 0.38671875 0.4545940170940171 0.3903245192307692 0.45405982905982906 0.3918269230769231 0.45032051282051283 0.3918269230769231 0.4391025641025641 0.3897235576923077 0.43482905982905984 0.3659855769230769 0.4305555555555556
1 0.4245793269230769 0.44551282051282054 0.42427884615384615 0.452991452991453 0.42518028846153844 0.4551282051282051 0.44981971153846156 0.45566239316239315 0.4528245192307692 0.4497863247863248 0.4522235576923077 0.43856837606837606 0.44981971153846156 0.43696581196581197 0.42818509615384615 0.4412393162393162
1 0.4534254807692308 0.4391025641025641 0.453125 0.4497863247863248 0.4558293269230769 0.452991452991453 0.46033653846153844 0.44925213675213677 0.47866586538461536 0.44497863247863245 0.47866586538461536 0.4358974358974359 0.4768629807692308 0.43322649572649574 0.4618389423076923 0.43536324786324787
1 0.47986778846153844 0.4337606837606838 0.47896634615384615 0.43696581196581197 0.4807692307692308 0.44497863247863245 0.5084134615384616 0.43536324786324787 0.5048076923076923 0.43162393162393164 0.5015024038461539 0.42467948717948717
1 0.5042067307692307 0.421474358974359 0.5033052884615384 0.42574786324786323 0.5051081730769231 0.43536324786324787 0.5096153846153846 0.43696581196581197 0.5279447115384616 0.4182692307692308 0.5285456730769231 0.41399572649572647 0.5267427884615384 0.41025641025641024 0.5216346153846154 0.40865384615384615
1 0.12205588942307692 0.4499017094017094 0.12384735576923077 0.4172542735042735 0.12183173076923078 0.4073002136752137 0.11488912259615384 0.408096688034188 0.11287349759615384 0.41207799145299145 0.11197776442307691 0.42282799145299144 0.10973828125 0.4606517094017094 0.11466526442307692 0.45905929487179487 0.11981610576923077 0.45985523504273507
1 0.12720673076923078 0.4104855769230769 0.1332536057692308 0.37385630341880344 0.12989423076923076 0.36788408119658117 0.12295162259615385 0.3662916666666667 0.11847235576923078 0.37027297008547005 0.11264963942307693 0.4100876068376068 0.11780048076923078 0.4084946581196581 0.12451923076923076 0.4104855769230769 0.1254149639423077 0.4136709401709402
1 0.13370132211538463 0.37027297008547005 0.1404200721153846 0.3368290598290598 0.13840444711538463 0.3292644230769231 0.1330294471153846 0.328866452991453 0.12832662259615385 0.3292644230769231 0.12407151442307693 0.3443936965811966 0.11824849759615384 0.36987499999999995 0.12317548076923077 0.3658936965811966 0.12855048076923076 0.3658936965811966 0.1332536057692308 0.3690785256410256
1 0.1410919471153846 0.3332457264957265 0.15139393028846154 0.3049775641025641 0.14803455528846154 0.2926351495726496 0.13907632211538462 0.2894503205128205 0.13594110576923077 0.2994038461538462 0.1301180889423077 0.31333867521367526 0.12787860576923077 0.3220977564102564 0.12787860576923077 0.32687553418803417 0.13280558894230768 0.32727350427350427 0.13907632211538462 0.32727350427350427
2 0.11899038461538461 0.30982905982905984 0.11508413461538461 0.32585470085470086 0.1162860576923077 0.327991452991453 0.11868990384615384 0.32745726495726496 0.12319711538461539 0.33066239316239315 0.1268028846153846 0.32585470085470086 0.13431490384615385 0.30074786324786323 0.13401442307692307 0.2954059829059829 0.1307091346153846 0.29113247863247865 0.12590144230769232 0.2922008547008547
2 0.09915865384615384 0.4113247863247863 0.09435096153846154 0.4497863247863248 0.09525240384615384 0.45566239316239315 0.0985576923076923 0.45886752136752135 0.10697115384615384 0.4567307692307692 0.10907451923076923 0.4513888888888889 0.11087740384615384 0.4097222222222222 0.109375 0.40384615384615385 0.1063701923076923 0.406517094017094 0.10216346153846154 0.4043803418803419
2 0.09885817307692307 0.4599358974358974 0.09975961538461539 0.5053418803418803 0.10216346153846154 0.5085470085470085 0.11147836538461539 0.5064102564102564 0.11328125 0.5016025641025641 0.10907451923076923 0.4594017094017094 0.10216346153846154 0.4577991452991453
2 0.1084735576923077 0.5331196581196581 0.10787259615384616 0.5432692307692307 0.10877403846153846 0.5502136752136753 0.11508413461538461 0.5790598290598291 0.11959134615384616 0.5838675213675214 0.1268028846153846 0.5795940170940171 0.12890625 0.5747863247863247 0.12860576923076922 0.5710470085470085 0.1201923076923077 0.5368589743589743 0.11298076923076923 0.530448717948718
2 0.12169471153846154 0.5860042735042735 0.12139423076923077 0.5988247863247863 0.13701923076923078 0.6282051282051282 0.13942307692307693 0.6191239316239316 0.14753605769230768 0.6164529914529915 0.14393028846153846 0.6063034188034188 0.1310096153846154 0.5844017094017094 0.12620192307692307 0.5822649572649573
2 0.14032451923076922 0.6276709401709402 0.14032451923076922 0.6335470085470085 0.14332932692307693 0.6399572649572649 0.15685096153846154 0.6623931623931624 0.16165865384615385 0.6650641025641025 0.16856971153846154 0.6575854700854701 0.1700721153846154 0.6474358974358975 0.15084134615384615 0.6201923076923077 0.14693509615384615 0.6180555555555556
2 0.19110576923076922 0.6645299145299145 0.19110576923076922 0.6752136752136753 0.19290865384615385 0.6784188034188035 0.2127403846153846 0.7003205128205128 0.2169471153846154 0.7013888888888888 0.22115384615384615 0.6939102564102564 0.22235576923076922 0.6848290598290598 0.2208533653846154 0.6800213675213675 0.2169471153846154 0.6746794871794872 0.19621394230769232 0.655982905982906 0.19411057692307693 0.657051282051282
2 0.22325721153846154 0.6997863247863247 0.22355769230769232 0.7061965811965812 0.22716346153846154 0.7088675213675214 0.2442908653846154 0.717948717948718 0.25240384615384615 0.7200854700854701 0.25600961538461536 0.7174145299145299 0.2590144230769231 0.6992521367521367 0.2575120192307692 0.6960470085470085 0.25180288461538464 0.6917735042735043 0.24459134615384615 0.6901709401709402 0.23888221153846154 0.6858974358974359 0.23046875 0.6858974358974359 0.22626201923076922 0.6891025641025641
2 0.2569110576923077 0.7099358974358975 0.2566105769230769 0.717948717948718 0.2590144230769231 0.7227564102564102 0.2803485576923077 0.7313034188034188 0.2881610576923077 0.7323717948717948 0.2899639423076923 0.7307692307692307 0.29086538461538464 0.7131410256410257 0.2881610576923077 0.7099358974358975 0.2659254807692308 0.6992521367521367 0.2590144230769231 0.7019230769230769
2 0.29086538461538464 0.7136752136752137 0.2899639423076923 0.7168803418803419 0.2902644230769231 0.7307692307692307 0.2920673076923077 0.7334401709401709 0.3152043269230769 0.7371794871794872 0.3206129807692308 0.7366452991452992 0.3233173076923077 0.7339743589743589 0.32211538461538464 0.7158119658119658 0.2971754807692308 0.7115384615384616
2 0.3239182692307692 0.7152777777777778 0.3239182692307692 0.7307692307692307 0.3245192307692308 0.7329059829059829 0.3272235576923077 0.7339743589743589 0.35216346153846156 0.7264957264957265 0.3557692307692308 0.7243589743589743 0.35757211538461536 0.7200854700854701 0.35606971153846156 0.7056623931623932 0.35336538461538464 0.7035256410256411 0.3311298076923077 0.7099358974358975
2 0.35727163461538464 0.6997863247863247 0.3566706730769231 0.7067307692307693 0.3581730769230769 0.7168803418803419 0.3629807692307692 0.718482905982906 0.3870192307692308 0.7077991452991453 0.38912259615384615 0.7003205128205128 0.38912259615384615 0.6917735042735043 0.3870192307692308 0.6858974358974359 0.3819110576923077 0.6853632478632479 0.3635817307692308 0.6933760683760684
2 0.41225961538461536 0.42895299145299143 0.4098557692307692 0.43536324786324787 0.4110576923076923 0.4423076923076923 0.41466346153846156 0.44604700854700857 0.41856971153846156 0.44497863247863245 0.43299278846153844 0.42948717948717946 0.43599759615384615 0.421474358974359 0.43569711538461536 0.4182692307692308 0.43209134615384615 0.4107905982905983 0.4287860576923077 0.4113247863247863 0.41466346153846156 0.42467948717948717
2 0.4332932692307692 0.4043803418803419 0.4332932692307692 0.4107905982905983 0.4365985576923077 0.4172008547008547 0.43930288461538464 0.41773504273504275 0.4495192307692308 0.41239316239316237 0.45522836538461536 0.4075854700854701 0.4582331730769231 0.4011752136752137 0.45703125 0.38995726495726496 0.4495192307692308 0.38995726495726496 0.43539663461538464 0.40010683760683763
2 0.45853365384615385 0.38461538461538464 0.45763221153846156 0.38675213675213677 0.45853365384615385 0.3995726495726496 0.46334134615384615 0.40064102564102566 0.48287259615384615 0.3872863247863248 0.4831730769230769 0.37446581196581197 0.4813701923076923 0.3712606837606838 0.4768629807692308 0.3712606837606838 0.46334134615384615 0.37927350427350426
2 0.48497596153846156 0.3696581196581197 0.4840745192307692 0.37393162393162394 0.4852764423076923 0.38354700854700857 0.4873798076923077 0.3856837606837607 0.49008413461538464 0.38514957264957267 0.5069110576923077 0.37606837606837606 0.5093149038461539 0.3717948717948718 0.5096153846153846 0.36217948717948717 0.5084134615384616 0.358974358974359 0.5027043269230769 0.3579059829059829 0.48768028846153844 0.3659188034188034
2 0.5249399038461539 0.3701923076923077 0.5249399038461539 0.3782051282051282 0.5342548076923077 0.40705128205128205 0.5360576923076923 0.4091880341880342 0.5426682692307693 0.4081196581196581 0.5438701923076923 0.4043803418803419 0.5435697115384616 0.3969017094017094 0.53515625 0.3696581196581197 0.5330528846153846 0.36752136752136755 0.5276442307692307 0.36752136752136755
2 0.5441706730769231 0.4391025641025641 0.5405649038461539 0.4561965811965812 0.54296875 0.469017094017094 0.5501802884615384 0.46634615384615385 0.5549879807692307 0.4321581196581197 0.5525841346153846 0.4284188034188034 0.5492788461538461 0.42788461538461536 0.5459735576923077 0.4321581196581197
2 0.5375600961538461 0.4983974358974359 0.5363581730769231 0.5085470085470085 0.5378605769230769 0.5117521367521367 0.5432692307692307 0.5149572649572649 0.5471754807692307 0.5128205128205128 0.5480769230769231 0.49946581196581197 0.5522836538461539 0.4738247863247863 0.5510817307692307 0.468482905982906 0.5465745192307693 0.468482905982906 0.5441706730769231 0.47115384615384615
2 0.5453725961538461 0.5293803418803419 0.5438701923076923 0.5357905982905983 0.5441706730769231 0.5432692307692307 0.5483774038461539 0.5683760683760684 0.5498798076923077 0.5726495726495726 0.5537860576923077 0.5753205128205128 0.5606971153846154 0.5673076923076923 0.5546875 0.5293803418803419 0.5504807692307693 0.5256410256410257 0.546875 0.5261752136752137
2 0.5531850961538461 0.5785256410256411 0.5525841346153846 0.5849358974358975 0.5594951923076923 0.6180555555555556 0.5615985576923077 0.6196581196581197 0.5691105769230769 0.6180555555555556 0.5703125 0.6159188034188035 0.5706129807692307 0.6089743589743589 0.5625 0.5710470085470085 0.5600961538461539 0.5678418803418803
2 0.5769230769230769 0.6340811965811965 0.5766225961538461 0.6378205128205128 0.5787259615384616 0.6436965811965812 0.5928485576923077 0.6645299145299145 0.5988581730769231 0.6672008547008547 0.6027644230769231 0.6613247863247863 0.6039663461538461 0.6506410256410257 0.5865384615384616 0.6260683760683761 0.5811298076923077 0.625
2 0.6156850961538461 0.6714743589743589 0.6147836538461539 0.6746794871794872 0.6156850961538461 0.6832264957264957 0.6165865384615384 0.6858974358974359 0.6198918269230769 0.6875 0.6439302884615384 0.6778846153846154 0.6457331730769231 0.6730769230769231 0.6457331730769231 0.6672008547008547 0.6439302884615384 0.6591880341880342 0.6388221153846154 0.6591880341880342 0.6231971153846154 0.6634615384615384
2 0.6457331730769231 0.657051282051282 0.6460336538461539 0.6704059829059829 0.6475360576923077 0.6736111111111112 0.6598557692307693 0.6682692307692307 0.6721754807692307 0.6586538461538461 0.6736778846153846 0.6538461538461539 0.6736778846153846 0.6436965811965812 0.6721754807692307 0.6410256410256411 0.6664663461538461 0.6431623931623932 0.6508413461538461 0.6506410256410257
2 0.6944110576923077 0.6533119658119658 0.6944110576923077 0.6586538461538461 0.69921875 0.6645299145299145 0.7064302884615384 0.6591880341880342 0.7193509615384616 0.6404914529914529 0.7208533653846154 0.6367521367521367 0.7208533653846154 0.6233974358974359 0.7157451923076923 0.625 0.7061298076923077 0.6330128205128205 0.6995192307692307 0.6420940170940171
2 0.7229567307692307 0.6196581196581197 0.7202524038461539 0.6233974358974359 0.7217548076923077 0.624465811965812 0.7229567307692307 0.6367521367521367 0.7244591346153846 0.6367521367521367 0.7310697115384616 0.6340811965811965 0.7457932692307693 0.6228632478632479 0.7469951923076923 0.6127136752136753 0.7445913461538461 0.6063034188034188 0.7310697115384616 0.6121794871794872
2 0.7463942307692307 0.6047008547008547 0.7457932692307693 0.6095085470085471 0.7478966346153846 0.6217948717948718 0.7725360576923077 0.6201923076923077 0.7755408653846154 0.6057692307692307 0.7728365384615384 0.6014957264957265 0.7635216346153846 0.6009615384615384 0.7512019230769231 0.6009615384615384
2 0.7755408653846154 0.6127136752136753 0.7752403846153846 0.6201923076923077 0.7977764423076923 0.6367521367521367 0.80078125 0.6372863247863247 0.8034855769230769 0.6351495726495726 0.80859375 0.6228632478632479 0.8043870192307693 0.6159188034188035 0.7827524038461539 0.6030982905982906 0.77734375 0.6052350427350427
2 0.8043870192307693 0.6335470085470085 0.8040865384615384 0.6399572649572649 0.8064903846153846 0.6436965811965812 0.8245192307692307 0.6602564102564102 0.8278245192307693 0.6623931623931624 0.8314302884615384 0.6618589743589743 0.8341346153846154 0.655448717948718 0.8344350961538461 0.6506410256410257 0.8314302884615384 0.6420940170940171 0.8221153846153846 0.6340811965811965 0.8143028846153846 0.6239316239316239 0.80859375 0.624465811965812
2 0.8305288461538461 0.6618589743589743 0.8314302884615384 0.6682692307692307 0.8521634615384616 0.6955128205128205 0.8557692307692307 0.6944444444444444 0.8605769230769231 0.6853632478632479 0.8608774038461539 0.6816239316239316 0.8587740384615384 0.6752136752136753 0.8455528846153846 0.6543803418803419 0.8362379807692307 0.6517094017094017 0.8329326923076923 0.6597222222222222
2 0.8428485576923077 0.6276709401709402 0.8440504807692307 0.6346153846153846 0.8482572115384616 0.6447649572649573 0.8614783653846154 0.6655982905982906 0.8662860576923077 0.6655982905982906 0.8704927884615384 0.657051282051282 0.8707932692307693 0.6506410256410257 0.8527644230769231 0.6201923076923077 0.8488581730769231 0.6201923076923077
2 0.8230168269230769 0.5924145299145299 0.8239182692307693 0.5988247863247863 0.8380408653846154 0.6276709401709402 0.8416466346153846 0.6303418803418803 0.8452524038461539 0.6292735042735043 0.8494591346153846 0.6196581196581197 0.8422475961538461 0.5998931623931624 0.8338341346153846 0.5838675213675214 0.8287259615384616 0.5833333333333334
2 0.8076923076923077 0.5443376068376068 0.8079927884615384 0.5502136752136753 0.8188100961538461 0.5822649572649573 0.8230168269230769 0.5844017094017094 0.8293269230769231 0.5795940170940171 0.8305288461538461 0.5742521367521367 0.8293269230769231 0.5673076923076923 0.8179086538461539 0.5363247863247863 0.8140024038461539 0.5363247863247863
2 0.7953725961538461 0.5016025641025641 0.7956730769230769 0.5085470085470085 0.8031850961538461 0.5384615384615384 0.8076923076923077 0.5427350427350427 0.8128004807692307 0.5373931623931624 0.8143028846153846 0.5336538461538461 0.8134014423076923 0.5245726495726496 0.8070913461538461 0.4967948717948718 0.8049879807692307 0.49412393162393164 0.8013822115384616 0.49412393162393164
2 0.7893629807692307 0.4652777777777778 0.7884615384615384 0.47435897435897434 0.7896634615384616 0.4807692307692308 0.7971754807692307 0.4829059829059829 0.8037860576923077 0.45405982905982906 0.8037860576923077 0.4412393162393162 0.8001802884615384 0.4375 0.7956730769230769 0.4412393162393162 0.7920673076923077 0.45032051282051283
2 0.7680288461538461 0.422008547008547 0.765625 0.42895299145299143 0.7686298076923077 0.4358974358974359 0.7893629807692307 0.4481837606837607 0.7923677884615384 0.4465811965811966 0.7935697115384616 0.44337606837606836 0.7944711538461539 0.4321581196581197 0.7905649038461539 0.42628205128205127 0.7734375 0.4172008547008547 0.7707331730769231 0.41773504273504275
2 0.11163131009615385 0.40721153846153846 0.11723227163461539 0.376653311965812 0.11645973557692307 0.3704732905982906 0.1079618389423077 0.36806997863247864 0.1052578125 0.37459348290598293 0.10255408653846154 0.3845507478632479 0.10100901442307693 0.3958808760683761 0.09965685096153847 0.40789850427350427 0.10216766826923077 0.40583814102564103 0.10738221153846153 0.40686805555555555
2 0.11954957932692307 0.3663530982905983 0.12244681490384615 0.3381987179487179 0.12167427884615385 0.33064476495726497 0.11375570913461538 0.32961485042735045 0.11124489182692308 0.3327051282051282 0.10969981971153847 0.34369230769230774 0.1062235576923077 0.36326282051282055 0.10564423076923077 0.3715032051282051 0.10892728365384616 0.36841292735042735 0.11375570913461538 0.36909989316239317 0.11645973557692307 0.3704732905982906 0.11877704326923078 0.36772649572649574
2 0.5156457331730769 0.35165438034188035 0.5196983173076923 0.3228360042735043 0.5225928485576923 0.3156314102564102 0.5262596153846154 0.3135726495726496 0.529733173076923 0.3176896367521368 0.5299260817307693 0.3252377136752137 0.5260667067307693 0.35062553418803416 0.5235576923076923 0.3554284188034188 0.52220703125 0.3581730769230769
2 0.5310841346153846 0.3176896367521368 0.5355225360576923 0.2919588675213675 0.5345576923076923 0.282696047008547 0.5301192908653847 0.2820096153846154 0.5276105769230769 0.2850972222222222 0.5266454326923077 0.29093002136752133 0.5239438100961539 0.3008792735042735 0.5220141225961539 0.30979914529914526 0.5208560697115385 0.3170037393162393 0.5249086538461538 0.31322970085470087 0.5276105769230769 0.3142590811965812
2 0.7403413461538462 0.39568536324786324 0.7488587740384616 0.39409188034188036 0.7504278846153846 0.38452831196581194 0.7392205528846154 0.3526501068376068 0.7347376802884615 0.3526501068376068 0.7315997596153847 0.3570336538461538 0.7304789663461538 0.3630106837606838 0.730703125 0.3685892094017094 0.7389963942307692 0.39409188034188036
2 0.7277893629807692 0.3618151709401709 0.7156856971153847 0.3343205128205128 0.7168064903846154 0.3243584401709401 0.7248756009615385 0.32117094017094017 0.736979266826923 0.3498611111111111 0.7351859975961539 0.35384561965811967 0.7324963942307693 0.3546426282051282 0.7304789663461538 0.3610181623931624 0.7293584735576922 0.3650032051282051
0 0.28966346153846156 0.46634615384615385 0.28966346153846156 0.48023504273504275 0.296875 0.4807692307692308 0.30018028846153844 0.47275641025641024 0.3055889423076923 0.4428418803418803 0.3043870192307692 0.4375 0.29897836538461536 0.4358974358974359 0.29537259615384615 0.43856837606837606
0 0.27914663461538464 0.5160256410256411 0.27884615384615385 0.5213675213675214 0.28305288461538464 0.5288461538461539 0.2863581730769231 0.5299145299145299 0.28966346153846156 0.5256410256410257 0.29837740384615385 0.49038461538461536 0.29867788461538464 0.48664529914529914 0.2971754807692308 0.48183760683760685 0.2893629807692308 0.4813034188034188
0 0.25450721153846156 0.5464743589743589 0.2542067307692308 0.5576923076923077 0.25841346153846156 0.5635683760683761 0.2620192307692308 0.5641025641025641 0.28185096153846156 0.5400641025641025 0.28365384615384615 0.5363247863247863 0.28365384615384615 0.531517094017094 0.27944711538461536 0.5229700854700855 0.27584134615384615 0.5224358974358975 0.25570913461538464 0.5432692307692307
0 0.2049278846153846 0.5774572649572649 0.2049278846153846 0.5849358974358975 0.21033653846153846 0.5892094017094017 0.23527644230769232 0.5785256410256411 0.23948317307692307 0.5710470085470085 0.23677884615384615 0.5592948717948718 0.23347355769230768 0.5560897435897436 0.20943509615384615 0.5662393162393162 0.20612980769230768 0.5705128205128205
0 0.18209134615384615 0.6239316239316239 0.1817908653846154 0.6303418803418803 0.18419471153846154 0.6340811965811965 0.18900240384615385 0.6367521367521367 0.19260817307692307 0.6362179487179487 0.19681490384615385 0.6298076923076923 0.19801682692307693 0.6212606837606838 0.20643028846153846 0.6014957264957265 0.20763221153846154 0.5956196581196581 0.20703125 0.5908119658119658 0.203125 0.5844017094017094 0.19861778846153846 0.5844017094017094
0 0.19230769230769232 0.6388888888888888 0.19200721153846154 0.6485042735042735 0.19561298076923078 0.6543803418803419 0.19951923076923078 0.6549145299145299 0.2205528846153846 0.6474358974358975 0.22596153846153846 0.6431623931623932 0.22596153846153846 0.6266025641025641 0.21995192307692307 0.6239316239316239 0.19831730769230768 0.6308760683760684 0.19471153846153846 0.6330128205128205
0 0.22626201923076922 0.6260683760683761 0.2265625 0.6436965811965812 0.22896634615384615 0.6458333333333334 0.25540865384615385 0.6447649572649573 0.2587139423076923 0.6436965811965812 0.26021634615384615 0.6404914529914529 0.25961538461538464 0.6260683760683761 0.2551081730769231 0.6223290598290598 0.23768028846153846 0.6228632478632479
0 0.26802884615384615 0.6260683760683761 0.2647235576923077 0.6404914529914529 0.2668269230769231 0.6436965811965812 0.29356971153846156 0.6501068376068376 0.2980769230769231 0.6469017094017094 0.30018028846153844 0.6372863247863247 0.2980769230769231 0.6319444444444444 0.2902644230769231 0.6260683760683761 0.2746394230769231 0.6223290598290598 0.27013221153846156 0.6228632478632479
0 0.31009615384615385 0.6298076923076923 0.3097956730769231 0.6340811965811965 0.3115985576923077 0.6404914529914529 0.3176081730769231 0.6426282051282052 0.34044471153846156 0.6228632478632479 0.3425480769230769 0.6153846153846154 0.3395432692307692 0.6068376068376068 0.3347355769230769 0.6047008547008547 0.31490384615384615 0.6196581196581197 0.3115985576923077 0.624465811965812
0 0.3428485576923077 0.6057692307692307 0.34224759615384615 0.6095085470085471 0.3434495192307692 0.6159188034188035 0.34585336538461536 0.6191239316239316 0.3488581730769231 0.6191239316239316 0.35877403846153844 0.6121794871794872 0.37169471153846156 0.5988247863247863 0.37109375 0.5827991452991453 0.37049278846153844 0.5811965811965812 0.3659855769230769 0.5822649572649573 0.3524639423076923 0.592948717948718 0.3464543269230769 0.5988247863247863
0 0.37650240384615385 0.5747863247863247 0.3707932692307692 0.5811965811965812 0.37349759615384615 0.5966880341880342 0.37950721153846156 0.5956196581196581 0.3975360576923077 0.5801282051282052 0.3993389423076923 0.5747863247863247 0.3993389423076923 0.5678418803418803 0.3975360576923077 0.5625 0.39393028846153844 0.5614316239316239
0 0.5718149038461539 0.5982905982905983 0.5709134615384616 0.6036324786324786 0.5736177884615384 0.6095085470085471 0.5778245192307693 0.6116452991452992 0.5799278846153846 0.6100427350427351 0.5853365384615384 0.5961538461538461 0.5889423076923077 0.5817307692307693 0.5901442307692307 0.5673076923076923 0.5862379807692307 0.5646367521367521 0.5826322115384616 0.5667735042735043
0 0.5832331730769231 0.5571581196581197 0.5826322115384616 0.5603632478632479 0.5838341346153846 0.5641025641025641 0.5919471153846154 0.5673076923076923 0.6009615384615384 0.5405982905982906 0.6048677884615384 0.5325854700854701 0.6042668269230769 0.5293803418803419 0.5997596153846154 0.5261752136752137 0.5952524038461539 0.5261752136752137
0 0.6003605769230769 0.46955128205128205 0.5970552884615384 0.5021367521367521 0.5988581730769231 0.5064102564102564 0.6051682692307693 0.5069444444444444 0.6072716346153846 0.5032051282051282 0.6105769230769231 0.4674145299145299 0.6090745192307693 0.4636752136752137 0.6051682692307693 0.4642094017094017 0.6018629807692307 0.4652777777777778
0 0.5450721153846154 0.4172008547008547 0.5438701923076923 0.42735042735042733 0.5456730769230769 0.42948717948717946 0.5525841346153846 0.42788461538461536 0.5561899038461539 0.4305555555555556 0.5646033653846154 0.4305555555555556 0.5697115384615384 0.4284188034188034 0.5715144230769231 0.42094017094017094 0.5712139423076923 0.4113247863247863 0.5688100961538461 0.4097222222222222 0.546875 0.4097222222222222
0 0.5718149038461539 0.4113247863247863 0.5712139423076923 0.42574786324786323 0.5739182692307693 0.4284188034188034 0.5925480769230769 0.4268162393162393 0.5970552884615384 0.422008547008547 0.59765625 0.4113247863247863 0.5952524038461539 0.40705128205128205 0.5763221153846154 0.40865384615384615
0 0.5994591346153846 0.4391025641025641 0.5994591346153846 0.4636752136752137 0.6018629807692307 0.4674145299145299 0.6090745192307693 0.46634615384615385 0.6105769230769231 0.4342948717948718 0.6099759615384616 0.42574786324786323 0.6021634615384616 0.4252136752136752
0 0.6111778846153846 0.42895299145299143 0.6102764423076923 0.43696581196581197 0.6117788461538461 0.44337606837606836 0.6313100961538461 0.4497863247863248 0.6346153846153846 0.4497863247863248 0.6364182692307693 0.44604700854700857 0.6370192307692307 0.43696581196581197 0.6355168269230769 0.4310897435897436 0.6168870192307693 0.42414529914529914
0 0.6379206730769231 0.4391025641025641 0.6373197115384616 0.4465811965811966 0.6385216346153846 0.4497863247863248 0.6577524038461539 0.4561965811965812 0.6628605769230769 0.4561965811965812 0.6643629807692307 0.45405982905982906 0.6655649038461539 0.44711538461538464 0.6643629807692307 0.4375 0.6475360576923077 0.43162393162393164 0.6415264423076923 0.43162393162393164
0 0.6805889423076923 0.43803418803418803 0.6805889423076923 0.44604700854700857 0.6862980769230769 0.4481837606837607 0.7022235576923077 0.4321581196581197 0.7043269230769231 0.4284188034188034 0.7046274038461539 0.42467948717948717 0.7025240384615384 0.41933760683760685 0.6998197115384616 0.4166666666666667 0.6965144230769231 0.4182692307692308 0.6850961538461539 0.42948717948717946
0 0.7013221153846154 0.4113247863247863 0.7001201923076923 0.41452991452991456 0.7010216346153846 0.4166666666666667 0.703125 0.4172008547008547 0.7067307692307693 0.4230769230769231 0.7106370192307693 0.4230769230769231 0.7229567307692307 0.4155982905982906 0.7250600961538461 0.4113247863247863 0.7259615384615384 0.40384615384615385 0.7241586538461539 0.40064102564102566 0.7193509615384616 0.40010683760683763 0.7043269230769231 0.4075854700854701
0 0.7262620192307693 0.4033119658119658 0.7262620192307693 0.4129273504273504 0.7298677884615384 0.41613247863247865 0.7515024038461539 0.4182692307692308 0.7542067307692307 0.41185897435897434 0.7530048076923077 0.4011752136752137 0.7493990384615384 0.39850427350427353 0.7331730769230769 0.3969017094017094 0.7274639423076923 0.40064102564102566
0 0.6917067307692307 0.26014957264957267 0.6923076923076923 0.2724358974358974 0.7004206730769231 0.29273504273504275 0.7022235576923077 0.2948717948717949 0.7091346153846154 0.2932692307692308 0.7109375 0.28846153846153844 0.7109375 0.2825854700854701 0.7010216346153846 0.2590811965811966 0.6995192307692307 0.2564102564102564 0.6959134615384616 0.25587606837606836
0 0.6844951923076923 0.2297008547008547 0.6838942307692307 0.234508547008547 0.6887019230769231 0.2532051282051282 0.6926081730769231 0.25854700854700857 0.6980168269230769 0.2553418803418803 0.69921875 0.2516025641025641 0.6989182692307693 0.24572649572649571 0.6935096153846154 0.2206196581196581 0.6871995192307693 0.22008547008547008
0 0.7722355769230769 0.3034188034188034 0.7719350961538461 0.31036324786324787 0.7779447115384616 0.3301282051282051 0.7782451923076923 0.33547008547008544 0.7803485576923077 0.33814102564102566 0.7863581730769231 0.33814102564102566 0.7887620192307693 0.327991452991453 0.7884615384615384 0.3247863247863248 0.7815504807692307 0.3002136752136752 0.7791466346153846 0.297008547008547 0.7746394230769231 0.29914529914529914
0 0.7611177884615384 0.2702991452991453 0.7605168269230769 0.2724358974358974 0.76171875 0.2783119658119658 0.7686298076923077 0.30128205128205127 0.7728365384615384 0.30235042735042733 0.7782451923076923 0.296474358974359 0.7758413461538461 0.2831196581196581 0.7701322115384616 0.26335470085470086 0.765625 0.26175213675213677
0 0.7681853966346155 0.4184524572649572 0.7783263221153847 0.391409188034188 0.7800609975961539 0.38405555555555554 0.7780594951923077 0.3800229700854701 0.7753909254807693 0.37883707264957267 0.7729891826923077 0.3826324786324786 0.7703203125000001 0.38690224358974357 0.7684522235576924 0.39093482905982907 0.7651162860576922 0.39947489316239315 0.7631147836538462 0.4039818376068376 0.7617806490384615 0.4084893162393162 0.7609798677884616 0.41181036324786324
0 0.7804615384615385 0.38429273504273503 0.7900688100961539 0.3555897435897436 0.7898019831730768 0.352505876068376 0.78619921875 0.3498963675213675 0.7841977163461539 0.34965918803418805 0.7816622596153846 0.3541661324786325 0.778459735576923 0.3579615384615385 0.7720549879807692 0.3807345085470086 0.7757911658653847 0.3778878205128205 0.7792605168269231 0.3807345085470086 0.7804615384615385 0.3838183760683761
0 0.7197484975961538 0.3102809829059829 0.7392298677884616 0.2910662393162393 0.7400306490384616 0.28323824786324786 0.7373617788461538 0.2784935897435898 0.7346932091346154 0.27825641025641024 0.7325582932692308 0.28134027777777776 0.7198819110576923 0.29248931623931623 0.7174801682692308 0.2962852564102564 0.7164125600961538 0.3017409188034188
0 0.7409645432692307 0.2882195512820513 0.7520396634615385 0.27042841880341884 0.7528404447115384 0.2609396367521367 0.7497713341346154 0.25690705128205127 0.7473695913461539 0.25904166666666667 0.7434999999999999 0.26449786324786323 0.7364278846153846 0.2754097222222222 0.7374951923076923 0.2784935897435898 0.7393632812500001 0.28228899572649574 0.7398972355769231 0.2872708333333333
3 0.3046875 0.6485042735042735 0.3043870192307692 0.6613247863247863 0.30679086538461536 0.6650641025641025 0.32752403846153844 0.6752136752136753 0.33263221153846156 0.6752136752136753 0.3347355769230769 0.6714743589743589 0.3356370192307692 0.657051282051282 0.33143028846153844 0.6517094017094017 0.31069711538461536 0.6420940170940171 0.3073918269230769 0.6426282051282052
3 0.33533653846153844 0.6677350427350427 0.3350360576923077 0.6714743589743589 0.3371394230769231 0.6752136752136753 0.3635817307692308 0.6816239316239316 0.3668870192307692 0.6789529914529915 0.3683894230769231 0.6645299145299145 0.3671875 0.6607905982905983 0.36328125 0.6581196581196581 0.3407451923076923 0.6527777777777778 0.33653846153846156 0.6581196581196581
3 0.37109375 0.6661324786324786 0.36899038461538464 0.6800213675213675 0.37319711538461536 0.6848290598290598 0.38431490384615385 0.6837606837606838 0.390625 0.6901709401709402 0.3981370192307692 0.6917735042735043 0.40054086538461536 0.6885683760683761 0.4020432692307692 0.6826923076923077 0.4026442307692308 0.6741452991452992 0.4014423076923077 0.6698717948717948 0.39903846153846156 0.6677350427350427 0.37710336538461536 0.6607905982905983 0.37319711538461536 0.6607905982905983
3 0.40474759615384615 0.6330128205128205 0.40414663461538464 0.6720085470085471 0.40625 0.6752136752136753 0.41195913461538464 0.6757478632478633 0.4152644230769231 0.6704059829059829 0.41616586538461536 0.6260683760683761 0.4143629807692308 0.6217948717948718 0.4089543269230769 0.6217948717948718 0.40564903846153844 0.625534188034188
3 0.40174278846153844 0.5774572649572649 0.4014423076923077 0.6196581196581197 0.40474759615384615 0.6239316239316239 0.4128605769230769 0.6191239316239316 0.41225961538461536 0.5737179487179487 0.4113581730769231 0.5715811965811965 0.40444711538461536 0.5715811965811965
3 0.42247596153846156 0.4561965811965812 0.42037259615384615 0.4700854700854701 0.421875 0.4738247863247863 0.42518028846153844 0.47649572649572647 0.4465144230769231 0.4754273504273504 0.44921875 0.4738247863247863 0.4501201923076923 0.4706196581196581 0.4495192307692308 0.4594017094017094 0.44711538461538464 0.4551282051282051 0.42818509615384615 0.4545940170940171 0.42518028846153844 0.45085470085470086
3 0.4540264423076923 0.45886752136752135 0.4543269230769231 0.4700854700854701 0.4561298076923077 0.4722222222222222 0.47806490384615385 0.46794871794871795 0.48197115384615385 0.4620726495726496 0.4813701923076923 0.4497863247863248 0.47836538461538464 0.44711538461538464 0.4597355769230769 0.4497863247863248 0.45643028846153844 0.45245726495726496
3 0.4831730769230769 0.4465811965811966 0.4831730769230769 0.46260683760683763 0.484375 0.4642094017094017 0.5045072115384616 0.4594017094017094 0.5087139423076923 0.4561965811965812 0.5090144230769231 0.45405982905982906 0.5084134615384616 0.44017094017094016 0.5060096153846154 0.43803418803418803 0.5012019230769231 0.4375
3 0.5105168269230769 0.4391025641025641 0.5105168269230769 0.452991452991453 0.5162259615384616 0.4545940170940171 0.52734375 0.4428418803418803 0.5342548076923077 0.42948717948717946 0.5363581730769231 0.4284188034188034 0.5327524038461539 0.42254273504273504 0.5288461538461539 0.4198717948717949
3 0.5144230769230769 0.37606837606837606 0.5147235576923077 0.390491452991453 0.5192307692307693 0.4049145299145299 0.5213341346153846 0.4075854700854701 0.52734375 0.4097222222222222 0.5294471153846154 0.4155982905982906 0.5324519230769231 0.41185897435897434 0.5330528846153846 0.4075854700854701 0.5315504807692307 0.40064102564102566 0.5246394230769231 0.3798076923076923 0.5192307692307693 0.37286324786324787 0.5189302884615384 0.3685897435897436
3 0.3662860576923077 0.4182692307692308 0.3662860576923077 0.4305555555555556 0.38341346153846156 0.4326923076923077 0.3879206730769231 0.4342948717948718 0.3903245192307692 0.43803418803418803 0.39272836538461536 0.43162393162393164 0.39272836538461536 0.421474358974359 0.3903245192307692 0.4188034188034188
3 0.3368389423076923 0.4150641025641026 0.3359375 0.421474358974359 0.33834134615384615 0.42467948717948717 0.36147836538461536 0.42948717948717946 0.3635817307692308 0.42895299145299143 0.36508413461538464 0.4252136752136752 0.36478365384615385 0.41452991452991456 0.3605769230769231 0.4097222222222222 0.34194711538461536 0.4091880341880342 0.33834134615384615 0.41025641025641024
3 0.30919471153846156 0.4049145299145299 0.30859375 0.41346153846153844 0.31069711538461536 0.4172008547008547 0.32992788461538464 0.422008547008547 0.3350360576923077 0.421474358974359 0.3359375 0.4182692307692308 0.3368389423076923 0.4075854700854701 0.33443509615384615 0.40384615384615385 0.31400240384615385 0.4011752136752137
3 0.30649038461538464 0.38354700854700857 0.30318509615384615 0.3936965811965812 0.30318509615384615 0.3974358974358974 0.30709134615384615 0.4049145299145299 0.31069711538461536 0.4049145299145299 0.3152043269230769 0.40064102564102566 0.3161057692307692 0.3942307692307692 0.3245192307692308 0.37713675213675213 0.32572115384615385 0.3696581196581197 0.3215144230769231 0.3643162393162393 0.3176081730769231 0.36378205128205127
3 0.5901442307692307 0.3141025641025641 0.5895432692307693 0.327991452991453 0.5910456730769231 0.3301282051282051 0.60546875 0.33386752136752135 0.6111778846153846 0.33386752136752135 0.6141826923076923 0.3301282051282051 0.6150841346153846 0.32104700854700857 0.6126802884615384 0.31463675213675213 0.6039663461538461 0.31196581196581197
3 0.5649038461538461 0.3141025641025641 0.5625 0.3173076923076923 0.5640024038461539 0.3194444444444444 0.5652043269230769 0.32745726495726496 0.5670072115384616 0.3295940170940171 0.5856370192307693 0.33066239316239315 0.5892427884615384 0.327991452991453 0.58984375 0.3189102564102564 0.5883413461538461 0.31356837606837606 0.5805288461538461 0.3108974358974359 0.5691105769230769 0.3108974358974359
3 0.671875 0.2905982905982906 0.6715745192307693 0.29967948717948717 0.67578125 0.30235042735042733 0.6941105769230769 0.30395299145299143 0.6962139423076923 0.30235042735042733 0.6977163461538461 0.296474358974359 0.6959134615384616 0.28685897435897434 0.6926081730769231 0.2847222222222222 0.67578125 0.2841880341880342
3 0.6484375 0.2905982905982906 0.6460336538461539 0.2932692307692308 0.6481370192307693 0.30128205128205127 0.6472355769230769 0.3076923076923077 0.6664663461538461 0.3034188034188034 0.6694711538461539 0.2980769230769231 0.6691706730769231 0.28685897435897434 0.6670673076923077 0.2841880341880342
3 0.6225961538461539 0.3055555555555556 0.6225961538461539 0.31356837606837606 0.6256009615384616 0.31677350427350426 0.6439302884615384 0.31143162393162394 0.6481370192307693 0.3071581196581197 0.6463341346153846 0.3034188034188034 0.6463341346153846 0.2954059829059829 0.6448317307692307 0.29273504273504275 0.6304086538461539 0.2954059829059829 0.6253004807692307 0.29967948717948717
3 0.5438701923076923 0.3344017094017094 0.5441706730769231 0.3402777777777778 0.5501802884615384 0.3456196581196581 0.5631009615384616 0.3311965811965812 0.5643028846153846 0.327991452991453 0.5640024038461539 0.32104700854700857 0.5606971153846154 0.31677350427350426 0.5570913461538461 0.3189102564102564 0.5477764423076923 0.327991452991453
3 0.4009978966346154 0.5497505341880342 0.4101959134615385 0.5516976495726496 0.41194801682692306 0.5073124999999999 0.4095390625 0.5018616452991453 0.4053780048076923 0.5006939102564102 0.4027496995192308 0.5034188034188034 0.4016547475961539 0.5115950854700855
3 0.4009978966346154 0.4999150641025641 0.3996838942307692 0.4656527777777778 0.3996838942307692 0.4555299145299145 0.40384495192307696 0.4539727564102564 0.4075679086538461 0.45942361111111113 0.4086628605769231 0.47149305555555554 0.4101959134615385 0.5030299145299145 0.40691105769230773 0.5006939102564102 0.4014356971153846 0.5034188034188034 0.4007788461538461 0.5057553418803419
3 0.32719320913461536 0.3648135683760684 0.33923858173076926 0.3363915598290598 0.33880048076923075 0.32938301282051285 0.3342013221153846 0.3227644230769231 0.33157331730769235 0.3231538461538461 0.31865204326923074 0.35079700854700857 0.3171189903846154 0.35975213675213674 0.31755709134615384 0.3624770299145299 0.322375 0.3644241452991453 0.3260982572115385 0.3687067307692308
3 0.34120943509615387 0.33210844017094016 0.3521598557692308 0.3052441239316239 0.3508458533653846 0.29317467948717946 0.3477797475961539 0.290838141025641 0.34537049278846155 0.290838141025641 0.34230438701923077 0.29239583333333335 0.3317923677884615 0.3208178418803419 0.3350772235576923 0.3247110042735043 0.3379242788461539 0.3305512820512821
3 0.5337638221153846 0.3648621794871795 0.5477394831730769 0.3509070512820513 0.5471652644230769 0.3437596153846154 0.5439104567307692 0.337633547008547 0.5234254807692308 0.35499145299145296 0.5230423677884615 0.3604375 0.5243825120192308 0.36792521367521364 0.5259143629807692 0.36894604700854705 0.529743389423077 0.36656356837606835 0.5324236778846154 0.36588301282051283
3 0.7117881610576924 0.2920336538461539 0.7143173076923077 0.2965304487179487 0.7153825120192308 0.2981869658119658 0.7209732572115384 0.2917970085470086 0.7260318509615384 0.2868274572649573 0.7304248798076922 0.28304113247863244 0.7348179086538462 0.27854433760683756 0.7354834735576923 0.2719182692307692 0.7326878004807693 0.26600160256410255 0.7304248798076922 0.26434508547008545 0.7148500600961539 0.2809107905982906
3 0.7366814903846154 0.27168162393162393 0.7450679086538461 0.26008547008547006 0.7469314903846154 0.25156570512820514 0.7465321514423077 0.24683226495726496 0.7424056490384616 0.24422916666666666 0.7289606370192309 0.2638717948717949 0.7312235576923077 0.26505502136752135 0.7337527043269231 0.26765811965811964 0.7353503605769232 0.27120833333333333
1 0.4426081730769231 0.17467948717948717 0.4417067307692308 0.1778846153846154 0.4423076923076923 0.1842948717948718 0.45703125 0.20032051282051283 0.4600360576923077 0.20245726495726496 0.4651442307692308 0.19230769230769232 0.4639423076923077 0.1875 0.4495192307692308 0.16826923076923078 0.4450120192307692 0.16987179487179488
1 0.46334134615384615 0.19497863247863248 0.4621394230769231 0.2013888888888889 0.46334134615384615 0.20886752136752137 0.47716346153846156 0.22382478632478633 0.4816706730769231 0.22435897435897437 0.48677884615384615 0.21367521367521367 0.4831730769230769 0.20619658119658119 0.47025240384615385 0.19230769230769232 0.46544471153846156 0.1907051282051282
1 0.4846754807692308 0.2168803418803419 0.48227163461538464 0.2232905982905983 0.48227163461538464 0.22702991452991453 0.4840745192307692 0.23076923076923078 0.4963942307692308 0.24786324786324787 0.5015024038461539 0.24893162393162394 0.5036057692307693 0.23397435897435898 0.4909855769230769 0.21581196581196582 0.4870793269230769 0.2142094017094017
1 0.5024038461538461 0.24465811965811965 0.5021033653846154 0.2483974358974359 0.5036057692307693 0.25213675213675213 0.5168269230769231 0.26655982905982906 0.5219350961538461 0.26816239316239315 0.5249399038461539 0.26495726495726496 0.5258413461538461 0.25961538461538464 0.5252403846153846 0.2516025641025641 0.5102163461538461 0.23664529914529914 0.5048076923076923 0.2361111111111111
1 0.5381610576923077 0.2483974358974359 0.5375600961538461 0.2553418803418803 0.5387620192307693 0.25961538461538464 0.5411658653846154 0.26121794871794873 0.5471754807692307 0.25961538461538464 0.5615985576923077 0.24786324786324787 0.5606971153846154 0.2361111111111111 0.5603966346153846 0.234508547008547 0.5558894230769231 0.234508547008547 0.5465745192307693 0.2387820512820513 0.5408653846153846 0.24358974358974358
1 0.5628004807692307 0.23023504273504272 0.5600961538461539 0.23397435897435898 0.5600961538461539 0.2361111111111111 0.5615985576923077 0.24626068376068377 0.5649038461538461 0.24786324786324787 0.5775240384615384 0.23985042735042736 0.58203125 0.234508547008547 0.58203125 0.21955128205128205 0.5778245192307693 0.21955128205128205
1 0.58203125 0.2168803418803419 0.5793269230769231 0.22008547008547008 0.5808293269230769 0.22115384615384615 0.5826322115384616 0.23130341880341881 0.5862379807692307 0.23183760683760685 0.5961538461538461 0.22756410256410256 0.6003605769230769 0.22382478632478633 0.6039663461538461 0.21634615384615385 0.6015625 0.20886752136752137 0.5973557692307693 0.2077991452991453