3 0.29056490384615385 0.6677350427350427 0.29086538461538464 0.6821581196581197 0.29236778846153844 0.6853632478632479 0.3121995192307692 0.6928418803418803 0.3200120192307692 0.6917735042735043 0.3212139423076923 0.6752136752136753 0.3194110576923077 0.6714743589743589 0.296875 0.6613247863247863 0.2932692307692308 0.6623931623931624
3 0.32181490384615385 0.6741452991452992 0.32181490384615385 0.6896367521367521 0.3230168269230769 0.6923076923076923 0.34314903846153844 0.6960470085470085 0.35006009615384615 0.6955128205128205 0.3518629807692308 0.6928418803418803 0.35306490384615385 0.6810897435897436 0.3515625 0.6752136752136753 0.34915865384615385 0.6725427350427351 0.32632211538461536 0.6704059829059829 0.32271634615384615 0.6714743589743589
3 0.3545673076923077 0.6805555555555556 0.3545673076923077 0.6944444444444444 0.35727163461538464 0.6971153846153846 0.36733774038461536 0.6949786324786325 0.3740985576923077 0.7013888888888888 0.3828125 0.7013888888888888 0.38491586538461536 0.6987179487179487 0.38671875 0.6907051282051282 0.3858173076923077 0.6816239316239316 0.3801081730769231 0.6773504273504274 0.3581730769230769 0.6741452991452992
3 0.38912259615384615 0.6404914529914529 0.38882211538461536 0.6816239316239316 0.39122596153846156 0.6858974358974359 0.3972355769230769 0.6848290598290598 0.3993389423076923 0.6816239316239316 0.39993990384615385 0.6463675213675214 0.39903846153846156 0.6346153846153846 0.3972355769230769 0.6314102564102564 0.3936298076923077 0.6324786324786325 0.3903245192307692 0.6356837606837606
3 0.38671875 0.5956196581196581 0.38671875 0.6330128205128205 0.390625 0.6367521367521367 0.39783653846153844 0.6303418803418803 0.3972355769230769 0.5881410256410257 0.3936298076923077 0.5892094017094017 0.3903245192307692 0.5876068376068376
3 0.3527644230769231 0.45245726495726496 0.3524639423076923 0.46047008547008544 0.3707932692307692 0.46047008547008544 0.37680288461538464 0.4636752136752137 0.3792067307692308 0.4599358974358974 0.37890625 0.45085470085470086 0.37710336538461536 0.44711538461538464 0.35757211538461536 0.44711538461538464 0.3545673076923077 0.4481837606837607
3 0.32481971153846156 0.45032051282051283 0.3251201923076923 0.45726495726495725 0.34915865384615385 0.46100427350427353 0.3518629807692308 0.4599358974358974 0.3524639423076923 0.44871794871794873 0.35216346153846156 0.44604700854700857 0.34915865384615385 0.4423076923076923 0.34314903846153844 0.44177350427350426 0.328125 0.4439102564102564 0.32572115384615385 0.4465811965811966
3 0.29837740384615385 0.44604700854700857 0.2980769230769231 0.452991452991453 0.2998798076923077 0.4561965811965812 0.3212139423076923 0.45726495726495725 0.32361778846153844 0.45405982905982906 0.3251201923076923 0.4444444444444444 0.3212139423076923 0.43963675213675213 0.3094951923076923 0.4391025641025641 0.3037860576923077 0.4407051282051282
3 0.2932692307692308 0.43322649572649574 0.2932692307692308 0.43856837606837606 0.296875 0.4444444444444444 0.30078125 0.4439102564102564 0.3073918269230769 0.4375 0.31460336538461536 0.4155982905982906 0.31430288461538464 0.4075854700854701 0.30709134615384615 0.40224358974358976 0.29537259615384615 0.4252136752136752
3 0.30799278846153844 0.3936965811965812 0.3076923076923077 0.39797008547008544 0.30919471153846156 0.40224358974358976 0.31400240384615385 0.406517094017094 0.3176081730769231 0.40384615384615385 0.3245192307692308 0.391025641025641 0.328125 0.38087606837606836 0.328125 0.3733974358974359 0.32481971153846156 0.3685897435897436 0.3203125 0.36912393162393164 0.3134014423076923 0.38087606837606836
3 0.32421875 0.3573717948717949 0.32361778846153844 0.36645299145299143 0.328125 0.37232905982905984 0.33143028846153844 0.3733974358974359 0.33924278846153844 0.35523504273504275 0.34134615384615385 0.3418803418803419 0.3386418269230769 0.3386752136752137 0.3311298076923077 0.34134615384615385 0.3272235576923077 0.34775641025641024
3 0.40775240384615385 0.47702991452991456 0.4059495192307692 0.49145299145299143 0.40835336538461536 0.4951923076923077 0.4284855769230769 0.4946581196581197 0.4347956730769231 0.4909188034188034 0.4338942307692308 0.4775641025641026 0.4305889423076923 0.4732905982905983 0.4170673076923077 0.47435897435897434 0.4110576923076923 0.47115384615384615
3 0.43810096153846156 0.47275641025641024 0.43810096153846156 0.484508547008547 0.44200721153846156 0.48985042735042733 0.4636418269230769 0.4829059829059829 0.46634615384615385 0.4775641025641026 0.4651442307692308 0.46474358974358976 0.46033653846153844 0.46153846153846156 0.43930288461538464 0.4674145299145299
3 0.4657451923076923 0.4620726495726496 0.46724759615384615 0.47863247863247865 0.4834735576923077 0.4738247863247863 0.4930889423076923 0.4658119658119658 0.4924879807692308 0.452991452991453 0.4879807692307692 0.4497863247863248 0.47025240384615385 0.4577991452991453
3 0.49789663461538464 0.44497863247863245 0.4933894230769231 0.452991452991453 0.49399038461538464 0.4642094017094017 0.4957932692307692 0.4668803418803419 0.4987980769230769 0.4674145299145299 0.5018028846153846 0.4658119658119658 0.5132211538461539 0.45032051282051283 0.5150240384615384 0.4428418803418803 0.5183293269230769 0.43856837606837606 0.5153245192307693 0.4305555555555556 0.51171875 0.42948717948717946
3 0.4969951923076923 0.38621794871794873 0.49789663461538464 0.40384615384615385 0.5009014423076923 0.4129273504273504 0.50390625 0.4182692307692308 0.5153245192307693 0.42788461538461536 0.5165264423076923 0.4182692307692308 0.5051081730769231 0.38354700854700857 0.5006009615384616 0.38247863247863245
3 0.5081129807692307 0.3717948717948718 0.5075120192307693 0.3787393162393162 0.5084134615384616 0.38087606837606836 0.5189302884615384 0.38087606837606836 0.52734375 0.3701923076923077 0.5309495192307693 0.36164529914529914 0.5255408653846154 0.35202991452991456 0.5141225961538461 0.36217948717948717
3 0.5282451923076923 0.3450854700854701 0.5267427884615384 0.3488247863247863 0.5276442307692307 0.35363247863247865 0.5327524038461539 0.359508547008547 0.5363581730769231 0.35844017094017094 0.5471754807692307 0.3450854700854701 0.5477764423076923 0.33226495726495725 0.546875 0.3301282051282051 0.54296875 0.3301282051282051
3 0.5474759615384616 0.3301282051282051 0.5483774038461539 0.3408119658119658 0.5501802884615384 0.343482905982906 0.5685096153846154 0.3408119658119658 0.5724158653846154 0.33653846153846156 0.5715144230769231 0.32532051282051283 0.5682091346153846 0.32264957264957267 0.5504807692307693 0.32371794871794873
3 0.5745192307692307 0.3215811965811966 0.5736177884615384 0.32425213675213677 0.57421875 0.3392094017094017 0.5940504807692307 0.3408119658119658 0.5988581730769231 0.3370726495726496 0.5994591346153846 0.327991452991453 0.5958533653846154 0.3215811965811966
3 0.6072716346153846 0.31143162393162394 0.6060697115384616 0.31997863247863245 0.6072716346153846 0.32264957264957267 0.6108774038461539 0.32425213675213677 0.6292067307692307 0.3141025641025641 0.6325120192307693 0.3092948717948718 0.6286057692307693 0.29754273504273504 0.6262019230769231 0.29594017094017094 0.6114783653846154 0.30288461538461536
3 0.6301081730769231 0.2954059829059829 0.6310096153846154 0.30982905982905984 0.6370192307692307 0.31143162393162394 0.6532451923076923 0.3034188034188034 0.6538461538461539 0.2916666666666667 0.6517427884615384 0.28739316239316237 0.6463341346153846 0.28685897435897434 0.6331129807692307 0.2922008547008547
3 0.65625 0.28899572649572647 0.6556490384615384 0.3002136752136752 0.6592548076923077 0.30288461538461536 0.6793870192307693 0.3018162393162393 0.6814903846153846 0.29754273504273504 0.6814903846153846 0.2863247863247863 0.6790865384615384 0.2831196581196581 0.6613581730769231 0.28365384615384615 0.6571514423076923 0.2857905982905983
3 0.7130408653846154 0.2606837606837607 0.7130408653846154 0.26495726495726496 0.7163461538461539 0.2638888888888889 0.7199519230769231 0.26655982905982906 0.7241586538461539 0.26282051282051283 0.7331730769230769 0.24786324786324787 0.7328725961538461 0.24091880341880342 0.7268629807692307 0.23824786324786323 0.7169471153846154 0.25213675213675213
3 0.38843629807692304 0.5692649572649573 0.39735006009615387 0.5680459401709402 0.39735006009615387 0.5259909188034187 0.3942644230769231 0.5198958333333333 0.38672205528846154 0.5211148504273504 0.3860363581730769 0.5637793803418804
3 0.39632151442307695 0.5180673076923077 0.3932361778846154 0.4863739316239316 0.39186478365384614 0.4827168803418803 0.38775060096153846 0.48088835470085467 0.3836364182692308 0.4869834401709402 0.3860363581730769 0.5235528846153846 0.3880934495192308 0.5211148504273504
3 0.6968500600961539 0.2863627136752137 0.7003278245192307 0.29156944444444444 0.702890625 0.28766452991452995 0.7188155048076923 0.2694412393162393 0.7189984975961539 0.2622820512820513 0.7140561899038461 0.25772649572649575 0.6992295673076924 0.27529861111111115 0.6973993389423078 0.28375961538461536
1 0.25390625 0.2548076923076923 0.25330528846153844 0.2622863247863248 0.2569110576923077 0.2702991452991453 0.25841346153846156 0.2724358974358974 0.26231971153846156 0.26976495726495725 0.2704326923076923 0.2483974358974359 0.2698317307692308 0.2377136752136752 0.2659254807692308 0.23237179487179488 0.26322115384615385 0.23344017094017094 0.25841346153846156 0.24091880341880342
1 0.23287259615384615 0.2767094017094017 0.2322716346153846 0.2793803418803419 0.234375 0.2932692307692308 0.23828125 0.29433760683760685 0.25540865384615385 0.27884615384615385 0.25841346153846156 0.2719017094017094 0.2542067307692308 0.2638888888888889 0.2503004807692308 0.2622863247863248 0.24068509615384615 0.26816239316239315
1 0.20703125 0.2916666666666667 0.20673076923076922 0.3071581196581197 0.20853365384615385 0.3076923076923077 0.21394230769230768 0.3076923076923077 0.23106971153846154 0.30128205128205127 0.23377403846153846 0.297008547008547 0.23317307692307693 0.2863247863247863 0.23076923076923078 0.2793803418803419 0.21063701923076922 0.2879273504273504
1 0.18028846153846154 0.29967948717948717 0.17908653846153846 0.3071581196581197 0.1796875 0.31036324786324787 0.1817908653846154 0.3125 0.20823317307692307 0.3071581196581197 0.20673076923076922 0.2938034188034188 0.203125 0.28846153846153844 0.18359375 0.2922008547008547
1 0.15144230769230768 0.3349358974358974 0.1502403846153846 0.3450854700854701 0.15234375 0.3488247863247863 0.15685096153846154 0.35149572649572647 0.16165865384615385 0.35149572649572647 0.17247596153846154 0.32371794871794873 0.17157451923076922 0.31463675213675213 0.1661658653846154 0.3092948717948718 0.16256009615384615 0.3108974358974359 0.15655048076923078 0.32104700854700857
1 0.13161057692307693 0.38995726495726496 0.13161057692307693 0.39476495726495725 0.14002403846153846 0.39903846153846156 0.14393028846153846 0.3952991452991453 0.15174278846153846 0.37606837606837606 0.15114182692307693 0.36645299145299143 0.14723557692307693 0.36164529914529914 0.1427283653846154 0.36217948717948717 0.13792067307692307 0.36912393162393164
1 0.125 0.421474358974359 0.12439903846153846 0.42574786324786323 0.12560096153846154 0.43002136752136755 0.13371394230769232 0.43162393162393164 0.13701923076923078 0.42574786324786323 0.140625 0.4081196581196581 0.14092548076923078 0.40064102564102566 0.13701923076923078 0.39797008547008544 0.1310096153846154 0.39903846153846156
1 0.11959134615384616 0.44764957264957267 0.11658653846153846 0.4658119658119658 0.12349759615384616 0.46955128205128205 0.12289663461538461 0.4738247863247863 0.12650240384615385 0.47596153846153844 0.13401442307692307 0.4423076923076923 0.13371394230769232 0.4321581196581197 0.12319711538461539 0.4342948717948718
1 0.1141826923076923 0.483974358974359 0.11328125 0.5085470085470085 0.11598557692307693 0.5128205128205128 0.12139423076923077 0.5122863247863247 0.12349759615384616 0.5096153846153846 0.1240985576923077 0.5058760683760684 0.12560096153846154 0.4807692307692308 0.125 0.4732905982905983 0.1201923076923077 0.468482905982906 0.1162860576923077 0.46794871794871795
1 0.1123798076923077 0.5165598290598291 0.11177884615384616 0.5224358974358975 0.11658653846153846 0.5571581196581197 0.11959134615384616 0.5603632478632479 0.12319711538461539 0.5603632478632479 0.12770432692307693 0.5539529914529915 0.12830528846153846 0.5502136752136753 0.12469951923076923 0.5299145299145299 0.12349759615384616 0.5154914529914529 0.1180889423076923 0.5128205128205128 0.1141826923076923 0.5138888888888888
1 0.13161057692307693 0.5544871794871795 0.13131009615384615 0.563034188034188 0.13341346153846154 0.5715811965811965 0.1583533653846154 0.5646367521367521 0.1619591346153846 0.561965811965812 0.1640625 0.5571581196581197 0.16165865384615385 0.5432692307692307 0.15955528846153846 0.5416666666666666 0.1346153846153846 0.5496794871794872
1 0.16256009615384615 0.5357905982905983 0.1622596153846154 0.5432692307692307 0.16466346153846154 0.5550213675213675 0.17127403846153846 0.5534188034188035 0.18990384615384615 0.5400641025641025 0.19260817307692307 0.5363247863247863 0.1893028846153846 0.5186965811965812 0.1796875 0.5224358974358975
1 0.19290865384615385 0.5154914529914529 0.19110576923076922 0.5202991452991453 0.19290865384615385 0.5347222222222222 0.19441105769230768 0.5368589743589743 0.19951923076923078 0.5357905982905983 0.21724759615384615 0.5224358974358975 0.22115384615384615 0.5186965811965812 0.22145432692307693 0.5154914529914529 0.21724759615384615 0.500534188034188 0.2130408653846154 0.5016025641025641
1 0.21965144230769232 0.49893162393162394 0.21905048076923078 0.5048076923076923 0.22145432692307693 0.5154914529914529 0.22716346153846154 0.5170940170940171 0.24609375 0.5058760683760684 0.25 0.49786324786324787 0.24759615384615385 0.48824786324786323 0.24579326923076922 0.4855769230769231 0.24278846153846154 0.48504273504273504
1 0.24939903846153846 0.4813034188034188 0.24879807692307693 0.48824786324786323 0.25 0.4951923076923077 0.25450721153846156 0.49893162393162394 0.25841346153846156 0.4983974358974359 0.2764423076923077 0.4877136752136752 0.2785456730769231 0.484508547008547 0.27674278846153844 0.4716880341880342 0.2737379807692308 0.468482905982906 0.25210336538461536 0.4780982905982906
1 0.29507211538461536 0.4674145299145299 0.29477163461538464 0.4700854700854701 0.296875 0.4754273504273504 0.32091346153846156 0.47702991452991456 0.32211538461538464 0.4738247863247863 0.32181490384615385 0.4599358974358974 0.3194110576923077 0.45726495726495725 0.30318509615384615 0.4561965811965812 0.30018028846153844 0.452991452991453 0.2965745192307692 0.45726495726495725
1 0.32271634615384615 0.46153846153846156 0.32271634615384615 0.4716880341880342 0.3245192307692308 0.47702991452991456 0.3425480769230769 0.4797008547008547 0.3467548076923077 0.4797008547008547 0.34975961538461536 0.47702991452991456 0.3503605769230769 0.46314102564102566 0.34705528846153844 0.46047008547008544 0.32421875 0.4583333333333333
1 0.35096153846153844 0.46260683760683763 0.3506610576923077 0.47649572649572647 0.3524639423076923 0.4791666666666667 0.37680288461538464 0.4813034188034188 0.3786057692307692 0.4780982905982906 0.3780048076923077 0.4642094017094017 0.3762019230769231 0.4620726495726496 0.3551682692307692 0.45886752136752135
1 0.41075721153846156 0.46314102564102566 0.40865384615384615 0.4668803418803419 0.40865384615384615 0.4706196581196581 0.4110576923076923 0.47435897435897434 0.42908653846153844 0.4722222222222222 0.43209134615384615 0.4754273504273504 0.43569711538461536 0.4722222222222222 0.43689903846153844 0.46314102564102566 0.43569711538461536 0.4561965811965812 0.4209735576923077 0.45886752136752135
1 0.4375 0.4561965811965812 0.4371995192307692 0.4658119658119658 0.43900240384615385 0.47115384615384615 0.4456129807692308 0.4658119658119658 0.46274038461538464 0.4599358974358974 0.4609375 0.44925213675213677
1 0.46304086538461536 0.45032051282051283 0.46304086538461536 0.4594017094017094 0.46694711538461536 0.4599358974358974 0.48828125 0.44925213675213677 0.48647836538461536 0.44017094017094016 0.4834735576923077 0.43856837606837606
1 0.4873798076923077 0.4358974358974359 0.48647836538461536 0.43963675213675213 0.4885817307692308 0.44711538461538464 0.4909855769230769 0.45032051282051283 0.49459134615384615 0.4497863247863248 0.5096153846153846 0.42788461538461536 0.5072115384615384 0.421474358974359 0.5051081730769231 0.4204059829059829
1 0.4284855769230769 0.21794871794871795 0.42818509615384615 0.2232905982905983 0.43028846153846156 0.2280982905982906 0.4423076923076923 0.2377136752136752 0.44591346153846156 0.2387820512820513 0.44981971153846156 0.22863247863247863 0.4480168269230769 0.22382478632478633 0.43569711538461536 0.21047008547008547 0.4305889423076923 0.21153846153846154
1 0.4489182692307692 0.23130341880341881 0.44771634615384615 0.234508547008547 0.44771634615384615 0.24091880341880342 0.44981971153846156 0.24465811965811965 0.46304086538461536 0.2569444444444444 0.4675480769230769 0.2564102564102564 0.46935096153846156 0.24465811965811965 0.46724759615384615 0.23985042735042736 0.45462740384615385 0.22863247863247863 0.4519230769230769 0.2280982905982906
1 0.46935096153846156 0.24465811965811965 0.4678485576923077 0.25213675213675213 0.46544471153846156 0.2548076923076923 0.4657451923076923 0.25801282051282054 0.48046875 0.27564102564102566 0.48587740384615385 0.2761752136752137 0.48828125 0.26175213675213677 0.4807692307692308 0.25267094017094016 0.47055288461538464 0.24358974358974358
1 0.4870793269230769 0.26816239316239315 0.48677884615384615 0.2761752136752137 0.4885817307692308 0.2793803418803419 0.5045072115384616 0.2932692307692308 0.5090144230769231 0.28952991452991456 0.5096153846153846 0.27564102564102566 0.49368990384615385 0.26335470085470086 0.48888221153846156 0.26335470085470086
1 0.5213341346153846 0.2719017094017094 0.5210336538461539 0.2777777777777778 0.5225360576923077 0.28205128205128205 0.52734375 0.28205128205128205 0.5369591346153846 0.2761752136752137 0.5450721153846154 0.265491452991453 0.54296875 0.25587606837606836 0.5366586538461539 0.2553418803418803 0.5243389423076923 0.2644230769230769
1 0.5447716346153846 0.25213675213675213 0.5447716346153846 0.265491452991453 0.5465745192307693 0.2670940170940171 0.55078125 0.265491452991453 0.5655048076923077 0.2516025641025641 0.5646033653846154 0.2377136752136752 0.5603966346153846 0.23717948717948717
1 0.5658052884615384 0.23344017094017094 0.5661057692307693 0.24626068376068377 0.5673076923076923 0.24946581196581197 0.5688100961538461 0.24946581196581197 0.5835336538461539 0.24091880341880342 0.5865384615384616 0.23076923076923078 0.5844350961538461 0.22435897435897437 0.5814302884615384 0.22275641025641027
4 0.18389423076923078 0.24519230769230768 0.18329326923076922 0.25267094017094016 0.1853966346153846 0.2606837606837607 0.19260817307692307 0.26014957264957267 0.2091346153846154 0.2516025641025641 0.20793269230769232 0.2387820512820513 0.20612980769230768 0.23664529914529914 0.18900240384615385 0.24091880341880342
4 0.21003605769230768 0.23397435897435898 0.20823317307692307 0.2387820512820513 0.20973557692307693 0.2516025641025641 0.21063701923076922 0.25213675213675213 0.23016826923076922 0.24786324786324787 0.23467548076923078 0.24465811965811965 0.234375 0.23717948717948717 0.23046875 0.22863247863247863 0.21334134615384615 0.23076923076923078
4 0.23768028846153846 0.22702991452991453 0.23587740384615385 0.23023504273504272 0.2361778846153846 0.24145299145299146 0.23768028846153846 0.24465811965811965 0.2551081730769231 0.2419871794871795 0.2590144230769231 0.23931623931623933 0.26111778846153844 0.23397435897435898 0.25961538461538464 0.2248931623931624 0.2578125 0.2232905982905983
4 0.27493990384615385 0.21955128205128205 0.2746394230769231 0.22702991452991453 0.2770432692307692 0.23344017094017094 0.27914663461538464 0.234508547008547 0.29927884615384615 0.22008547008547008 0.296875 0.20993589743589744 0.29356971153846156 0.20566239316239315 0.27674278846153844 0.21581196581196582
4 0.3010817307692308 0.20085470085470086 0.3010817307692308 0.21367521367521367 0.30288461538461536 0.21741452991452992 0.32211538461538464 0.20993589743589744 0.3239182692307692 0.20619658119658119 0.3230168269230769 0.19604700854700854 0.3215144230769231 0.19284188034188035 0.3046875 0.19764957264957264
4 0.3245192307692308 0.19284188034188035 0.3251201923076923 0.20405982905982906 0.3272235576923077 0.2077991452991453 0.3464543269230769 0.20405982905982906 0.34825721153846156 0.20032051282051283 0.3473557692307692 0.18963675213675213 0.34525240384615385 0.1858974358974359 0.3278245192307692 0.18856837606837606
4 0.34945913461538464 0.18643162393162394 0.34975961538461536 0.19658119658119658 0.35216346153846156 0.202991452991453 0.36868990384615385 0.20192307692307693 0.37349759615384615 0.1997863247863248 0.37259615384615385 0.18643162393162394 0.3701923076923077 0.18322649572649571 0.35366586538461536 0.18322649572649571
4 0.37439903846153844 0.18482905982905984 0.3740985576923077 0.19391025641025642 0.37650240384615385 0.19818376068376067 0.3936298076923077 0.202991452991453 0.39663461538461536 0.1997863247863248 0.3957331730769231 0.18536324786324787 0.38070913461538464 0.18055555555555555 0.37650240384615385 0.18108974358974358
4 0.3972355769230769 0.18856837606837606 0.39663461538461536 0.1997863247863248 0.39783653846153844 0.20352564102564102 0.4149639423076923 0.21153846153846154 0.4182692307692308 0.21207264957264957 0.42007211538461536 0.2094017094017094 0.42007211538461536 0.19604700854700854 0.41736778846153844 0.19284188034188035 0.40444711538461536 0.1875
4 0.43810096153846156 0.2045940170940171 0.4378004807692308 0.20993589743589744 0.4426081730769231 0.2152777777777778 0.45643028846153844 0.21474358974358973 0.4609375 0.21047008547008547 0.46033653846153844 0.19925213675213677 0.45703125 0.19604700854700854 0.4411057692307692 0.19764957264957264 0.43900240384615385 0.19925213675213677
4 0.46544471153846156 0.202991452991453 0.46484375 0.21047008547008547 0.46664663461538464 0.21367521367521367 0.4846754807692308 0.21634615384615385 0.48677884615384615 0.21367521367521367 0.4879807692307692 0.20192307692307693 0.4870793269230769 0.19925213675213677 0.4840745192307692 0.19764957264957264 0.4690504807692308 0.19604700854700854 0.46634615384615385 0.1987179487179487
4 0.4879807692307692 0.20566239316239315 0.48768028846153844 0.21634615384615385 0.49008413461538464 0.21848290598290598 0.5087139423076923 0.2206196581196581 0.5105168269230769 0.21794871794871795 0.5108173076923077 0.20619658119658119 0.5090144230769231 0.20352564102564102 0.49008413461538464 0.2013888888888889
4 0.5114182692307693 0.20993589743589744 0.5111177884615384 0.21741452991452992 0.5132211538461539 0.2206196581196581 0.5294471153846154 0.22168803418803418 0.5333533653846154 0.21955128205128205 0.5336538461538461 0.2077991452991453 0.5324519230769231 0.2045940170940171 0.5147235576923077 0.20405982905982906 0.5129206730769231 0.20512820512820512
4 0.5342548076923077 0.20619658119658119 0.5339543269230769 0.21794871794871795 0.5354567307692307 0.22115384615384615 0.5540865384615384 0.2232905982905983 0.5567908653846154 0.22008547008547008 0.5570913461538461 0.2126068376068376 0.5549879807692307 0.20726495726495728 0.5396634615384616 0.20245726495726496 0.5363581730769231 0.202991452991453
4 0.55859375 0.2142094017094017 0.5582932692307693 0.22008547008547008 0.5603966346153846 0.22382478632478633 0.5760216346153846 0.22382478632478633 0.58203125 0.22008547008547008 0.5817307692307693 0.20993589743589744 0.578125 0.20566239316239315 0.5631009615384616 0.20512820512820512 0.5600961538461539 0.20726495726495728
4 0.6012620192307693 0.2152777777777778 0.5997596153846154 0.2206196581196581 0.6003605769230769 0.22702991452991453 0.6021634615384616 0.22916666666666666 0.6174879807692307 0.23183760683760685 0.6231971153846154 0.23023504273504272 0.6237980769230769 0.2168803418803419 0.6222956730769231 0.2152777777777778 0.6057692307692307 0.20993589743589744
4 0.6246995192307693 0.22275641025641027 0.6243990384615384 0.23076923076923078 0.6286057692307693 0.2329059829059829 0.6448317307692307 0.23344017094017094 0.6472355769230769 0.23237179487179488 0.6484375 0.22702991452991453 0.6475360576923077 0.2168803418803419 0.64453125 0.21581196581196582 0.6265024038461539 0.21581196581196582 0.6253004807692307 0.2168803418803419
4 0.6808894230769231 0.16025641025641027 0.6805889423076923 0.1655982905982906 0.6820913461538461 0.17254273504273504 0.6859975961538461 0.17147435897435898 0.6965144230769231 0.16452991452991453 0.7007211538461539 0.1543803418803419 0.7004206730769231 0.1485042735042735 0.6968149038461539 0.14476495726495728 0.6926081730769231 0.14636752136752137
4 0.7067307692307693 0.15384615384615385 0.70703125 0.16452991452991453 0.7271634615384616 0.17467948717948717 0.7301682692307693 0.16506410256410256 0.7298677884615384 0.1581196581196581 0.7283653846153846 0.15598290598290598 0.7136418269230769 0.14743589743589744 0.7094350961538461 0.14743589743589744
4 0.7292668269230769 0.17254273504273504 0.7289663461538461 0.1752136752136752 0.7307692307692307 0.17841880341880342 0.7475961538461539 0.1891025641025641 0.7515024038461539 0.18856837606837606 0.7536057692307693 0.18269230769230768 0.7530048076923077 0.1736111111111111 0.7379807692307693 0.16346153846153846 0.7322716346153846 0.16346153846153846
4 0.6613581730769231 0.2297008547008547 0.6502403846153846 0.24786324786324787 0.6517427884615384 0.25854700854700857 0.6535456730769231 0.26121794871794873 0.6577524038461539 0.25854700854700857 0.6685697115384616 0.24145299145299146 0.6682692307692307 0.23023504273504272
4 0.6310096153846154 0.25854700854700857 0.62890625 0.2622863247863248 0.62890625 0.266025641025641 0.6301081730769231 0.27297008547008544 0.6319110576923077 0.27564102564102566 0.6472355769230769 0.2686965811965812 0.6520432692307693 0.2622863247863248 0.6508413461538461 0.25267094017094016 0.6493389423076923 0.25106837606837606
4 0.6126802884615384 0.281517094017094 0.6108774038461539 0.2863247863247863 0.6162860576923077 0.2948717948717949 0.6274038461538461 0.2831196581196581 0.6301081730769231 0.2793803418803419 0.6307091346153846 0.27564102564102566 0.62890625 0.2692307692307692 0.6265024038461539 0.26655982905982906 0.6192908653846154 0.2719017094017094
4 0.5955528846153846 0.31036324786324787 0.5952524038461539 0.3141025641025641 0.5979567307692307 0.31997863247863245 0.6024639423076923 0.31997863247863245 0.6048677884615384 0.31677350427350426 0.6072716346153846 0.3071581196581197 0.6129807692307693 0.3002136752136752 0.6153846153846154 0.2932692307692308 0.6126802884615384 0.2857905982905983 0.6090745192307693 0.2863247863247863 0.5991586538461539 0.3002136752136752
4 0.5576923076923077 0.4081196581196581 0.5573918269230769 0.41452991452991456 0.5609975961538461 0.4155982905982906 0.5754206730769231 0.41185897435897434 0.5814302884615384 0.41399572649572647 0.5823317307692307 0.406517094017094 0.5808293269230769 0.40010683760683763 0.5775240384615384 0.39797008547008544 0.5594951923076923 0.4043803418803419
4 0.5300480769230769 0.4107905982905983 0.5297475961538461 0.4166666666666667 0.5315504807692307 0.4198717948717949 0.5537860576923077 0.4172008547008547 0.5561899038461539 0.41452991452991456 0.5567908653846154 0.4049145299145299 0.5540865384615384 0.39903846153846156 0.5441706730769231 0.40010683760683763 0.5321514423076923 0.4043803418803419
4 0.5120192307692307 0.4652777777777778 0.5120192307692307 0.47702991452991456 0.5210336538461539 0.4738247863247863 0.5261418269230769 0.43856837606837606 0.5186298076923077 0.43696581196581197 0.5138221153846154 0.45245726495726496
4 0.5087139423076923 0.5053418803418803 0.5081129807692307 0.5192307692307693 0.5126201923076923 0.5208333333333334 0.5177283653846154 0.5186965811965812 0.5216346153846154 0.49145299145299143 0.5216346153846154 0.48023504273504275 0.5201322115384616 0.4775641025641026 0.5153245192307693 0.47649572649572647 0.5120192307692307 0.48023504273504275 0.5102163461538461 0.5021367521367521
4 0.5947653245192307 0.4123899572649573 0.604 0.3858092948717949 0.6044399038461539 0.3791645299145299 0.6022409855769231 0.3744738247863248 0.599162860576923 0.3729102564102564 0.5927863581730769 0.3881549145299145 0.5890483774038462 0.4002724358974359 0.58794921875 0.4112174145299145
4 0.6055390625 0.3729102564102564 0.6116956129807692 0.35571100427350427 0.6130150240384615 0.3494567307692308 0.6132349759615384 0.34281143162393163 0.6083975360576923 0.34046634615384613 0.6046595552884615 0.34711111111111115 0.5976234975961539 0.36509241452991453 0.5958644831730769 0.3729102564102564 0.5960844350961538 0.3791645299145299 0.5987229567307693 0.37251923076923077 0.6033404447115385 0.3764278846153846
4 0.6631466346153847 0.22124412393162393 0.6712821514423077 0.19818162393162392 0.6715021033653846 0.1927094017094017 0.66578515625 0.18880021367521369 0.6589690504807693 0.20209081196581197 0.6565504807692307 0.21069017094017092 0.656110576923077 0.21772649572649572 0.6613876201923077 0.22124412393162393
4 0.6719417067307693 0.19427297008547006 0.6811766826923077 0.1782462606837607 0.6820561899038461 0.16925587606837605 0.6778783052884615 0.1641741452991453 0.6651256009615385 0.18215544871794873 0.6638064903846155 0.1899732905982906 0.6651256009615385 0.18919123931623932
2 0.11959134615384616 0.39155982905982906 0.11929086538461539 0.39476495726495725 0.12109375 0.39850427350427353 0.12590144230769232 0.4033119658119658 0.12800480769230768 0.40224358974358976 0.13671875 0.37286324786324787 0.13641826923076922 0.36538461538461536 0.13401442307692307 0.3627136752136752 0.12920673076923078 0.36378205128205127
2 0.1123798076923077 0.4182692307692308 0.11268028846153846 0.43162393162393164 0.11959134615384616 0.43482905982905984 0.125 0.4188034188034188 0.12650240384615385 0.40384615384615385 0.11989182692307693 0.39797008547008544 0.11658653846153846 0.3995726495726496
2 0.10126201923076923 0.5186965811965812 0.10216346153846154 0.5603632478632479 0.10967548076923077 0.5614316239316239 0.1141826923076923 0.5587606837606838 0.11508413461538461 0.5491452991452992 0.11117788461538461 0.5213675213675214 0.10967548076923077 0.5181623931623932
2 0.10877403846153846 0.5833333333333334 0.109375 0.5988247863247863 0.1123798076923077 0.6164529914529915 0.11568509615384616 0.6266025641025641 0.11989182692307693 0.6287393162393162 0.12620192307692307 0.6239316239316239 0.12800480769230768 0.6191239316239316 0.12049278846153846 0.5860042735042735 0.1171875 0.5817307692307693 0.11298076923076923 0.5801282051282052
2 0.18269230769230768 0.6971153846153846 0.18269230769230768 0.7019230769230769 0.1856971153846154 0.7077991452991453 0.20282451923076922 0.7259615384615384 0.20673076923076922 0.7280982905982906 0.2109375 0.7238247863247863 0.2130408653846154 0.7099358974358975 0.19681490384615385 0.6917735042735043 0.1893028846153846 0.686965811965812 0.18629807692307693 0.6875
2 0.21424278846153846 0.7200854700854701 0.21394230769230768 0.7307692307692307 0.21514423076923078 0.7329059829059829 0.23407451923076922 0.7419871794871795 0.23828125 0.7419871794871795 0.24368990384615385 0.7387820512820513 0.24579326923076922 0.7238247863247863 0.24759615384615385 0.7206196581196581 0.24338942307692307 0.7158119658119658 0.22115384615384615 0.7104700854700855 0.21604567307692307 0.7131410256410257
2 0.24489182692307693 0.7339743589743589 0.24489182692307693 0.7414529914529915 0.2478966346153846 0.7451923076923077 0.2734375 0.750534188034188 0.27584134615384615 0.7483974358974359 0.27734375 0.7307692307692307 0.27133413461538464 0.7264957264957265 0.2509014423076923 0.7200854700854701 0.24669471153846154 0.7222222222222222
2 0.27674278846153844 0.7339743589743589 0.27584134615384615 0.7451923076923077 0.2782451923076923 0.7510683760683761 0.3037860576923077 0.7532051282051282 0.3073918269230769 0.7516025641025641 0.3088942307692308 0.7478632478632479 0.3076923076923077 0.7313034188034188 0.3058894230769231 0.7297008547008547 0.2803485576923077 0.7291666666666666 0.2776442307692308 0.7307692307692307
2 0.3094951923076923 0.7280982905982906 0.30799278846153844 0.7313034188034188 0.31039663461538464 0.7483974358974359 0.33804086538461536 0.7387820512820513 0.34134615384615385 0.7345085470085471 0.33984375 0.718482905982906 0.3371394230769231 0.7158119658119658 0.3155048076923077 0.7238247863247863
2 0.34134615384615385 0.7136752136752137 0.3401442307692308 0.7174145299145299 0.34194711538461536 0.7270299145299145 0.3446514423076923 0.7313034188034188 0.3488581730769231 0.7313034188034188 0.37109375 0.718482905982906 0.3737980769230769 0.7131410256410257 0.37319711538461536 0.7056623931623932 0.37049278846153844 0.6971153846153846 0.3662860576923077 0.6955128205128205 0.34765625 0.7051282051282052
2 0.3954326923076923 0.4594017094017094 0.39513221153846156 0.4636752136752137 0.3975360576923077 0.468482905982906 0.40384615384615385 0.468482905982906 0.41796875 0.452991452991453 0.4209735576923077 0.44711538461538464 0.42127403846153844 0.4428418803418803 0.4182692307692308 0.4342948717948718 0.41466346153846156 0.4337606837606838 0.3993389423076923 0.4497863247863248
2 0.41796875 0.4284188034188034 0.4176682692307692 0.4321581196581197 0.4215745192307692 0.4428418803418803 0.42518028846153844 0.4423076923076923 0.4417067307692308 0.4284188034188034 0.44290865384615385 0.42094017094017094 0.4411057692307692 0.41346153846153844 0.4365985576923077 0.41239316239316237 0.4227764423076923 0.421474358974359
2 0.4423076923076923 0.40865384615384615 0.4423076923076923 0.4172008547008547 0.44381009615384615 0.422008547008547 0.4462139423076923 0.4230769230769231 0.46724759615384615 0.4075854700854701 0.46814903846153844 0.4033119658119658 0.4657451923076923 0.3942307692307692 0.4597355769230769 0.3920940170940171 0.4456129807692308 0.4027777777777778
2 0.46875 0.390491452991453 0.4690504807692308 0.4033119658119658 0.47055288461538464 0.40544871794871795 0.47415865384615385 0.40544871794871795 0.4918870192307692 0.3942307692307692 0.4933894230769231 0.391025641025641 0.4933894230769231 0.38514957264957267 0.4924879807692308 0.3803418803418803 0.48768028846153844 0.375 0.4738581730769231 0.3840811965811966
2 0.4996995192307692 0.36698717948717946 0.49939903846153844 0.3696581196581197 0.5015024038461539 0.37393162393162394 0.5051081730769231 0.37393162393162394 0.5069110576923077 0.3712606837606838 0.5120192307692307 0.3573717948717949 0.5132211538461539 0.3349358974358974 0.5051081730769231 0.33760683760683763 0.5042067307692307 0.34775641025641024
2 0.5081129807692307 0.38621794871794873 0.5078125 0.390491452991453 0.5102163461538461 0.39850427350427353 0.5189302884615384 0.4188034188034188 0.5231370192307693 0.421474358974359 0.5276442307692307 0.41773504273504275 0.5276442307692307 0.4075854700854701 0.5171274038461539 0.38354700854700857 0.5102163461538461 0.3814102564102564
2 0.5255408653846154 0.4567307692307692 0.5252403846153846 0.4716880341880342 0.5297475961538461 0.4732905982905983 0.5336538461538461 0.4706196581196581 0.5378605769230769 0.4497863247863248 0.5378605769230769 0.4375 0.5345552884615384 0.43482905982905984 0.5303485576923077 0.43643162393162394 0.5288461538461539 0.4391025641025641
2 0.5204326923076923 0.5085470085470085 0.5207331730769231 0.5154914529914529 0.5228365384615384 0.5181623931623932 0.5294471153846154 0.5181623931623932 0.5309495192307693 0.5154914529914529 0.5327524038461539 0.49786324786324787 0.53515625 0.4877136752136752 0.5354567307692307 0.4775641025641026 0.5336538461538461 0.4722222222222222 0.5270432692307693 0.47489316239316237 0.5255408653846154 0.4780982905982906
2 0.5288461538461539 0.5299145299145299 0.5285456730769231 0.5405982905982906 0.5324519230769231 0.5662393162393162 0.5345552884615384 0.5721153846153846 0.5402644230769231 0.5747863247863247 0.5438701923076923 0.5683760683760684 0.5435697115384616 0.5598290598290598 0.5375600961538461 0.532051282051282 0.5360576923076923 0.5283119658119658 0.5336538461538461 0.5272435897435898
2 0.5378605769230769 0.5758547008547008 0.5369591346153846 0.5849358974358975 0.5432692307692307 0.6121794871794872 0.54296875 0.6159188034188035 0.5474759615384616 0.6169871794871795 0.5510817307692307 0.6153846153846154 0.5525841346153846 0.6132478632478633 0.5537860576923077 0.6057692307692307 0.5480769230769231 0.5779914529914529 0.5432692307692307 0.563034188034188 0.5411658653846154 0.5710470085470085
2 0.5594951923076923 0.6298076923076923 0.5588942307692307 0.6340811965811965 0.5600961538461539 0.6372863247863247 0.5778245192307693 0.6581196581196581 0.5847355769230769 0.657051282051282 0.5862379807692307 0.6543803418803419 0.5874399038461539 0.6479700854700855 0.5862379807692307 0.6410256410256411 0.5709134615384616 0.6212606837606838 0.5676081730769231 0.6185897435897436 0.5637019230769231 0.6191239316239316
2 0.5985576923076923 0.6634615384615384 0.5988581730769231 0.6709401709401709 0.6012620192307693 0.6752136752136753 0.6069711538461539 0.6757478632478633 0.6286057692307693 0.6645299145299145 0.6298076923076923 0.6618589743589743 0.6295072115384616 0.6538461538461539 0.6283052884615384 0.6469017094017094 0.6228966346153846 0.6452991452991453 0.6057692307692307 0.6522435897435898 0.6012620192307693 0.656517094017094
2 0.6298076923076923 0.6442307692307693 0.6307091346153846 0.6581196581196581 0.6346153846153846 0.6597222222222222 0.6496394230769231 0.6517094017094017 0.6559495192307693 0.6458333333333334 0.6583533653846154 0.6426282051282052 0.6598557692307693 0.6335470085470085 0.6574519230769231 0.6276709401709402 0.6541466346153846 0.625 0.6337139423076923 0.6367521367521367 0.6307091346153846 0.6404914529914529
2 0.6805889423076923 0.6324786324786325 0.6808894230769231 0.6388888888888888 0.68359375 0.6442307692307693 0.6862980769230769 0.6458333333333334 0.6902043269230769 0.6436965811965812 0.7073317307692307 0.6191239316239316 0.7055288461538461 0.6063034188034188 0.703125 0.6041666666666666 0.69921875 0.6057692307692307 0.6847956730769231 0.6228632478632479
2 0.7061298076923077 0.6020299145299145 0.7058293269230769 0.6057692307692307 0.7082331730769231 0.6164529914529915 0.7145432692307693 0.6159188034188035 0.7313701923076923 0.6030982905982906 0.7337740384615384 0.5982905982905983 0.7334735576923077 0.5849358974358975 0.7319711538461539 0.5827991452991453 0.7253605769230769 0.5849358974358975 0.7115384615384616 0.594551282051282
2 0.7355769230769231 0.5790598290598291 0.7340745192307693 0.5811965811965812 0.734375 0.593482905982906 0.7367788461538461 0.5988247863247863 0.7620192307692307 0.5950854700854701 0.7641225961538461 0.5822649572649573 0.7638221153846154 0.5779914529914529 0.7605168269230769 0.5753205128205128 0.73828125 0.5769230769230769
2 0.7641225961538461 0.5876068376068376 0.7638221153846154 0.5918803418803419 0.7653245192307693 0.5956196581196581 0.7902644230769231 0.6073717948717948 0.7932692307692307 0.6079059829059829 0.7965745192307693 0.5956196581196581 0.7962740384615384 0.5902777777777778 0.7932692307692307 0.5860042735042735 0.7827524038461539 0.5822649572649573 0.7728365384615384 0.5758547008547008 0.7674278846153846 0.5774572649572649
2 0.7965745192307693 0.5988247863247863 0.7950721153846154 0.6084401709401709 0.796875 0.6127136752136753 0.8209134615384616 0.6308760683760684 0.8263221153846154 0.6196581196581197 0.8215144230769231 0.6057692307692307 0.8067908653846154 0.5950854700854701 0.8001802884615384 0.592948717948718
2 0.8236177884615384 0.6266025641025641 0.8233173076923077 0.6335470085470085 0.8278245192307693 0.6404914529914529 0.8488581730769231 0.6613247863247863 0.8524639423076923 0.6581196581196581 0.85546875 0.6506410256410257 0.8551682692307693 0.6447649572649573 0.8521634615384616 0.6351495726495726 0.83203125 0.6191239316239316 0.828125 0.6185897435897436
2 0.8395432692307693 0.5918803418803419 0.8368389423076923 0.5982905982905983 0.8383413461538461 0.6041666666666666 0.8542668269230769 0.6298076923076923 0.8596754807692307 0.6324786324786325 0.8635817307692307 0.6292735042735043 0.8668870192307693 0.6180555555555556 0.8653846153846154 0.6121794871794872 0.8458533653846154 0.5844017094017094 0.8431490384615384 0.5849358974358975
2 0.8161057692307693 0.5592948717948718 0.8167067307692307 0.5678418803418803 0.82421875 0.5833333333333334 0.8332331730769231 0.5966880341880342 0.8374399038461539 0.5966880341880342 0.8422475961538461 0.5849358974358975 0.8422475961538461 0.5811965811965812 0.8389423076923077 0.5742521367521367 0.8245192307692307 0.5496794871794872 0.8209134615384616 0.5512820512820513
2 0.7989783653846154 0.5154914529914529 0.7995793269230769 0.5235042735042735 0.8034855769230769 0.5368589743589743 0.8109975961538461 0.5528846153846154 0.8140024038461539 0.5555555555555556 0.8176081730769231 0.5555555555555556 0.8215144230769231 0.5502136752136753 0.8224158653846154 0.5459401709401709 0.8215144230769231 0.5373931623931624 0.8103966346153846 0.5085470085470085 0.8070913461538461 0.5064102564102564 0.8040865384615384 0.5074786324786325 0.8016826923076923 0.5133547008547008
2 0.7848557692307693 0.4791666666666667 0.78515625 0.48344017094017094 0.7932692307692307 0.5106837606837606 0.7965745192307693 0.5144230769230769 0.8010817307692307 0.5133547008547008 0.8040865384615384 0.5053418803418803 0.8040865384615384 0.5021367521367521 0.7971754807692307 0.47115384615384615 0.7899639423076923 0.4674145299145299
2 0.7785456730769231 0.44711538461538464 0.7782451923076923 0.453525641025641 0.7794471153846154 0.45726495726495725 0.7881610576923077 0.45726495726495725 0.7935697115384616 0.42254273504273504 0.79296875 0.4166666666666667 0.7887620192307693 0.4155982905982906 0.7842548076923077 0.4188034188034188
2 0.7545072115384616 0.4091880341880342 0.7542067307692307 0.41452991452991456 0.7557091346153846 0.41613247863247865 0.7755408653846154 0.4252136752136752 0.7797475961538461 0.42574786324786323 0.7824519230769231 0.4188034188034188 0.7827524038461539 0.40705128205128205 0.7818509615384616 0.40544871794871795 0.7713341346153846 0.40064102564102566 0.7587139423076923 0.39850427350427353 0.7569110576923077 0.40064102564102566
2 0.71588671875 0.3551068376068376 0.7287046274038461 0.38359134615384616 0.7357548076923077 0.3794134615384615 0.737463641826923 0.3661207264957265 0.7242184495192308 0.34105448717948716 0.7201592548076923 0.3406746794871795 0.7165276442307692 0.3516885683760684
2 0.7139639423076923 0.35054914529914527 0.7024278846153845 0.3277617521367522 0.7030688100961539 0.31674786324786325 0.7090504807692307 0.3118103632478632 0.721868389423077 0.3372564102564103 0.72208203125 0.3399150641025641 0.7201592548076923 0.34143429487179483 0.7161003605769231 0.3528279914529915 0.7124684495192307 0.35130876068376066
2 0.5134224759615384 0.3376981837606838 0.5196583533653846 0.3138205128205128 0.5178996394230769 0.3033028846153846 0.5134224759615384 0.3024503205128205 0.5076661658653846 0.32092681623931624 0.505907451923077 0.3274647435897436 0.5038287259615385 0.3374139957264957 0.5047881610576923 0.3376981837606838
2 0.13654957932692308 0.6716575854700855 0.15634825721153847 0.7010496794871794 0.1655330528846154 0.6916153846153846 0.16328786057692307 0.6803664529914529 0.1443055889423077 0.6531517094017094 0.13818239182692307 0.6582318376068377
2 0.13532481971153845 0.6629492521367522 0.12062890624999999 0.6411773504273505 0.11899609375 0.6302916666666667 0.12450691105769231 0.6255742521367521 0.14226472355769232 0.64952297008547 0.14491796875 0.6524262820512821 0.13818239182692307 0.6582318376068377 0.13593719951923078 0.6665774572649573
2 0.10062620192307693 0.5149011752136752 0.0987890625 0.5072809829059829 0.10470853365384616 0.47135790598290594 0.11042337740384614 0.4724465811965812 0.11328094951923078 0.4775267094017094 0.11103575721153845 0.5105470085470085 0.11001532451923077 0.5156271367521368
2 0.1143016826923077 0.47135790598290594 0.1200165264423077 0.43579754273504273 0.1167509014423077 0.43325747863247865 0.11164813701923076 0.43253151709401705 0.11062770432692307 0.4343461538461538 0.10879056490384616 0.44015170940170945 0.10430018028846154 0.46881784188034187 0.10532061298076924 0.4717206196581197 0.10756580528846153 0.47135790598290594 0.11205649038461538 0.4738979700854701
0 0.2800480769230769 0.5010683760683761 0.27974759615384615 0.5090811965811965 0.28064903846153844 0.5106837606837606 0.28695913461538464 0.5128205128205128 0.28966346153846156 0.5101495726495726 0.29537259615384615 0.4813034188034188 0.29537259615384615 0.47649572649572647 0.2932692307692308 0.47115384615384615 0.28725961538461536 0.4732905982905983 0.2854567307692308 0.47596153846153844
0 0.2707331730769231 0.5411324786324786 0.2686298076923077 0.5544871794871795 0.2725360576923077 0.561965811965812 0.2761418269230769 0.5614316239316239 0.2803485576923077 0.5550213675213675 0.28665865384615385 0.5325854700854701 0.2887620192307692 0.5149572649572649 0.28665865384615385 0.5117521367521367 0.27944711538461536 0.5122863247863247
0 0.24549278846153846 0.5779914529914529 0.24459134615384615 0.5886752136752137 0.24729567307692307 0.5956196581196581 0.25180288461538464 0.5977564102564102 0.2704326923076923 0.5742521367521367 0.2734375 0.5667735042735043 0.26893028846153844 0.5555555555555556 0.2653245192307692 0.5550213675213675
0 0.19921875 0.6073717948717948 0.1974158653846154 0.6196581196581197 0.19951923076923078 0.624465811965812 0.20342548076923078 0.624465811965812 0.22746394230769232 0.6127136752136753 0.23076923076923078 0.6089743589743589 0.23076923076923078 0.6020299145299145 0.22746394230769232 0.5918803418803419 0.22385817307692307 0.5913461538461539 0.20222355769230768 0.6020299145299145
0 0.17638221153846154 0.6549145299145299 0.17578125 0.6629273504273504 0.1775841346153846 0.6677350427350427 0.18209134615384615 0.6709401709401709 0.1856971153846154 0.6698717948717948 0.18900240384615385 0.6645299145299145 0.19981971153846154 0.6367521367521367 0.2013221153846154 0.6308760683760684 0.20072115384615385 0.6266025641025641 0.19591346153846154 0.6201923076923077 0.19170673076923078 0.6201923076923077
0 0.18479567307692307 0.6730769230769231 0.1853966346153846 0.6826923076923077 0.18900240384615385 0.6864316239316239 0.21033653846153846 0.6784188034188035 0.2169471153846154 0.6714743589743589 0.21634615384615385 0.6575854700854701 0.21153846153846154 0.655448717948718 0.19681490384615385 0.6607905982905983 0.1893028846153846 0.6655982905982906
0 0.2166466346153846 0.6634615384615384 0.21634615384615385 0.6714743589743589 0.22025240384615385 0.6746794871794872 0.24549278846153846 0.6720085470085471 0.24939903846153846 0.6682692307692307 0.24969951923076922 0.657051282051282 0.2481971153846154 0.6522435897435898 0.24519230769230768 0.6506410256410257 0.2244591346153846 0.6533119658119658 0.2169471153846154 0.6575854700854701
0 0.25600961538461536 0.6543803418803419 0.2551081730769231 0.6677350427350427 0.25841346153846156 0.6698717948717948 0.28125 0.6730769230769231 0.2839543269230769 0.6714743589743589 0.28725961538461536 0.6634615384615384 0.2863581730769231 0.656517094017094 0.27974759615384615 0.6501068376068376 0.25961538461538464 0.6479700854700855
0 0.2965745192307692 0.6511752136752137 0.29627403846153844 0.6581196581196581 0.2977764423076923 0.6613247863247863 0.3058894230769231 0.6629273504273504 0.3233173076923077 0.6479700854700855 0.3290264423076923 0.6394230769230769 0.3251201923076923 0.6271367521367521 0.32091346153846156 0.624465811965812 0.29867788461538464 0.6431623931623932
0 0.3284254807692308 0.6233974358974359 0.328125 0.6298076923076923 0.33022836538461536 0.6383547008547008 0.3350360576923077 0.6399572649572649 0.35606971153846156 0.6196581196581197 0.35757211538461536 0.6159188034188035 0.35697115384615385 0.6095085470085471 0.3551682692307692 0.6020299145299145 0.3503605769230769 0.6020299145299145 0.33804086538461536 0.6116452991452992
0 0.35486778846153844 0.6009615384615384 0.35757211538461536 0.6143162393162394 0.3584735576923077 0.6159188034188035 0.36268028846153844 0.6153846153846154 0.38221153846153844 0.5988247863247863 0.38431490384615385 0.5956196581196581 0.38461538461538464 0.5870726495726496 0.38131009615384615 0.5801282051282052 0.3762019230769231 0.5795940170940171 0.35877403846153844 0.5950854700854701
0 0.5285456730769231 0.42467948717948717 0.5294471153846154 0.43482905982905984 0.5345552884615384 0.43536324786324787 0.5399639423076923 0.4407051282051282 0.5543870192307693 0.43322649572649574 0.5552884615384616 0.42094017094017094 0.5537860576923077 0.4172008547008547 0.5324519230769231 0.4188034188034188 0.5294471153846154 0.4204059829059829
0 0.5555889423076923 0.41933760683760685 0.5552884615384616 0.4321581196581197 0.5567908653846154 0.4337606837606838 0.5736177884615384 0.43162393162393164 0.578125 0.43002136752136755 0.5802283653846154 0.42574786324786323 0.5799278846153846 0.41452991452991456 0.5745192307692307 0.4113247863247863 0.5582932692307693 0.4155982905982906
0 0.5603966346153846 0.5801282051282052 0.5546875 0.5982905982905983 0.5546875 0.6020299145299145 0.5606971153846154 0.6073717948717948 0.5637019230769231 0.6057692307692307 0.5679086538461539 0.5956196581196581 0.5730168269230769 0.5779914529914529 0.5745192307692307 0.5641025641025641 0.5712139423076923 0.5608974358974359 0.5676081730769231 0.5614316239316239
0 0.5691105769230769 0.5496794871794872 0.5676081730769231 0.5608974358974359 0.5715144230769231 0.5614316239316239 0.5745192307692307 0.5646367521367521 0.5775240384615384 0.5592948717948718 0.5868389423076923 0.532051282051282 0.5868389423076923 0.5267094017094017 0.5853365384615384 0.5219017094017094 0.5814302884615384 0.5197649572649573 0.578125 0.5235042735042735
0 0.5847355769230769 0.46794871794871795 0.5814302884615384 0.5016025641025641 0.5850360576923077 0.5048076923076923 0.5892427884615384 0.5048076923076923 0.5919471153846154 0.49786324786324787 0.59375 0.47115384615384615 0.5919471153846154 0.45566239316239315 0.58984375 0.46153846153846156
0 0.5847355769230769 0.43803418803418803 0.5850360576923077 0.4642094017094017 0.5877403846153846 0.4658119658119658 0.5925480769230769 0.4642094017094017 0.5940504807692307 0.44017094017094016 0.5934495192307693 0.42574786324786323 0.5883413461538461 0.4252136752136752 0.5859375 0.42788461538461536
0 0.5949519230769231 0.4305555555555556 0.5958533653846154 0.44337606837606836 0.6156850961538461 0.44764957264957267 0.6201923076923077 0.44497863247863245 0.6204927884615384 0.43162393162393164 0.6171875 0.42788461538461536 0.5985576923076923 0.42414529914529914 0.5958533653846154 0.4252136752136752
0 0.6222956730769231 0.43856837606837606 0.6219951923076923 0.4439102564102564 0.6234975961538461 0.4465811965811966 0.6439302884615384 0.45085470085470086 0.6490384615384616 0.44925213675213677 0.6502403846153846 0.4391025641025641 0.6484375 0.4310897435897436 0.6325120192307693 0.42788461538461536 0.6243990384615384 0.42948717948717946
0 0.6661658653846154 0.42788461538461536 0.6661658653846154 0.43482905982905984 0.671875 0.43856837606837606 0.6853966346153846 0.42574786324786323 0.6896033653846154 0.41773504273504275 0.6896033653846154 0.41452991452991456 0.6856971153846154 0.4075854700854701 0.6820913461538461 0.40865384615384615 0.6709735576923077 0.4182692307692308
0 0.6868990384615384 0.40064102564102566 0.6853966346153846 0.4043803418803419 0.6859975961538461 0.4075854700854701 0.6929086538461539 0.41399572649572647 0.7088341346153846 0.4049145299145299 0.7109375 0.40064102564102566 0.7112379807692307 0.3926282051282051 0.7091346153846154 0.3888888888888889 0.7058293269230769 0.3872863247863248 0.6896033653846154 0.3969017094017094
0 0.7127403846153846 0.390491452991453 0.7124399038461539 0.40064102564102566 0.7166466346153846 0.40384615384615385 0.73828125 0.4027777777777778 0.7409855769230769 0.3974358974358974 0.7412860576923077 0.390491452991453 0.7376802884615384 0.38301282051282054 0.7169471153846154 0.3840811965811966
0 0.7587139423076923 0.2847222222222222 0.7575120192307693 0.28952991452991456 0.7662259615384616 0.32051282051282054 0.7683293269230769 0.32211538461538464 0.7740384615384616 0.32104700854700857 0.7758413461538461 0.3173076923076923 0.7758413461538461 0.30822649572649574 0.7689302884615384 0.2863247863247863 0.765625 0.28205128205128205
0 0.7493990384615384 0.2548076923076923 0.7481971153846154 0.2638888888888889 0.7551081730769231 0.2863247863247863 0.7584134615384616 0.28952991452991456 0.76171875 0.28846153846153844 0.7653245192307693 0.2825854700854701 0.7575120192307693 0.25427350427350426 0.7563100961538461 0.2516025641025641 0.7536057692307693 0.25053418803418803 0.7509014423076923 0.2516025641025641
0 0.7238581730769231 0.265491452991453 0.7235576923076923 0.26816239316239315 0.7202524038461539 0.2724358974358974 0.7247596153846154 0.27564102564102566 0.7235576923076923 0.2831196581196581 0.7313701923076923 0.27564102564102566 0.7376802884615384 0.265491452991453 0.7391826923076923 0.26121794871794873 0.73828125 0.2516025641025641 0.7337740384615384 0.24946581196581197
0 0.6691706730769231 0.22702991452991453 0.6691706730769231 0.2403846153846154 0.6730769230769231 0.2516025641025641 0.6784855769230769 0.2606837606837607 0.6829927884615384 0.25587606837606836 0.6826923076923077 0.24145299145299146 0.6772836538461539 0.22382478632478633 0.6754807692307693 0.22115384615384615 0.6715745192307693 0.22168803418803418
0 0.6772836538461539 0.25747863247863245 0.6778846153846154 0.27297008547008544 0.6853966346153846 0.2905982905982906 0.6905048076923077 0.2916666666666667 0.6962139423076923 0.28685897435897434 0.6959134615384616 0.2793803418803419 0.6935096153846154 0.2724358974358974 0.6853966346153846 0.25801282051282054 0.6823918269230769 0.2537393162393162
0 0.7062737379807692 0.30288247863247864 0.7247665264423078 0.28399572649572646 0.7239795673076923 0.2752521367521368 0.7200450721153846 0.27105502136752135 0.7033227163461538 0.28609455128205125 0.7009618389423077 0.29483814102564104
0 0.7564408052884615 0.39836378205128203 0.7670643028846154 0.3724823717948718 0.7674579326923077 0.3602409188034188 0.7633263221153845 0.3570934829059829 0.7586048677884616 0.3672361111111111 0.7513257211538461 0.3847232905982906 0.7493581730769231 0.392417735042735
0 0.7704086538461539 0.36653632478632475 0.7778846153846154 0.34450213675213676 0.7780814302884616 0.33331036324786323 0.7723762019230769 0.329463141025641 0.7623428485576924 0.3553445512820513 0.7650970552884615 0.3553445512820513 0.7680480769230769 0.36198985042735043 0.76844140625 0.3661869658119658