3 0.2854567307692308 0.5721153846153846 0.28575721153846156 0.5844017094017094 0.2887620192307692 0.5897435897435898 0.30799278846153844 0.5977564102564102 0.31189903846153844 0.5977564102564102 0.31430288461538464 0.5950854700854701 0.3152043269230769 0.5811965811965812 0.3115985576923077 0.5758547008547008 0.2932692307692308 0.5662393162393162 0.2881610576923077 0.5673076923076923
3 0.3161057692307692 0.5811965811965812 0.31580528846153844 0.5950854700854701 0.3194110576923077 0.5982905982905983 0.33984375 0.6047008547008547 0.34435096153846156 0.6025641025641025 0.3446514423076923 0.5860042735042735 0.34194711538461536 0.5817307692307693 0.3215144230769231 0.5763888888888888 0.3176081730769231 0.5769230769230769
3 0.3464543269230769 0.5913461538461539 0.34615384615384615 0.6025641025641025 0.34765625 0.6047008547008547 0.35757211538461536 0.6036324786324786 0.3644831730769231 0.6121794871794872 0.3683894230769231 0.6143162393162394 0.37349759615384615 0.6137820512820513 0.37650240384615385 0.6079059829059829 0.37710336538461536 0.5988247863247863 0.3746995192307692 0.592948717948718 0.37259615384615385 0.5913461538461539 0.3527644230769231 0.5849358974358975 0.3488581730769231 0.5854700854700855
3 0.3792067307692308 0.592948717948718 0.37890625 0.5988247863247863 0.38131009615384615 0.6025641025641025 0.38731971153846156 0.6030982905982906 0.38912259615384615 0.6009615384615384 0.390625 0.5956196581196581 0.39212740384615385 0.5758547008547008 0.39212740384615385 0.5662393162393162 0.390625 0.5592948717948718 0.3816105769230769 0.5641025641025641
3 0.3798076923076923 0.5475427350427351 0.3798076923076923 0.5614316239316239 0.38341346153846156 0.5625 0.3903245192307692 0.5603632478632479 0.39242788461538464 0.5224358974358975 0.38912259615384615 0.5186965811965812 0.38822115384615385 0.5144230769230769 0.3858173076923077 0.5144230769230769 0.3831129807692308 0.5181623931623932
3 0.4071514423076923 0.4358974358974359 0.40685096153846156 0.44551282051282054 0.4110576923076923 0.44871794871794873 0.43118990384615385 0.44871794871794873 0.4338942307692308 0.44604700854700857 0.4326923076923077 0.4326923076923077 0.4287860576923077 0.4284188034188034 0.4159254807692308 0.42788461538461536 0.4113581730769231 0.4230769230769231
3 0.4375 0.42895299145299143 0.4371995192307692 0.4412393162393162 0.4387019230769231 0.44711538461538464 0.46033653846153844 0.4439102564102564 0.46334134615384615 0.44017094017094016 0.46304086538461536 0.4310897435897436 0.4600360576923077 0.4236111111111111 0.43900240384615385 0.42467948717948717
3 0.46424278846153844 0.42414529914529914 0.4639423076923077 0.4391025641025641 0.46634615384615385 0.4428418803418803 0.48497596153846156 0.4391025641025641 0.4891826923076923 0.43482905982905984 0.48888221153846156 0.4236111111111111 0.48497596153846156 0.4188034188034188 0.47055288461538464 0.42094017094017094
3 0.4909855769230769 0.422008547008547 0.49068509615384615 0.43536324786324787 0.49789663461538464 0.4358974358974359 0.5096153846153846 0.4252136752136752 0.5150240384615384 0.4107905982905983 0.5120192307692307 0.40544871794871795 0.5084134615384616 0.40384615384615385 0.49429086538461536 0.4166666666666667
3 0.4972956730769231 0.3696581196581197 0.4972956730769231 0.38087606837606836 0.4987980769230769 0.390491452991453 0.5045072115384616 0.39476495726495725 0.5081129807692307 0.4011752136752137 0.5132211538461539 0.4033119658119658 0.5141225961538461 0.4011752136752137 0.5135216346153846 0.3936965811965812 0.5066105769230769 0.3696581196581197 0.5024038461538461 0.36698717948717946
3 0.35787259615384615 0.39850427350427353 0.3566706730769231 0.4043803418803419 0.359375 0.40705128205128205 0.37289663461538464 0.40865384615384615 0.3798076923076923 0.41346153846153844 0.3819110576923077 0.4113247863247863 0.3825120192307692 0.4081196581196581 0.3801081730769231 0.39903846153846156 0.3635817307692308 0.3958333333333333 0.35877403846153844 0.39636752136752135
3 0.3311298076923077 0.390491452991453 0.32992788461538464 0.3974358974358974 0.3317307692307692 0.3995726495726496 0.3446514423076923 0.4027777777777778 0.35216346153846156 0.4075854700854701 0.35697115384615385 0.40384615384615385 0.35697115384615385 0.39476495726495725 0.35396634615384615 0.39155982905982906
3 0.3058894230769231 0.38675213675213677 0.3055889423076923 0.38995726495726496 0.30709134615384615 0.3942307692307692 0.32662259615384615 0.39903846153846156 0.3311298076923077 0.3974358974358974 0.33052884615384615 0.3936965811965812 0.33263221153846156 0.390491452991453 0.328125 0.38621794871794873 0.3176081730769231 0.38301282051282054
3 0.30318509615384615 0.37446581196581197 0.30318509615384615 0.38247863247863245 0.3058894230769231 0.38782051282051283 0.3073918269230769 0.3888888888888889 0.31310096153846156 0.3856837606837607 0.3176081730769231 0.38087606837606836 0.32241586538461536 0.3696581196581197 0.3245192307692308 0.3611111111111111 0.3176081730769231 0.3541666666666667 0.30618990384615385 0.36752136752136755
3 0.5087139423076923 0.3557692307692308 0.5075120192307693 0.36217948717948717 0.5084134615384616 0.3643162393162393 0.5189302884615384 0.36752136752136755 0.5303485576923077 0.35523504273504275 0.5294471153846154 0.3488247863247863 0.5258413461538461 0.3424145299145299 0.5153245192307693 0.3488247863247863
3 0.5294471153846154 0.33814102564102566 0.52734375 0.34294871794871795 0.5297475961538461 0.3450854700854701 0.5306490384615384 0.3525641025641026 0.5330528846153846 0.35363247863247865 0.5462740384615384 0.343482905982906 0.5474759615384616 0.33386752136752135 0.5465745192307693 0.3295940170940171 0.5432692307692307 0.328525641025641
3 0.5477764423076923 0.32585470085470086 0.5477764423076923 0.33814102564102566 0.5495793269230769 0.3418803418803419 0.5679086538461539 0.34294871794871795 0.5709134615384616 0.3386752136752137 0.5712139423076923 0.328525641025641 0.5688100961538461 0.32532051282051283 0.5522836538461539 0.32264957264957267
3 0.5721153846153846 0.32745726495726496 0.5718149038461539 0.3418803418803419 0.5745192307692307 0.344017094017094 0.5925480769230769 0.3472222222222222 0.5961538461538461 0.3402777777777778 0.5955528846153846 0.3317307692307692 0.5919471153846154 0.327991452991453 0.5787259615384616 0.32585470085470086
3 0.6042668269230769 0.32371794871794873 0.6048677884615384 0.33386752136752135 0.6090745192307693 0.33653846153846156 0.61328125 0.3327991452991453 0.6262019230769231 0.328525641025641 0.6277043269230769 0.32104700854700857 0.6253004807692307 0.31356837606837606 0.6219951923076923 0.3125 0.609375 0.3157051282051282 0.6060697115384616 0.3189102564102564
3 0.6265024038461539 0.31356837606837606 0.6283052884615384 0.32585470085470086 0.6301081730769231 0.327991452991453 0.6436298076923077 0.32585470085470086 0.6478365384615384 0.32425213675213677 0.6487379807692307 0.3215811965811966 0.6478365384615384 0.31036324786324787 0.6442307692307693 0.3071581196581197 0.6295072115384616 0.30982905982905984
3 0.6520432692307693 0.31303418803418803 0.6517427884615384 0.3215811965811966 0.6544471153846154 0.32532051282051283 0.6724759615384616 0.3263888888888889 0.6748798076923077 0.32371794871794873 0.6754807692307693 0.31997863247863245 0.6751802884615384 0.31196581196581197 0.6721754807692307 0.30822649572649574 0.6544471153846154 0.3076923076923077
3 0.3929534254807692 0.5042077991452991 0.3955880408653846 0.47025 0.3941391225961538 0.46322435897435893 0.3903188100961538 0.46088247863247866 0.3870255408653846 0.46088247863247866 0.3857082331730769 0.4676741452991453 0.3843909254807692 0.4824278846153846 0.3822833533653846 0.5006949786324787 0.38491796875 0.5053787393162393 0.3908458533653846 0.5060811965811965
3 0.39387560096153845 0.4620534188034188 0.3949293870192308 0.4400400641025641 0.39282181490384616 0.429267094017094 0.3866304086538461 0.42903311965811963 0.3855766225961539 0.4388691239316239 0.3845225360576923 0.4695475427350428 0.3866304086538461 0.46275641025641023
3 0.3263975360576923 0.360036858974359 0.3389909855769231 0.34153258547008547 0.33744891826923074 0.32942467948717946 0.33385096153846155 0.3259978632478633 0.33179477163461535 0.3259978632478633 0.3180450721153846 0.3470154914529915 0.3180450721153846 0.35249786324786325 0.32164302884615387 0.3568386752136752 0.32382752403846154 0.3620929487179487
3 0.33950510817307694 0.33787713675213676 0.3528692908653846 0.3164027777777778 0.3519696514423077 0.30612286324786325 0.34760066105769233 0.30246741452991455 0.3458016826923077 0.301553952991453 0.3339792668269231 0.3216575854700855 0.3326944110576923 0.3259978632478633 0.3365492788461539 0.32805395299145296 0.3382199519230769 0.3355929487179487
3 0.69011328125 0.3173872863247863 0.69360546875 0.32266399572649573 0.6960498798076924 0.3156800213675214 0.7115021033653846 0.3049711538461538 0.7110655048076923 0.298142094017094 0.7084465144230769 0.29426228632478635 0.6932563100961538 0.3063680555555555
3 0.7132481971153847 0.3032638888888889 0.7256448317307692 0.2903819444444445 0.7247719350961539 0.2827772435897436 0.7214543269230769 0.2796730769230769 0.7075736177884615 0.2927099358974359 0.7096688701923076 0.29612446581196583 0.7115021033653846 0.30248771367521365 0.7115021033653846 0.3040400641025641
2 0.14122596153846154 0.31837606837606836 0.14092548076923078 0.32104700854700857 0.14783653846153846 0.32585470085470086 0.15474759615384615 0.31356837606837606 0.15925480769230768 0.3002136752136752 0.1544471153846154 0.2948717948717949 0.15084134615384615 0.296474358974359 0.14362980769230768 0.31036324786324787
2 0.11538461538461539 0.4182692307692308 0.11508413461538461 0.452991452991453 0.1162860576923077 0.4561965811965812 0.11868990384615384 0.45726495726495725 0.12530048076923078 0.4561965811965812 0.1271033653846154 0.453525641025641 0.1271033653846154 0.44711538461538464 0.12349759615384616 0.4182692307692308
2 0.11778846153846154 0.4738247863247863 0.11838942307692307 0.49145299145299143 0.12259615384615384 0.5112179487179487 0.12650240384615385 0.5128205128205128 0.13251201923076922 0.5090811965811965 0.13371394230769232 0.5048076923076923 0.12830528846153846 0.47649572649572647 0.12319711538461539 0.4706196581196581 0.11959134615384616 0.4700854700854701
2 0.12620192307692307 0.5101495726495726 0.12530048076923078 0.5170940170940171 0.12650240384615385 0.5283119658119658 0.13701923076923078 0.5486111111111112 0.14092548076923078 0.5427350427350427 0.14723557692307693 0.5400641025641025 0.13341346153846154 0.5106837606837606 0.13040865384615385 0.5080128205128205
2 0.1385216346153846 0.5464743589743589 0.13822115384615385 0.5502136752136753 0.14032451923076922 0.5576923076923077 0.15324519230769232 0.5785256410256411 0.1583533653846154 0.5790598290598291 0.16496394230769232 0.5710470085470085 0.1622596153846154 0.563034188034188 0.14753605769230768 0.5400641025641025 0.14182692307692307 0.5411324786324786
2 0.1814903846153846 0.5785256410256411 0.18118990384615385 0.5860042735042735 0.18299278846153846 0.5913461538461539 0.19891826923076922 0.6095085470085471 0.20402644230769232 0.6116452991452992 0.20853365384615385 0.6047008547008547 0.20973557692307693 0.5972222222222222 0.20793269230769232 0.5908119658119658 0.19801682692307693 0.5785256410256411 0.18599759615384615 0.5699786324786325 0.18239182692307693 0.5742521367521367
2 0.20823317307692307 0.6089743589743589 0.2088341346153846 0.6143162393162394 0.21213942307692307 0.6180555555555556 0.22686298076923078 0.6266025641025641 0.23527644230769232 0.6276709401709402 0.23737980769230768 0.625 0.24098557692307693 0.6079059829059829 0.24068509615384615 0.6057692307692307 0.234375 0.6014957264957265 0.21484375 0.594551282051282 0.21183894230769232 0.5972222222222222
2 0.23978365384615385 0.6116452991452992 0.23798076923076922 0.624465811965812 0.23918269230769232 0.6308760683760684 0.2653245192307692 0.6399572649572649 0.26742788461538464 0.6383547008547008 0.26953125 0.6196581196581197 0.24459134615384615 0.6073717948717948 0.24098557692307693 0.6073717948717948
2 0.2686298076923077 0.6260683760683761 0.26802884615384615 0.6367521367521367 0.2698317307692308 0.6415598290598291 0.2932692307692308 0.6474358974358975 0.296875 0.6469017094017094 0.2998798076923077 0.6436965811965812 0.29897836538461536 0.6271367521367521 0.296875 0.624465811965812 0.27103365384615385 0.6196581196581197
2 0.3004807692307692 0.6239316239316239 0.29927884615384615 0.6266025641025641 0.30018028846153844 0.6356837606837606 0.30258413461538464 0.6431623931623932 0.328125 0.6399572649572649 0.33143028846153844 0.6367521367521367 0.33022836538461536 0.6201923076923077 0.3251201923076923 0.6148504273504274 0.31490384615384615 0.6191239316239316 0.3037860576923077 0.6207264957264957
2 0.33263221153846156 0.6169871794871795 0.3323317307692308 0.6276709401709402 0.3347355769230769 0.6346153846153846 0.35997596153846156 0.6271367521367521 0.36328125 0.6228632478632479 0.36268028846153844 0.6105769230769231 0.359375 0.6047008547008547 0.3425480769230769 0.6079059829059829 0.3347355769230769 0.6116452991452992
2 0.3981370192307692 0.41185897435897434 0.39783653846153844 0.42094017094017094 0.40084134615384615 0.42414529914529914 0.40444711538461536 0.4236111111111111 0.4191706730769231 0.4129273504273504 0.4221754807692308 0.4081196581196581 0.4227764423076923 0.4033119658119658 0.4206730769230769 0.3969017094017094 0.41616586538461536 0.3952991452991453 0.40294471153846156 0.40384615384615385
2 0.421875 0.38675213675213677 0.41977163461538464 0.390491452991453 0.42007211538461536 0.3942307692307692 0.4227764423076923 0.40224358974358976 0.42518028846153844 0.4049145299145299 0.43960336538461536 0.39903846153846156 0.4441105769230769 0.3936965811965812 0.44350961538461536 0.3840811965811966 0.4405048076923077 0.37927350427350426
2 0.4441105769230769 0.3798076923076923 0.44471153846153844 0.391025641025641 0.4495192307692308 0.3920940170940171 0.46724759615384615 0.38301282051282054 0.46875 0.3798076923076923 0.46875 0.37393162393162394 0.4678485576923077 0.37072649572649574 0.4639423076923077 0.36645299145299143 0.4600360576923077 0.36645299145299143 0.4483173076923077 0.37286324786324787 0.44591346153846156 0.375
2 0.47025240384615385 0.36752136752136755 0.4696514423076923 0.3766025641025641 0.4735576923076923 0.3819444444444444 0.4918870192307692 0.3782051282051282 0.49399038461538464 0.3733974358974359 0.49368990384615385 0.36538461538461536 0.4891826923076923 0.3579059829059829 0.47506009615384615 0.36217948717948717
2 0.5096063701923077 0.3683108974358974 0.5078125 0.3766025641025641 0.5150240384615384 0.39850427350427353 0.5177283653846154 0.40224358974358976 0.5237379807692307 0.4011752136752137 0.5249399038461539 0.39797008547008544 0.5243389423076923 0.3872863247863248 0.5189302884615384 0.37072649572649574 0.5139528245192307 0.36530555555555555 0.51117578125 0.3668082264957265
2 0.5216346153846154 0.42788461538461536 0.5186298076923077 0.44604700854700857 0.5225360576923077 0.44925213675213677 0.5284381009615384 0.44837179487179485 0.5303524639423076 0.4409449786324786 0.5327524038461539 0.4284188034188034 0.5339543269230769 0.422008547008547 0.5333533653846154 0.4150641025641026 0.5261418269230769 0.41239316239316237 0.5234375 0.42467948717948717
2 0.5141225961538461 0.47115384615384615 0.5141225961538461 0.4813034188034188 0.5183293269230769 0.483974358974359 0.5225360576923077 0.48344017094017094 0.5267427884615384 0.4658119658119658 0.5285456730769231 0.4497863247863248 0.5264423076923077 0.44764957264957267 0.5219350961538461 0.44925213675213677
2 0.5201322115384616 0.49572649572649574 0.5204326923076923 0.5074786324786325 0.5237379807692307 0.5213675213675214 0.5258413461538461 0.5251068376068376 0.5327524038461539 0.5224358974358975 0.5333533653846154 0.5165598290598291 0.5297475961538461 0.49572649572649574 0.5225360576923077 0.4893162393162393
2 0.52734375 0.5331196581196581 0.5267427884615384 0.5405982905982906 0.5303485576923077 0.5657051282051282 0.5357572115384616 0.5689102564102564 0.5399639423076923 0.5667735042735043 0.5408653846153846 0.5641025641025641 0.5405649038461539 0.5550213675213675 0.5363581730769231 0.5336538461538461 0.5327524038461539 0.5261752136752137
2 0.5459735576923077 0.5806623931623932 0.5462740384615384 0.5860042735042735 0.5637019230769231 0.6089743589743589 0.5676081730769231 0.6079059829059829 0.5715144230769231 0.6009615384615384 0.5712139423076923 0.5908119658119658 0.5534855769230769 0.5683760683760684 0.5501802884615384 0.5673076923076923
2 0.5826322115384616 0.6127136752136753 0.5826322115384616 0.6217948717948718 0.5844350961538461 0.624465811965812 0.5931490384615384 0.624465811965812 0.6075721153846154 0.6207264957264957 0.6117788461538461 0.6164529914529915 0.6117788461538461 0.6020299145299145 0.6084735576923077 0.5993589743589743 0.5880408653846154 0.6030982905982906 0.5850360576923077 0.6057692307692307
2 0.6126802884615384 0.6014957264957265 0.6126802884615384 0.6159188034188035 0.6307091346153846 0.6121794871794872 0.6364182692307693 0.6095085470085471 0.6388221153846154 0.6063034188034188 0.6415264423076923 0.5918803418803419 0.6382211538461539 0.5876068376068376 0.6358173076923077 0.5870726495726496 0.6162860576923077 0.594551282051282
2 0.6625600961538461 0.5972222222222222 0.6607572115384616 0.6020299145299145 0.6631610576923077 0.6095085470085471 0.6673677884615384 0.6116452991452992 0.6715745192307693 0.6100427350427351 0.6862980769230769 0.594551282051282 0.6875 0.5913461538461539 0.6875 0.5806623931623932 0.6859975961538461 0.5774572649572649 0.6784855769230769 0.5785256410256411 0.6661658653846154 0.5913461538461539
2 0.6875 0.5769230769230769 0.6884014423076923 0.5913461538461539 0.6926081730769231 0.5924145299145299 0.7136418269230769 0.5811965811965812 0.7145432692307693 0.5705128205128205 0.7130408653846154 0.5641025641025641 0.7064302884615384 0.5641025641025641 0.6920072115384616 0.5710470085470085
2 0.7145432692307693 0.5641025641025641 0.7142427884615384 0.5779914529914529 0.7163461538461539 0.5811965811965812 0.7409855769230769 0.5811965811965812 0.7436899038461539 0.5689102564102564 0.7424879807692307 0.5635683760683761 0.7367788461538461 0.5603632478632479 0.7196514423076923 0.5592948717948718 0.7166466346153846 0.5603632478632479
2 0.7442908653846154 0.5747863247863247 0.7439903846153846 0.5811965811965812 0.7689302884615384 0.5972222222222222 0.7719350961538461 0.594551282051282 0.7749399038461539 0.5817307692307693 0.7737379807692307 0.5774572649572649 0.7689302884615384 0.5731837606837606 0.7518028846153846 0.5646367521367521 0.7469951923076923 0.5657051282051282
2 0.7734375 0.5961538461538461 0.7731370192307693 0.5988247863247863 0.7752403846153846 0.6020299145299145 0.7965745192307693 0.6207264957264957 0.8004807692307693 0.6169871794871795 0.8019831730769231 0.6020299145299145 0.8001802884615384 0.5950854700854701 0.7926682692307693 0.5924145299145299 0.7881610576923077 0.5870726495726496 0.7791466346153846 0.5827991452991453 0.7770432692307693 0.5849358974358975
2 0.8004807692307693 0.6196581196581197 0.8001802884615384 0.6228632478632479 0.8034855769230769 0.6287393162393162 0.8212139423076923 0.6495726495726496 0.8245192307692307 0.6501068376068376 0.8287259615384616 0.6442307692307693 0.8302283653846154 0.6303418803418803 0.8167067307692307 0.6132478632478633 0.8037860576923077 0.6063034188034188
2 0.8170072115384616 0.5849358974358975 0.81640625 0.5913461538461539 0.8143028846153846 0.5950854700854701 0.8143028846153846 0.5988247863247863 0.8170072115384616 0.6052350427350427 0.8308293269230769 0.625534188034188 0.8350360576923077 0.6276709401709402 0.8380408653846154 0.624465811965812 0.8407451923076923 0.6159188034188035 0.8404447115384616 0.6089743589743589 0.8392427884615384 0.6063034188034188 0.82421875 0.5849358974358975 0.8215144230769231 0.5827991452991453
2 0.7932692307692307 0.5582264957264957 0.7932692307692307 0.5641025641025641 0.7959735576923077 0.5710470085470085 0.8100961538461539 0.594017094017094 0.8128004807692307 0.593482905982906 0.8182091346153846 0.5806623931623932 0.8176081730769231 0.5753205128205128 0.8037860576923077 0.5507478632478633 0.8001802884615384 0.5491452991452992
2 0.7800480769230769 0.5186965811965812 0.7791466346153846 0.5235042735042735 0.7806490384615384 0.5299145299145299 0.7899639423076923 0.5534188034188035 0.7932692307692307 0.5566239316239316 0.8004807692307693 0.5486111111111112 0.8001802884615384 0.5389957264957265 0.7896634615384616 0.5122863247863247 0.7860576923076923 0.5101495726495726
2 0.7680288461538461 0.483974358974359 0.7677283653846154 0.49145299145299143 0.7719350961538461 0.5074786324786325 0.7758413461538461 0.5170940170940171 0.7794471153846154 0.5192307692307693 0.78515625 0.5096153846153846 0.7797475961538461 0.4807692307692308 0.7725360576923077 0.47489316239316237
2 0.7620192307692307 0.4599358974358974 0.7614182692307693 0.4668803418803419 0.7623197115384616 0.468482905982906 0.7683293269230769 0.47115384615384615 0.7716346153846154 0.469017094017094 0.77734375 0.4391025641025641 0.7758413461538461 0.4326923076923077 0.7719350961538461 0.4321581196581197 0.7692307692307693 0.4342948717948718
2 0.7400841346153846 0.4252136752136752 0.7397836538461539 0.4284188034188034 0.7418870192307693 0.4321581196581197 0.76171875 0.4428418803418803 0.7653245192307693 0.44177350427350426 0.7680288461538461 0.4321581196581197 0.765625 0.42414529914529914 0.7481971153846154 0.41452991452991456 0.7436899038461539 0.4155982905982906
2 0.1466171875 0.33272008547008547 0.1386280048076923 0.35849626068376067 0.1362608173076923 0.35165758547008547 0.13226622596153847 0.35060523504273505 0.1297509014423077 0.35034241452991455 0.13700030048076922 0.32298824786324787 0.14188281249999998 0.3219364316239316 0.1439540264423077 0.3271965811965812 0.1451376201923077 0.33272008547008547
2 0.12043028846153846 0.37953739316239316 0.12841947115384617 0.35113141025641026 0.13344981971153846 0.35060523504273505 0.13640865384615386 0.3524465811965812 0.1377400841346154 0.35691773504273505 0.1374444110576923 0.3627040598290598 0.13108263221153846 0.3850608974358974 0.1291592548076923 0.37980074786324786 0.12546033653846153 0.37980074786324786
2 0.11480829326923077 0.4079439102564103 0.12250150240384615 0.37927457264957265 0.1279756610576923 0.37953739316239316 0.13093449519230768 0.3863760683760684 0.1250165264423077 0.41846474358974356 0.1226493389423077 0.41741239316239315 0.11732331730769231 0.4182013888888889 0.11569591346153846 0.42030555555555554 0.11436418269230769 0.4189903846153846
2 0.5009137620192308 0.3552179487179487 0.5068296274038462 0.3335400641025641 0.5098479567307692 0.32602777777777775 0.5127454927884615 0.32688621794871797 0.5144356971153846 0.3298910256410257 0.51516015625 0.3361153846153846 0.5114173677884616 0.3528568376068376 0.5091234975961538 0.3530715811965812 0.5075540865384616 0.3580080128205128 0.5070709134615384 0.36251549145299145 0.50079296875 0.35929594017094013
2 0.5163671875 0.33075 0.5222830528846154 0.31400854700854697 0.5213173076923077 0.3041351495726496 0.5190234375 0.3013450854700855 0.516005108173077 0.3024182692307692 0.5139528245192307 0.30628151709401713 0.5065880408653846 0.3296768162393162 0.5065880408653846 0.3322521367521368 0.5092442908653847 0.3281741452991453 0.5100892427884616 0.32602777777777775 0.51250390625 0.3271009615384615 0.5139528245192307 0.32881837606837605 0.5143149038461539 0.3324668803418804 0.5150393629807692 0.33654487179487175
2 0.6932439903846154 0.35133867521367523 0.7034702524038461 0.3741693376068376 0.7053728966346154 0.37438087606837606 0.7070375600961539 0.36740491452991453 0.7102481971153847 0.36359989316239316 0.71226953125 0.36233119658119656 0.7108425480769232 0.35641239316239315 0.7006162860576922 0.3367526709401709 0.6962166466346154 0.33886645299145296 0.6936006610576922 0.34964743589743585 0.6939573317307691 0.35112713675213675
2 0.7059672475961538 0.37543803418803423 0.7146478365384615 0.39699999999999996 0.7219011418269231 0.3984797008547008 0.724755108173077 0.39573183760683756 0.7251117788461539 0.38600747863247864 0.7136965144230769 0.36169711538461535 0.7097725360576923 0.36338835470085473 0.7076322115384616 0.3695186965811966
4 0.21003605769230768 0.20993589743589744 0.20973557692307693 0.2206196581196581 0.21153846153846154 0.22382478632478633 0.23046875 0.22168803418803418 0.23317307692307693 0.21955128205128205 0.23287259615384615 0.2077991452991453 0.22986778846153846 0.20405982905982906 0.21484375 0.20566239316239315
4 0.23527644230769232 0.20512820512820512 0.23467548076923078 0.21794871794871795 0.2364783653846154 0.2206196581196581 0.25540865384615385 0.21901709401709402 0.25721153846153844 0.2168803418803419 0.2569110576923077 0.20566239316239315 0.25540865384615385 0.20245726495726496 0.2403846153846154 0.202991452991453
4 0.26021634615384615 0.20566239316239315 0.26021634615384615 0.2168803418803419 0.26322115384615385 0.21901709401709402 0.2785456730769231 0.21848290598290598 0.28365384615384615 0.20993589743589744 0.2824519230769231 0.202991452991453 0.2803485576923077 0.20085470085470086 0.26382211538461536 0.2013888888888889 0.2614182692307692 0.20245726495726496
4 0.2980769230769231 0.20085470085470086 0.2977764423076923 0.20993589743589744 0.2998798076923077 0.2168803418803419 0.31971153846153844 0.20619658119658119 0.31881009615384615 0.19604700854700854 0.3152043269230769 0.19230769230769232 0.30018028846153844 0.19764957264957264
4 0.32211538461538464 0.19177350427350429 0.32211538461538464 0.202991452991453 0.3245192307692308 0.20619658119658119 0.34134615384615385 0.20245726495726496 0.34435096153846156 0.19925213675213677 0.34314903846153844 0.1891025641025641 0.3407451923076923 0.1858974358974359 0.32572115384615385 0.1875
4 0.3449519230769231 0.18643162393162394 0.34525240384615385 0.19658119658119658 0.3473557692307692 0.20085470085470086 0.3662860576923077 0.19925213675213677 0.36568509615384615 0.18696581196581197 0.36388221153846156 0.18322649572649571 0.34765625 0.18376068376068377
4 0.36868990384615385 0.18803418803418803 0.36868990384615385 0.19925213675213677 0.3698918269230769 0.20032051282051283 0.3876201923076923 0.202991452991453 0.390625 0.1997863247863248 0.39002403846153844 0.18856837606837606 0.3876201923076923 0.18482905982905984 0.3722956730769231 0.18269230769230768 0.36959134615384615 0.1842948717948718
4 0.3915264423076923 0.18803418803418803 0.39122596153846156 0.19444444444444445 0.39272836538461536 0.20085470085470086 0.4071514423076923 0.20726495726495728 0.41165865384615385 0.20619658119658119 0.4128605769230769 0.1955128205128205 0.41225961538461536 0.19177350427350429 0.3981370192307692 0.1842948717948718 0.39393028846153844 0.1842948717948718
4 0.4128605769230769 0.19497863247863248 0.41195913461538464 0.20619658119658119 0.4140625 0.2094017094017094 0.4284855769230769 0.21634615384615385 0.4332932692307692 0.2142094017094017 0.43359375 0.20405982905982906 0.43209134615384615 0.1997863247863248 0.4182692307692308 0.19337606837606838
4 0.45102163461538464 0.2110042735042735 0.45072115384615385 0.2168803418803419 0.45643028846153844 0.2232905982905983 0.46694711538461536 0.2248931623931624 0.47055288461538464 0.22382478632478633 0.47115384615384615 0.22168803418803418 0.47115384615384615 0.20993589743589744 0.46935096153846156 0.2077991452991453 0.4561298076923077 0.20673076923076922
4 0.47596153846153844 0.21634615384615385 0.4756610576923077 0.22382478632478633 0.47806490384615385 0.22702991452991453 0.49459134615384615 0.23023504273504272 0.49669471153846156 0.2264957264957265 0.4972956730769231 0.21634615384615385 0.4951923076923077 0.2126068376068376 0.4792668269230769 0.2094017094017094
4 0.49759615384615385 0.22168803418803418 0.4972956730769231 0.23076923076923078 0.49939903846153844 0.2329059829059829 0.5135216346153846 0.2361111111111111 0.5174278846153846 0.234508547008547 0.5186298076923077 0.22382478632478633 0.5153245192307693 0.22008547008547008 0.5015024038461539 0.21634615384615385
4 0.5186298076923077 0.22382478632478633 0.5180288461538461 0.23397435897435898 0.5201322115384616 0.2377136752136752 0.5363581730769231 0.24091880341880342 0.5396634615384616 0.23664529914529914 0.5396634615384616 0.2264957264957265 0.5387620192307693 0.2248931623931624 0.5261418269230769 0.22168803418803418
4 0.5402644230769231 0.22916666666666666 0.5399639423076923 0.2377136752136752 0.5417668269230769 0.24091880341880342 0.5567908653846154 0.2467948717948718 0.5606971153846154 0.24412393162393162 0.5615985576923077 0.234508547008547 0.5597956730769231 0.23023504273504272 0.5432692307692307 0.22435897435897437 0.5414663461538461 0.22542735042735043
4 0.5631009615384616 0.2361111111111111 0.5625 0.24465811965811965 0.5646033653846154 0.24626068376068377 0.5763221153846154 0.24786324786324787 0.5847355769230769 0.24465811965811965 0.5841346153846154 0.2377136752136752 0.5814302884615384 0.23183760683760685 0.5667067307692307 0.23023504273504272
4 0.6015625 0.2467948717948718 0.6012620192307693 0.2548076923076923 0.6024639423076923 0.2569444444444444 0.6192908653846154 0.2622863247863248 0.6225961538461539 0.2606837606837607 0.6240985576923077 0.25267094017094016 0.6240985576923077 0.2483974358974359 0.6207932692307693 0.24519230769230768 0.6090745192307693 0.2403846153846154 0.6048677884615384 0.24091880341880342
4 0.6246995192307693 0.2548076923076923 0.6246995192307693 0.26175213675213677 0.6268028846153846 0.2638888888888889 0.6382211538461539 0.26655982905982906 0.64453125 0.26655982905982906 0.6469350961538461 0.2638888888888889 0.6466346153846154 0.2537393162393162 0.6442307692307693 0.25 0.6292067307692307 0.24786324786324787 0.6265024038461539 0.24893162393162394
4 0.6481370192307693 0.27724358974358976 0.6493389423076923 0.28952991452991456 0.6538461538461539 0.28899572649572647 0.6631610576923077 0.27884615384615385 0.6649639423076923 0.2724358974358974 0.6649639423076923 0.26495726495726496 0.66015625 0.26282051282051283
4 0.6286057692307693 0.2825854700854701 0.6265024038461539 0.2863247863247863 0.6265024038461539 0.28952991452991456 0.6298076923076923 0.2986111111111111 0.6421274038461539 0.296474358974359 0.6478365384615384 0.29273504273504275 0.6490384615384616 0.28952991452991456 0.6475360576923077 0.27884615384615385 0.6463341346153846 0.2777777777777778
4 0.6127869591346153 0.29503205128205123 0.60930859375 0.2995555555555556 0.6100162259615385 0.3008135683760684 0.6121388221153846 0.30332905982905983 0.61426171875 0.31393108974358974 0.619416766826923 0.3092590811965812 0.6211349158653847 0.3083605769230769 0.6290192307692308 0.3018915598290598 0.6293134014423077 0.29342948717948714 0.627510516826923 0.2880876068376068 0.623604266826923 0.2875534188034188
4 0.59375 0.32051282051282054 0.5943509615384616 0.327991452991453 0.5997596153846154 0.33066239316239315 0.6024639423076923 0.327991452991453 0.60546875 0.31837606837606836 0.61328125 0.31036324786324787 0.6144831730769231 0.3071581196581197 0.6090745192307693 0.3002136752136752 0.5979567307692307 0.3108974358974359
4 0.6790865384615384 0.2094017094017094 0.6793870192307693 0.2206196581196581 0.6823918269230769 0.2232905982905983 0.6965144230769231 0.2142094017094017 0.6974158653846154 0.20566239316239315 0.6959134615384616 0.20085470085470086 0.6920072115384616 0.20032051282051283 0.6820913461538461 0.20566239316239315
4 0.7040264423076923 0.21047008547008547 0.7040264423076923 0.21741452991452992 0.7055288461538461 0.22115384615384615 0.7202524038461539 0.22916666666666666 0.7235576923076923 0.2280982905982906 0.7259615384615384 0.2206196581196581 0.7259615384615384 0.2168803418803419 0.7238581730769231 0.21314102564102563 0.7100360576923077 0.2045940170940171 0.7064302884615384 0.20352564102564102
4 0.7244591346153846 0.22916666666666666 0.7250600961538461 0.23344017094017094 0.7271634615384616 0.2361111111111111 0.7409855769230769 0.24519230769230768 0.7448918269230769 0.24412393162393162 0.7475961538461539 0.23557692307692307 0.7463942307692307 0.2297008547008547 0.7310697115384616 0.22008547008547008 0.7271634615384616 0.22168803418803418
4 0.5543870192307693 0.3936965811965812 0.5537860576923077 0.40064102564102566 0.5682091346153846 0.40010683760683763 0.5709134615384616 0.40224358974358976 0.57421875 0.4091880341880342 0.5769230769230769 0.40224358974358976 0.5769230769230769 0.3936965811965812 0.5739182692307693 0.3888888888888889 0.5603966346153846 0.38995726495726496
4 0.5270432692307693 0.38995726495726496 0.5267427884615384 0.3969017094017094 0.5288461538461539 0.40064102564102566 0.5409654447115385 0.3995726495726496 0.5504807692307693 0.4011752136752137 0.5531850961538461 0.3969017094017094 0.5522836538461539 0.3894230769230769 0.5495793269230769 0.38514957264957267 0.5324519230769231 0.3856837606837607
4 0.5072115384615384 0.43856837606837606 0.5066105769230769 0.4423076923076923 0.5084134615384616 0.44925213675213677 0.5159254807692307 0.4439102564102564 0.5222355769230769 0.422008547008547 0.5222355769230769 0.41399572649572647 0.5207331730769231 0.4113247863247863 0.5177283653846154 0.4097222222222222 0.5138221153846154 0.4113247863247863
4 0.5015024038461539 0.47489316239316237 0.5015024038461539 0.4813034188034188 0.5072115384615384 0.4823717948717949 0.5105168269230769 0.4807692307692308 0.5138221153846154 0.4636752136752137 0.5132211538461539 0.44604700854700857 0.51171875 0.44551282051282054 0.5072115384615384 0.4497863247863248
4 0.5886484375 0.405573717948718 0.5993356370192308 0.38454754273504277 0.5997632211538462 0.3744145299145299 0.5940634014423076 0.37061485042735043 0.5838037860576922 0.39012072649572654 0.5820937500000001 0.4038002136752137
4 0.600333233173077 0.37340117521367516 0.6080279447115384 0.3599748931623932 0.6088828125 0.34857532051282053 0.6048930288461538 0.34578899572649574 0.5977683293269231 0.3556688034188034 0.5923533653846154 0.36960149572649575 0.5913560697115384 0.3761880341880342 0.5956307091346154 0.3703616452991453 0.5989083533653846 0.37416132478632474
4 0.6524864783653845 0.25636485042735047 0.6553365384615385 0.24775213675213673 0.6641712740384615 0.2312857905982906 0.6674486177884614 0.2312857905982906 0.6691583533653845 0.23483226495726495 0.6697283653846154 0.24091239316239316 0.6610363581730769 0.259911858974359 0.6574738581730769 0.26143162393162395 0.6540540865384615 0.257125
4 0.6698710937500001 0.2371121794871795 0.6792755408653846 0.2252061965811966 0.6791331129807693 0.21507318376068377 0.6767106370192307 0.21405982905982907 0.6655961538461538 0.22495299145299147 0.6613212139423077 0.23381891025641025 0.66630859375 0.2312857905982906 0.6685886418269231 0.2333125
1 0.27493990384615385 0.22702991452991453 0.2743389423076923 0.23183760683760685 0.2776442307692308 0.24091880341880342 0.27914663461538464 0.24305555555555555 0.2821514423076923 0.24252136752136752 0.29086538461538464 0.22702991452991453 0.2917668269230769 0.22008547008547008 0.2887620192307692 0.2110042735042735 0.28515625 0.20993589743589744
1 0.25390625 0.24145299145299146 0.2548076923076923 0.2537393162393162 0.2569110576923077 0.25801282051282054 0.2722355769230769 0.25106837606837606 0.2761418269230769 0.2483974358974359 0.27794471153846156 0.24465811965811965 0.2764423076923077 0.23504273504273504 0.2737379807692308 0.23076923076923078 0.2620192307692308 0.23504273504273504
1 0.22896634615384615 0.25053418803418803 0.22896634615384615 0.2622863247863248 0.23016826923076922 0.26495726495726496 0.2503004807692308 0.2622863247863248 0.25450721153846156 0.25854700854700857 0.25330528846153844 0.24572649572649571 0.25180288461538464 0.24305555555555555 0.23888221153846154 0.24465811965811965 0.23046875 0.24786324786324787
1 0.20462740384615385 0.25106837606837606 0.20372596153846154 0.2622863247863248 0.20643028846153846 0.265491452991453 0.22716346153846154 0.265491452991453 0.22926682692307693 0.2622863247863248 0.22896634615384615 0.24786324786324787 0.22626201923076922 0.24519230769230768 0.20823317307692307 0.24572649572649571
1 0.17157451923076922 0.2793803418803419 0.17157451923076922 0.2857905982905983 0.17638221153846154 0.29113247863247865 0.17878605769230768 0.29273504273504275 0.18449519230769232 0.2916666666666667 0.19501201923076922 0.27510683760683763 0.19501201923076922 0.26175213675213677 0.19290865384615385 0.25801282051282054 0.18659855769230768 0.25854700854700857 0.17728365384615385 0.26976495726495725
1 0.1544471153846154 0.3141025641025641 0.1541466346153846 0.32371794871794873 0.15685096153846154 0.3231837606837607 0.16135817307692307 0.3263888888888889 0.1700721153846154 0.31356837606837606 0.17247596153846154 0.3076923076923077 0.17247596153846154 0.30448717948717946 0.16826923076923078 0.296474358974359 0.16496394230769232 0.29594017094017094 0.16045673076923078 0.3002136752136752
1 0.12620192307692307 0.42094017094017094 0.12830528846153846 0.45566239316239315 0.13191105769230768 0.4583333333333333 0.13671875 0.45726495726495725 0.1385216346153846 0.452991452991453 0.1385216346153846 0.44871794871794873 0.13551682692307693 0.41933760683760685 0.12860576923076922 0.4166666666666667
1 0.14152644230769232 0.4519230769230769 0.14182692307692307 0.46474358974358976 0.14393028846153846 0.4706196581196581 0.16556490384615385 0.4668803418803419 0.17127403846153846 0.46314102564102566 0.17157451923076922 0.46100427350427353 0.16947115384615385 0.44871794871794873 0.16556490384615385 0.44551282051282054 0.1463341346153846 0.4481837606837607
1 0.17127403846153846 0.4428418803418803 0.171875 0.4599358974358974 0.17457932692307693 0.46153846153846156 0.2010216346153846 0.44925213675213677 0.19951923076923078 0.43322649572649574 0.19621394230769232 0.4310897435897436 0.17548076923076922 0.43856837606837606
1 0.20072115384615385 0.4310897435897436 0.2010216346153846 0.44764957264957267 0.20252403846153846 0.45032051282051283 0.22716346153846154 0.43963675213675213 0.22896634615384615 0.4358974358974359 0.22776442307692307 0.422008547008547 0.22536057692307693 0.4204059829059829 0.203125 0.4284188034188034
1 0.22926682692307693 0.4198717948717949 0.2283653846153846 0.42735042735042733 0.22896634615384615 0.4358974358974359 0.23046875 0.4391025641025641 0.25150240384615385 0.4321581196581197 0.25600961538461536 0.42895299145299143 0.2569110576923077 0.42574786324786323 0.25540865384615385 0.41239316239316237 0.25240384615384615 0.41025641025641024
1 0.25841346153846156 0.4091880341880342 0.2569110576923077 0.41185897435897434 0.2569110576923077 0.4172008547008547 0.2575120192307692 0.4236111111111111 0.25961538461538464 0.42735042735042733 0.2821514423076923 0.422008547008547 0.28515625 0.4188034188034188 0.2848557692307692 0.40705128205128205 0.28125 0.4011752136752137 0.26893028846153844 0.40384615384615385
1 0.30258413461538464 0.4033119658119658 0.3019831730769231 0.4075854700854701 0.30408653846153844 0.41452991452991456 0.3230168269230769 0.4182692307692308 0.32572115384615385 0.4172008547008547 0.32662259615384615 0.4043803418803419 0.32632211538461536 0.4011752136752137 0.32421875 0.39850427350427353 0.30709134615384615 0.3936965811965812 0.3043870192307692 0.39636752136752135
1 0.3269230769230769 0.4043803418803419 0.32662259615384615 0.4150641025641026 0.3278245192307692 0.4182692307692308 0.34765625 0.42467948717948717 0.3515625 0.42414529914529914 0.35306490384615385 0.421474358974359 0.35366586538461536 0.4091880341880342 0.3512620192307692 0.405982905982906 0.33143028846153844 0.3995726495726496 0.3278245192307692 0.4017094017094017
1 0.35396634615384615 0.41346153846153844 0.35396634615384615 0.42254273504273504 0.3551682692307692 0.4252136752136752 0.3746995192307692 0.43002136752136755 0.3798076923076923 0.42895299145299143 0.3816105769230769 0.4188034188034188 0.37830528846153844 0.4113247863247863 0.3659855769230769 0.40705128205128205 0.35877403846153844 0.405982905982906 0.3551682692307692 0.4091880341880342
1 0.4110576923076923 0.4204059829059829 0.4104567307692308 0.4252136752136752 0.41225961538461536 0.42735042735042733 0.42908653846153844 0.42788461538461536 0.43209134615384615 0.4310897435897436 0.43539663461538464 0.42735042735042733 0.4362980769230769 0.421474358974359 0.43569711538461536 0.41773504273504275 0.43419471153846156 0.4166666666666667 0.421875 0.4150641025641026 0.4143629807692308 0.4166666666666667
1 0.43689903846153844 0.4172008547008547 0.4365985576923077 0.42254273504273504 0.4387019230769231 0.42895299145299143 0.4444110576923077 0.4252136752136752 0.4600360576923077 0.4230769230769231 0.4609375 0.421474358974359 0.4606370192307692 0.4150641025641026 0.45763221153846156 0.4129273504273504 0.43900240384615385 0.41452991452991456
1 0.46304086538461536 0.41346153846153844 0.4618389423076923 0.4150641025641026 0.46334134615384615 0.4236111111111111 0.4840745192307692 0.4182692307692308 0.48617788461538464 0.41452991452991456 0.4846754807692308 0.40705128205128205
1 0.48617788461538464 0.405982905982906 0.48497596153846156 0.40865384615384615 0.48677884615384615 0.4172008547008547 0.4912860576923077 0.4198717948717949 0.5075120192307693 0.4043803418803419 0.5081129807692307 0.40064102564102566 0.5057091346153846 0.39636752136752135 0.5030048076923077 0.3958333333333333
1 0.5261418269230769 0.2761752136752137 0.5255408653846154 0.2863247863247863 0.5291466346153846 0.2900641025641026 0.5384615384615384 0.2863247863247863 0.5483774038461539 0.2793803418803419 0.5471754807692307 0.2686965811965812 0.5447716346153846 0.266025641025641 0.5303485576923077 0.2702991452991453
1 0.5477764423076923 0.265491452991453 0.5474759615384616 0.2745726495726496 0.5486778846153846 0.2793803418803419 0.5606971153846154 0.27564102564102566 0.5652043269230769 0.27297008547008544 0.5670072115384616 0.2692307692307692 0.5679086538461539 0.266025641025641 0.5673076923076923 0.2564102564102564 0.5570913461538461 0.25747863247863245
1 0.5670072115384616 0.25747863247863245 0.5682091346153846 0.266025641025641 0.5703125 0.2686965811965812 0.5841346153846154 0.2644230769230769 0.5886418269230769 0.25854700854700857 0.5874399038461539 0.25106837606837606 0.5847355769230769 0.2467948717948718 0.5715144230769231 0.25053418803418803
1 0.4930889423076923 0.2719017094017094 0.4924879807692308 0.27884615384615385 0.49939903846153844 0.2863247863247863 0.5084134615384616 0.2948717948717949 0.5135216346153846 0.2922008547008547 0.5144230769230769 0.2825854700854701 0.5129206730769231 0.2777777777777778 0.49819711538461536 0.265491452991453 0.49459134615384615 0.265491452991453
1 0.4762620192307692 0.25053418803418803 0.47475961538461536 0.25961538461538464 0.4765625 0.265491452991453 0.48647836538461536 0.2767094017094017 0.49158653846153844 0.27884615384615385 0.49368990384615385 0.2670940170940171 0.4930889423076923 0.2638888888888889 0.4840745192307692 0.25106837606837606 0.4807692307692308 0.24893162393162394
1 0.4582331730769231 0.23664529914529914 0.4579326923076923 0.24465811965811965 0.46634615384615385 0.2553418803418803 0.47025240384615385 0.25801282051282054 0.4738581730769231 0.25747863247863245 0.4768629807692308 0.24946581196581197 0.47596153846153844 0.24412393162393162 0.46694711538461536 0.234508547008547 0.4597355769230769 0.23237179487179488
1 0.44080528846153844 0.22008547008547008 0.4405048076923077 0.2280982905982906 0.4426081730769231 0.23344017094017094 0.4528245192307692 0.2419871794871795 0.4567307692307692 0.24145299145299146 0.45883413461538464 0.23344017094017094 0.4561298076923077 0.2248931623931624 0.4483173076923077 0.2168803418803419 0.4426081730769231 0.2168803418803419
1 0.13744711538461538 0.41722596153846153 0.14134254807692306 0.388784188034188 0.13967307692307693 0.3806228632478632 0.13452584134615383 0.37938621794871796 0.13160426682692308 0.383838141025641 0.13035216346153847 0.3919994658119658 0.12715264423076922 0.41104273504273503 0.12757001201923077 0.41549465811965813 0.1304912860576923 0.4157419871794872 0.13410847355769231 0.418957264957265 0.13605588942307692 0.42118322649572654
1 0.14440294471153844 0.383838141025641 0.15177614182692306 0.3591063034188034 0.14982842548076925 0.3506971153846154 0.14342908653846154 0.35020245726495725 0.1384209735576923 0.3583643162393162 0.13257812500000002 0.38111752136752136 0.13758623798076924 0.3791388888888889 0.14022956730769232 0.3821068376068376 0.14092518028846154 0.38927884615384617
1 0.1521935096153846 0.3561383547008547 0.16040144230769232 0.3336324786324786 0.15984495192307693 0.3229978632478633 0.15247175480769232 0.3229978632478633 0.14537680288461538 0.3383311965811966 0.14315084134615386 0.3477297008547009 0.14259435096153844 0.3524284188034188 0.14621153846153845 0.3494610042735043 0.14955018028846154 0.35218108974358975 0.1506631610576923 0.3576223290598291
0 0.24759615384615385 0.49198717948717946 0.24759615384615385 0.5021367521367521 0.25150240384615385 0.5074786324786325 0.2551081730769231 0.5074786324786325 0.2734375 0.49145299145299143 0.27584134615384615 0.483974358974359 0.2722355769230769 0.47275641025641024 0.2683293269230769 0.4716880341880342 0.25150240384615385 0.48504273504273504
0 0.20282451923076922 0.5048076923076923 0.2010216346153846 0.5186965811965812 0.2052283653846154 0.5229700854700855 0.2283653846153846 0.5181623931623932 0.23167067307692307 0.5165598290598291 0.23287259615384615 0.5133547008547008 0.23137019230769232 0.49893162393162394 0.2286658653846154 0.4962606837606838 0.20612980769230768 0.5010683760683761
0 0.17728365384615385 0.5438034188034188 0.17698317307692307 0.5507478632478633 0.17848557692307693 0.5566239316239316 0.1814903846153846 0.5592948717948718 0.1856971153846154 0.5592948717948718 0.1953125 0.5459401709401709 0.20192307692307693 0.5325854700854701 0.203125 0.5256410256410257 0.19861778846153846 0.5160256410256411 0.19381009615384615 0.5160256410256411
0 0.1853966346153846 0.5608974358974359 0.1853966346153846 0.5673076923076923 0.1875 0.5705128205128205 0.19621394230769232 0.5731837606837606 0.21394230769230768 0.5694444444444444 0.21634615384615385 0.5673076923076923 0.2166466346153846 0.5603632478632479 0.21514423076923078 0.5491452991452992 0.20853365384615385 0.5475427350427351 0.19290865384615385 0.5502136752136753
0 0.21604567307692307 0.5507478632478633 0.21544471153846154 0.5673076923076923 0.2166466346153846 0.5683760683760684 0.24338942307692307 0.5705128205128205 0.24729567307692307 0.5667735042735043 0.24729567307692307 0.5544871794871795 0.24459134615384615 0.5502136752136753 0.23798076923076922 0.5480769230769231 0.21875 0.5480769230769231
0 0.2536057692307692 0.5571581196581197 0.25330528846153844 0.5673076923076923 0.2551081730769231 0.5699786324786325 0.2707331730769231 0.5758547008547008 0.2764423076923077 0.5769230769230769 0.28064903846153844 0.5747863247863247 0.28335336538461536 0.5721153846153846 0.28455528846153844 0.5673076923076923 0.28305288461538464 0.5576923076923077 0.2785456730769231 0.5539529914529915 0.25721153846153844 0.5486111111111112 0.2551081730769231 0.5502136752136753
0 0.29356971153846156 0.5544871794871795 0.2932692307692308 0.5603632478632479 0.2956730769230769 0.5673076923076923 0.30408653846153844 0.5694444444444444 0.32271634615384615 0.5576923076923077 0.3245192307692308 0.5512820512820513 0.3233173076923077 0.5432692307692307 0.32181490384615385 0.5405982905982906 0.3167067307692308 0.5384615384615384 0.2959735576923077 0.5502136752136753
0 0.3251201923076923 0.5400641025641025 0.32572115384615385 0.5534188034188035 0.3317307692307692 0.5550213675213675 0.34555288461538464 0.5470085470085471 0.35396634615384615 0.5384615384615384 0.3515625 0.5251068376068376 0.34825721153846156 0.5235042735042735 0.33052884615384615 0.5325854700854701 0.3269230769230769 0.5357905982905983
0 0.3518629807692308 0.5224358974358975 0.35096153846153844 0.5256410256410257 0.35366586538461536 0.5379273504273504 0.35727163461538464 0.5395299145299145 0.3780048076923077 0.5283119658119658 0.3798076923076923 0.5181623931623932 0.37710336538461536 0.5096153846153846 0.37259615384615385 0.5085470085470085
0 0.5733173076923077 0.46955128205128205 0.5727163461538461 0.4775641025641026 0.57421875 0.4807692307692308 0.5799278846153846 0.48183760683760685 0.5826322115384616 0.48023504273504275 0.5832331730769231 0.4668803418803419 0.5856370192307693 0.45726495726495725 0.5850360576923077 0.44177350427350426 0.5817307692307693 0.4423076923076923 0.5778245192307693 0.44604700854700857
0 0.5769230769230769 0.4284188034188034 0.5766225961538461 0.4412393162393162 0.578125 0.44551282051282054 0.5859375 0.4337606837606838 0.5877403846153846 0.41452991452991456 0.5853365384615384 0.4113247863247863 0.5787259615384616 0.41452991452991456
0 0.5501802884615384 0.4075854700854701 0.5495793269230769 0.4155982905982906 0.5525841346153846 0.4188034188034188 0.5727163461538461 0.4182692307692308 0.5751201923076923 0.4150641025641026 0.5748197115384616 0.40384615384615385 0.5682091346153846 0.39903846153846156 0.5537860576923077 0.40010683760683763
0 0.5264423076923077 0.4033119658119658 0.5264423076923077 0.4097222222222222 0.5348557692307693 0.4172008547008547 0.5360576923076923 0.421474358974359 0.5480769230769231 0.4182692307692308 0.5495793269230769 0.41452991452991456 0.5498798076923077 0.4033119658119658 0.5480769230769231 0.40064102564102566 0.5378605769230769 0.3995726495726496
0 0.5883413461538461 0.41346153846153844 0.5862379807692307 0.41452991452991456 0.5880408653846154 0.41933760683760685 0.5865384615384616 0.4284188034188034 0.5877403846153846 0.43322649572649574 0.6084735576923077 0.43803418803418803 0.6117788461538461 0.4358974358974359 0.6123798076923077 0.42414529914529914 0.6102764423076923 0.41773504273504275 0.5919471153846154 0.41239316239316237
0 0.61328125 0.4321581196581197 0.6129807692307693 0.43536324786324787 0.6159855769230769 0.43856837606837606 0.6334134615384616 0.4439102564102564 0.6385216346153846 0.44337606837606836 0.6400240384615384 0.4375 0.6397235576923077 0.4284188034188034 0.6385216346153846 0.4252136752136752 0.6204927884615384 0.4172008547008547 0.6162860576923077 0.41933760683760685
0 0.7013221153846154 0.4043803418803419 0.7010216346153846 0.41185897435897434 0.7052283653846154 0.4150641025641026 0.7247596153846154 0.4188034188034188 0.7280649038461539 0.41239316239316237 0.7271634615384616 0.40384615384615385 0.7241586538461539 0.39850427350427353 0.7064302884615384 0.3958333333333333 0.7040264423076923 0.39797008547008544
0 0.7478966346153846 0.32264957264957267 0.7484975961538461 0.3349358974358974 0.75390625 0.35523504273504275 0.7626201923076923 0.35683760683760685 0.7641225961538461 0.35202991452991456 0.7638221153846154 0.3456196581196581 0.7587139423076923 0.32585470085470086 0.7551081730769231 0.3194444444444444
0 0.7397836538461539 0.3002136752136752 0.7412860576923077 0.31356837606837606 0.7445913461538461 0.32211538461538464 0.7478966346153846 0.3263888888888889 0.75390625 0.3178418803418803 0.7478966346153846 0.2948717948717949 0.7451923076923077 0.29273504273504275 0.7421875 0.2932692307692308
0 0.2940525841346154 0.44119497863247864 0.30239453125 0.41802297008547007 0.30013521634615387 0.4078269230769231 0.2940525841346154 0.4041196581196581 0.2907506009615385 0.4102986111111111 0.28449429086538464 0.4347067307692307 0.28605829326923077 0.43872329059829057 0.29022926682692307 0.439340811965812 0.2930099158653846 0.44428418803418807
0 0.27980168269230765 0.48383119658119655 0.2930099158653846 0.44984561965811964 0.2944002403846154 0.44212179487179487 0.2888389423076923 0.439340811965812 0.2837989783653846 0.4390320512820513 0.2728503605769231 0.4659113247863248 0.27232872596153845 0.4733263888888889 0.2752833533653846 0.48012393162393163
0 0.5504164663461538 0.5611720085470084 0.5622121394230769 0.5345037393162393 0.5624684495192308 0.5256143162393163 0.5600324519230769 0.5201442307692308 0.5577244591346153 0.5196880341880342 0.5552884615384616 0.5244748931623932 0.5516986177884615 0.5308568376068377 0.5483650841346154 0.540201923076923 0.5446469350961538 0.5468125 0.5434930889423076 0.5513707264957265 0.5427235576923077 0.5554738247863248 0.5473392427884616 0.5588926282051282
0 0.5646481370192308 0.5269818376068376 0.5770847355769231 0.5039610042735042 0.5763155048076923 0.49301976495726496 0.5723407451923077 0.48914529914529914 0.5701610576923077 0.48960096153846155 0.5577244591346153 0.513534188034188 0.5565706129807693 0.5217393162393162 0.5609299879807692 0.5196880341880342 0.5619555288461539 0.5260705128205128
0 0.6597701322115385 0.4379540598290598 0.6789341947115385 0.4239764957264957 0.6792617187500001 0.4140758547008547 0.6766409254807692 0.4070876068376068 0.6581319110576923 0.4219385683760684 0.6560027043269231 0.4306741452991453 0.6586234975961538 0.4373717948717949
0 0.6800808293269232 0.4225208333333333 0.6994086538461539 0.4158231837606838 0.7010465745192308 0.4053402777777778 0.6972791466346154 0.39718696581196583 0.6764771634615384 0.4047580128205128 0.6754942908653846 0.40941720085470085 0.6804083533653846 0.41349358974358974 0.679916766826923 0.4204823717948718
0 0.7429783653846154 0.4187350427350427 0.7547716346153847 0.39602190170940166 0.7546078725961538 0.3878685897435898 0.75133203125 0.38408333333333333 0.7493662860576923 0.38408333333333333 0.7436334134615384 0.3910721153846154 0.7362626201923077 0.4076698717948718 0.7347884615384616 0.41349358974358974 0.7421592548076923 0.4204823717948718
0 0.7559182692307692 0.39019818376068377 0.7645994591346154 0.37593002136752135 0.764926983173077 0.3625352564102564 0.76083203125 0.3596228632478633 0.7537887620192307 0.37243536324786325 0.7500216346153846 0.38175373931623935 0.7526424278846153 0.38495673076923076
0 0.7179176682692308 0.31827350427350426 0.7318401442307692 0.3028402777777778 0.7305297475961539 0.29294017094017094 0.728073016826923 0.2882809829059829 0.7139864783653846 0.3025491452991453 0.7146415264423077 0.3083733974358974 0.7159519230769231 0.31477938034188035
0 0.6985895432692307 0.33166880341880345 0.7161156850961539 0.31740010683760683 0.7166072716346155 0.31070245726495727 0.7148055889423077 0.3057521367521368 0.7136589543269231 0.30487873931623927 0.7090727163461538 0.3057521367521368 0.6969516225961538 0.31507051282051285 0.6938395432692308 0.3243888888888889 0.6976069711538462 0.33021260683760684
0 0.6838479567307693 0.3203119658119658 0.6885979567307692 0.3208942307692308 0.6892533052884615 0.3057521367521368 0.6795892427884614 0.2865336538461538 0.6754942908653846 0.28682478632478636 0.673692608173077 0.2932313034188034 0.6722184495192308 0.29818162393162395
0 0.6710718149038463 0.2894455128205128 0.6663218149038461 0.27284775641025644 0.6666493389423077 0.26119978632478635 0.6684513221153847 0.2577056623931624 0.6722184495192308 0.2579967948717949 0.6789341947115385 0.2789626068376068 0.6787704326923076 0.28682478632478636 0.6769684495192307 0.28682478632478636 0.675166766826923 0.28740705128205124 0.6738563701923077 0.2911928418803419 0.672709735576923 0.2946869658119658