1 0.3016826923076923 0.21474358974358973 0.3010817307692308 0.2206196581196581 0.3043870192307692 0.22916666666666666 0.30618990384615385 0.23130341880341881 0.30859375 0.23023504273504272 0.3173076923076923 0.2126068376068376 0.31820913461538464 0.20673076923076922 0.3176081730769231 0.19658119658119658 0.3128004807692308 0.19444444444444445 0.30649038461538464 0.20352564102564102
1 0.27914663461538464 0.23183760683760685 0.28064903846153844 0.24412393162393162 0.2821514423076923 0.24786324786324787 0.28365384615384615 0.24786324786324787 0.3016826923076923 0.2377136752136752 0.30408653846153844 0.234508547008547 0.3046875 0.23076923076923078 0.2998798076923077 0.21901709401709402 0.28185096153846156 0.22756410256410256
1 0.25390625 0.24145299145299146 0.25390625 0.2548076923076923 0.2566105769230769 0.2564102564102564 0.27674278846153844 0.25267094017094016 0.2800480769230769 0.24786324786324787 0.27914663461538464 0.23664529914529914 0.2761418269230769 0.2329059829059829 0.25721153846153844 0.23664529914529914 0.2551081730769231 0.2377136752136752
1 0.22686298076923078 0.24305555555555555 0.22596153846153846 0.2516025641025641 0.23046875 0.25587606837606836 0.25210336538461536 0.2548076923076923 0.2536057692307692 0.2516025641025641 0.2536057692307692 0.2377136752136752 0.24849759615384615 0.234508547008547 0.23016826923076922 0.234508547008547 0.22806490384615385 0.23717948717948717
1 0.19621394230769232 0.27136752136752135 0.19471153846153846 0.2793803418803419 0.19561298076923078 0.28205128205128205 0.2013221153846154 0.28685897435897434 0.20462740384615385 0.28685897435897434 0.2166466346153846 0.26655982905982906 0.21784855769230768 0.2548076923076923 0.21514423076923078 0.24893162393162394 0.20793269230769232 0.25106837606837606
1 0.17518028846153846 0.31837606837606836 0.1736778846153846 0.32425213675213677 0.17457932692307693 0.3333333333333333 0.18509615384615385 0.32905982905982906 0.19411057692307693 0.31143162393162394 0.19591346153846154 0.3002136752136752 0.19290865384615385 0.2932692307692308 0.18900240384615385 0.2932692307692308 0.18269230769230768 0.30074786324786323
1 0.15264423076923078 0.43643162393162394 0.15144230769230768 0.43856837606837606 0.15144230769230768 0.44764957264957267 0.15294471153846154 0.4807692307692308 0.15715144230769232 0.484508547008547 0.16075721153846154 0.483974358974359 0.16436298076923078 0.47863247863247865 0.16135817307692307 0.44177350427350426 0.15985576923076922 0.4375 0.15504807692307693 0.43536324786324787
1 0.16856971153846154 0.4791666666666667 0.16796875 0.4909188034188034 0.16947115384615385 0.4962606837606838 0.171875 0.49893162393162394 0.1953125 0.4951923076923077 0.19921875 0.49145299145299143 0.19981971153846154 0.48824786324786323 0.19951923076923078 0.48023504273504275 0.19831730769230768 0.4754273504273504 0.19651442307692307 0.4738247863247863 0.17247596153846154 0.47649572649572647
1 0.19921875 0.4700854700854701 0.19951923076923078 0.4813034188034188 0.20072115384615385 0.48717948717948717 0.20222355769230768 0.48878205128205127 0.20763221153846154 0.4877136752136752 0.22686298076923078 0.4775641025641026 0.22986778846153846 0.4738247863247863 0.22926682692307693 0.4599358974358974 0.22746394230769232 0.45566239316239315 0.20222355769230768 0.46634615384615385
1 0.22956730769230768 0.4583333333333333 0.22986778846153846 0.4738247863247863 0.23197115384615385 0.47596153846153844 0.25330528846153844 0.4668803418803419 0.2590144230769231 0.46314102564102566 0.25931490384615385 0.4599358974358974 0.2578125 0.44551282051282054 0.2566105769230769 0.4444444444444444 0.24879807692307693 0.44604700854700857 0.2361778846153846 0.45245726495726496
1 0.2590144230769231 0.44551282051282054 0.25931490384615385 0.4583333333333333 0.2614182692307692 0.46260683760683763 0.28365384615384615 0.4561965811965812 0.2860576923076923 0.45405982905982906 0.2878605769230769 0.44925213675213677 0.28695913461538464 0.4407051282051282 0.28305288461538464 0.4342948717948718 0.26322115384615385 0.44177350427350426
1 0.2902644230769231 0.4321581196581197 0.2893629807692308 0.43536324786324787 0.28966346153846156 0.44604700854700857 0.29236778846153844 0.45085470085470086 0.3137019230769231 0.44497863247863245 0.3167067307692308 0.4428418803418803 0.31790865384615385 0.4391025641025641 0.3167067307692308 0.42895299145299143 0.31400240384615385 0.42414529914529914 0.2938701923076923 0.42948717948717946
1 0.3356370192307692 0.42254273504273504 0.3350360576923077 0.4337606837606838 0.33653846153846156 0.43643162393162394 0.35877403846153844 0.4423076923076923 0.36087740384615385 0.43963675213675213 0.36177884615384615 0.4252136752136752 0.3596754807692308 0.42254273504273504 0.33984375 0.4166666666666667 0.33743990384615385 0.41773504273504275
1 0.36147836538461536 0.43162393162393164 0.36177884615384615 0.4423076923076923 0.3819110576923077 0.4497863247863248 0.3879206730769231 0.44871794871794873 0.38852163461538464 0.4342948717948718 0.3870192307692308 0.4310897435897436 0.3659855769230769 0.42467948717948717 0.36328125 0.42574786324786323
1 0.3897235576923077 0.43856837606837606 0.3897235576923077 0.44925213675213677 0.39272836538461536 0.4519230769230769 0.40625 0.4561965811965812 0.4131610576923077 0.4561965811965812 0.4167668269230769 0.452991452991453 0.41646634615384615 0.44177350427350426 0.41466346153846156 0.43803418803418803 0.39393028846153844 0.4326923076923077
1 0.44771634615384615 0.452991452991453 0.44711538461538464 0.4561965811965812 0.4489182692307692 0.4577991452991453 0.47085336538461536 0.4599358974358974 0.4738581730769231 0.45886752136752135 0.4756610576923077 0.44711538461538464 0.47415865384615385 0.44497863247863245 0.45552884615384615 0.44551282051282054 0.4495192307692308 0.44871794871794873
1 0.47596153846153844 0.4497863247863248 0.4756610576923077 0.45726495726495725 0.47716346153846156 0.4620726495726496 0.47896634615384615 0.45886752136752135 0.4840745192307692 0.4561965811965812 0.5 0.4545940170940171 0.5009014423076923 0.453525641025641 0.5009014423076923 0.44497863247863245 0.4990985576923077 0.4423076923076923 0.49459134615384615 0.4423076923076923 0.47716346153846156 0.44551282051282054
1 0.5015024038461539 0.44497863247863245 0.5012019230769231 0.452991452991453 0.5042067307692307 0.4551282051282051 0.5282451923076923 0.44925213675213677 0.5258413461538461 0.43536324786324787 0.5036057692307693 0.4423076923076923
1 0.5264423076923077 0.43536324786324787 0.5261418269230769 0.43963675213675213 0.5282451923076923 0.44871794871794873 0.5327524038461539 0.4497863247863248 0.5483774038461539 0.43482905982905984 0.5498798076923077 0.43162393162393164 0.5465745192307693 0.42467948717948717 0.5447716346153846 0.42467948717948717 0.5303485576923077 0.43162393162393164
1 0.38731971153846156 0.31356837606837606 0.3876201923076923 0.3215811965811966 0.39603365384615385 0.3450854700854701 0.39783653846153844 0.3472222222222222 0.40414663461538464 0.34455128205128205 0.40444711538461536 0.3344017094017094 0.40294471153846156 0.32745726495726496 0.3975360576923077 0.3162393162393162 0.39212740384615385 0.3092948717948718 0.3903245192307692 0.3092948717948718
1 0.4762620192307692 0.20886752136752137 0.47475961538461536 0.21634615384615385 0.4753605769230769 0.22008547008547008 0.4870793269230769 0.23397435897435898 0.4921875 0.2377136752136752 0.49609375 0.22702991452991453 0.4957932692307692 0.22382478632478633 0.4840745192307692 0.20726495726495728 0.4792668269230769 0.20619658119658119
1 0.49399038461538464 0.2297008547008547 0.4918870192307692 0.2377136752136752 0.5048076923076923 0.2537393162393162 0.5120192307692307 0.25854700854700857 0.515625 0.24786324786324787 0.5120192307692307 0.2387820512820513 0.5015024038461539 0.22863247863247863 0.4957932692307692 0.22756410256410256
1 0.5135216346153846 0.25106837606837606 0.5114182692307693 0.25854700854700857 0.5189302884615384 0.2708333333333333 0.5297475961538461 0.2825854700854701 0.5324519230769231 0.2708333333333333 0.5321514423076923 0.265491452991453 0.5222355769230769 0.25106837606837606 0.5162259615384616 0.2483974358974359
1 0.5303485576923077 0.27724358974358976 0.53125 0.2831196581196581 0.5432692307692307 0.296474358974359 0.546875 0.2986111111111111 0.5528846153846154 0.29433760683760685 0.5534855769230769 0.2857905982905983 0.5513822115384616 0.280982905982906 0.5375600961538461 0.26816239316239315 0.5336538461538461 0.2686965811965812
1 0.5655048076923077 0.2825854700854701 0.5655048076923077 0.2905982905982906 0.5685096153846154 0.29433760683760685 0.5862379807692307 0.2863247863247863 0.5886418269230769 0.2825854700854701 0.5886418269230769 0.27884615384615385 0.5874399038461539 0.27136752136752135 0.5838341346153846 0.26976495726495725 0.5709134615384616 0.27510683760683763 0.5673076923076923 0.2783119658119658
1 0.5889423076923077 0.2692307692307692 0.5877403846153846 0.2724358974358974 0.5883413461538461 0.2825854700854701 0.5919471153846154 0.28365384615384615 0.60546875 0.2761752136752137 0.6081730769230769 0.27297008547008544 0.6096754807692307 0.26655982905982906 0.6096754807692307 0.25801282051282054 0.5988581730769231 0.26121794871794873 0.5922475961538461 0.26495726495726496
1 0.6081730769230769 0.25801282051282054 0.6078725961538461 0.26175213675213677 0.609375 0.26335470085470086 0.6102764423076923 0.2692307692307692 0.6120793269230769 0.2708333333333333 0.6262019230769231 0.266025641025641 0.6310096153846154 0.25961538461538464 0.6301081730769231 0.2516025641025641 0.6274038461538461 0.2483974358974359 0.6159855769230769 0.25106837606837606
1 0.1769630408653846 0.36569871794871794 0.1848533653846154 0.33514049145299146 0.18259885817307692 0.327125 0.1769630408653846 0.3256223290598291 0.1732998798076923 0.3276260683760684 0.16625510817307693 0.3576832264957265 0.16850961538461537 0.3581842948717949 0.17414513221153843 0.3636949786324786
1 0.1671006610576923 0.4002649572649573 0.17639963942307693 0.3672019230769231 0.17499068509615384 0.3566816239316239 0.1671006610576923 0.3576832264957265 0.16315564903846153 0.361190170940171 0.1555471754807692 0.3917483974358974 0.16174669471153846 0.3927505341880342 0.16512800480769232 0.39826121794871794
1 0.1625919471153846 0.4298215811965812 0.16569170673076924 0.40176762820512824 0.16484615384615384 0.3927505341880342 0.15892878605769228 0.3902457264957265 0.1544200721153846 0.39876175213675213 0.15103876201923078 0.43433012820512823 0.15667427884615387 0.43533173076923076 0.16061929086538462 0.4408424145299145
1 0.4176105769230769 0.4137905982905983 0.4260643028846154 0.4438482905982906 0.4345177283653846 0.4413434829059829 0.4345177283653846 0.4283183760683761 0.42409164663461535 0.39776014957264955 0.4176105769230769 0.40126655982905984
1 0.4159197716346154 0.4082799145299145 0.40492998798076923 0.37922489316239316 0.40859314903846156 0.36870459401709405 0.41338371394230766 0.3677024572649573 0.42324639423076926 0.3947542735042735 0.41986478365384616 0.39776014957264955 0.4173287259615384 0.40176762820512824
1 0.4046481370192308 0.3712094017094017 0.39647626201923075 0.35016933760683766 0.39732181490384616 0.34165277777777775 0.40267578125000003 0.33964903846153843 0.4131018629807693 0.36569871794871794 0.41338371394230766 0.3677024572649573 0.40859314903846156 0.3677024572649573 0.4060570913461538 0.37521688034188033
2 0.2890625 0.1875 0.2890625 0.19925213675213677 0.2926682692307692 0.20192307692307693 0.3073918269230769 0.20245726495726496 0.31310096153846156 0.19284188034188035 0.3115985576923077 0.18536324786324787 0.3094951923076923 0.18322649572649571 0.2932692307692308 0.18269230769230768 0.2902644230769231 0.1842948717948718
2 0.2608173076923077 0.1858974358974359 0.26021634615384615 0.19925213675213677 0.2620192307692308 0.202991452991453 0.28185096153846156 0.20032051282051283 0.2848557692307692 0.1971153846153846 0.2839543269230769 0.18536324786324787 0.28185096153846156 0.18162393162393162 0.26742788461538464 0.18215811965811965
2 0.23197115384615385 0.18963675213675213 0.23076923076923078 0.19925213675213677 0.23347355769230768 0.20619658119658119 0.2536057692307692 0.20512820512820512 0.2569110576923077 0.2013888888888889 0.25540865384615385 0.18856837606837606 0.25180288461538464 0.18482905982905984 0.2364783653846154 0.18482905982905984 0.23377403846153846 0.1858974358974359
2 0.2091346153846154 0.2168803418803419 0.20763221153846154 0.23023504273504272 0.2088341346153846 0.23824786324786323 0.20973557692307693 0.23985042735042736 0.21784855769230768 0.23824786324786323 0.21905048076923078 0.23557692307692307 0.2208533653846154 0.21794871794871795 0.21965144230769232 0.202991452991453 0.21334134615384615 0.20192307692307693
2 0.18810096153846154 0.26655982905982906 0.18810096153846154 0.2783119658119658 0.19561298076923078 0.28044871794871795 0.1974158653846154 0.2686965811965812 0.2052283653846154 0.2548076923076923 0.2049278846153846 0.24465811965811965 0.20162259615384615 0.2419871794871795 0.1971153846153846 0.24412393162393162
2 0.16436298076923078 0.31517094017094016 0.16346153846153846 0.32264957264957267 0.16736778846153846 0.32745726495726496 0.16826923076923078 0.33226495726495725 0.1736778846153846 0.3247863247863248 0.1817908653846154 0.3002136752136752 0.17908653846153846 0.29433760683760685 0.17457932692307693 0.2932692307692308
2 0.15354567307692307 0.34775641025641024 0.15324519230769232 0.3525641025641026 0.1544471153846154 0.3541666666666667 0.15745192307692307 0.35149572649572647 0.16135817307692307 0.35523504273504275 0.16466346153846154 0.3525641025641026 0.17037259615384615 0.327991452991453 0.16826923076923078 0.327991452991453 0.16466346153846154 0.32264957264957267 0.16135817307692307 0.32371794871794873 0.15775240384615385 0.3311965811965812
2 0.14002403846153846 0.4391025641025641 0.140625 0.48023504273504275 0.14332932692307693 0.4823717948717949 0.15144230769230768 0.4807692307692308 0.15234375 0.468482905982906 0.15084134615384615 0.4391025641025641 0.1484375 0.43643162393162394 0.1424278846153846 0.43696581196581197
2 0.14423076923076922 0.5053418803418803 0.14423076923076922 0.5202991452991453 0.1502403846153846 0.5480769230769231 0.1544471153846154 0.5512820512820513 0.15985576923076922 0.5470085470085471 0.16045673076923078 0.5389957264957265 0.15354567307692307 0.5048076923076923 0.15114182692307693 0.5021367521367521 0.14693509615384615 0.5016025641025641
2 0.1541466346153846 0.5518162393162394 0.15324519230769232 0.5550213675213675 0.1544471153846154 0.5646367521367521 0.16466346153846154 0.5870726495726496 0.17638221153846154 0.5811965811965812 0.17487980769230768 0.5742521367521367 0.16135817307692307 0.5491452991452992 0.15745192307692307 0.5491452991452992
2 0.21454326923076922 0.6324786324786325 0.21454326923076922 0.6383547008547008 0.2169471153846154 0.6442307692307693 0.234375 0.6650641025641025 0.23948317307692307 0.6655982905982906 0.24338942307692307 0.656517094017094 0.24368990384615385 0.6506410256410257 0.24248798076923078 0.6469017094017094 0.22566105769230768 0.624465811965812 0.22235576923076922 0.6228632478632479 0.21724759615384615 0.6239316239316239 0.21544471153846154 0.6266025641025641
2 0.24459134615384615 0.6645299145299145 0.2442908653846154 0.6714743589743589 0.24519230769230768 0.6725427350427351 0.2653245192307692 0.6858974358974359 0.27403846153846156 0.6832264957264957 0.2776442307692308 0.6682692307692307 0.2770432692307692 0.6645299145299145 0.27283653846153844 0.6597222222222222 0.25240384615384615 0.6511752136752137 0.24759615384615385 0.6533119658119658
2 0.27524038461538464 0.6821581196581197 0.27493990384615385 0.6858974358974359 0.27734375 0.6901709401709402 0.30258413461538464 0.7008547008547008 0.3055889423076923 0.6992521367521367 0.30709134615384615 0.6858974358974359 0.30709134615384615 0.6821581196581197 0.3043870192307692 0.6784188034188035 0.28335336538461536 0.6677350427350427 0.27884615384615385 0.6682692307692307 0.2770432692307692 0.6720085470085471
2 0.30649038461538464 0.6901709401709402 0.30618990384615385 0.6997863247863247 0.31009615384615385 0.7035256410256411 0.33533653846153844 0.7083333333333334 0.33774038461538464 0.7061965811965812 0.33834134615384615 0.7029914529914529 0.33804086538461536 0.6891025641025641 0.33413461538461536 0.6864316239316239 0.3097956730769231 0.6816239316239316
2 0.33984375 0.688034188034188 0.33984375 0.7019230769230769 0.34164663461538464 0.7056623931623932 0.3659855769230769 0.7019230769230769 0.3701923076923077 0.6992521367521367 0.3713942307692308 0.6944444444444444 0.3698918269230769 0.6821581196581197 0.3668870192307692 0.6789529914529915 0.34615384615384615 0.6832264957264957
2 0.37259615384615385 0.6757478632478633 0.37289663461538464 0.6923076923076923 0.37650240384615385 0.6965811965811965 0.40084134615384615 0.688034188034188 0.4032451923076923 0.6832264957264957 0.40294471153846156 0.6720085470085471 0.3996394230769231 0.6661324786324786 0.37740384615384615 0.6709401709401709
2 0.4480168269230769 0.6672008547008547 0.44771634615384615 0.6805555555555556 0.4495192307692308 0.6848290598290598 0.4528245192307692 0.6864316239316239 0.4558293269230769 0.6837606837606838 0.47506009615384615 0.6784188034188035 0.4774639423076923 0.6714743589743589 0.4762620192307692 0.6607905982905983 0.4723557692307692 0.6575854700854701 0.4573317307692308 0.6613247863247863
2 0.47836538461538464 0.655982905982906 0.47866586538461536 0.6672008547008547 0.48227163461538464 0.6704059829059829 0.5054086538461539 0.6682692307692307 0.5084134615384616 0.6645299145299145 0.5072115384615384 0.6490384615384616 0.5051081730769231 0.6463675213675214 0.48257211538461536 0.6495726495726496
2 0.5102163461538461 0.6474358974358975 0.5102163461538461 0.6613247863247863 0.5120192307692307 0.6655982905982906 0.5330528846153846 0.6613247863247863 0.5378605769230769 0.6586538461538461 0.5390625 0.655448717948718 0.5381610576923077 0.6415598290598291 0.5366586538461539 0.6394230769230769 0.5153245192307693 0.6431623931623932
2 0.54296875 0.6372863247863247 0.5432692307692307 0.6549145299145299 0.5679086538461539 0.6517094017094017 0.5709134615384616 0.6436965811965812 0.5706129807692307 0.6335470085470085 0.5676081730769231 0.6292735042735043 0.546875 0.6319444444444444
2 0.5591947115384616 0.5811965811965812 0.5594951923076923 0.5977564102564102 0.5661057692307693 0.625 0.5709134615384616 0.6271367521367521 0.5763221153846154 0.6239316239316239 0.5769230769230769 0.6159188034188035 0.5679086538461539 0.5806623931623932 0.5631009615384616 0.5779914529914529
2 0.5540865384615384 0.5502136752136753 0.5537860576923077 0.5726495726495726 0.5549879807692307 0.5790598290598291 0.5579927884615384 0.5817307692307693 0.5649038461538461 0.5774572649572649 0.5655048076923077 0.5737179487179487 0.5631009615384616 0.5363247863247863 0.5591947115384616 0.5347222222222222 0.5561899038461539 0.5368589743589743 0.5549879807692307 0.5395299145299145
2 0.5634014423076923 0.5213675213675214 0.5621995192307693 0.5256410256410257 0.5631009615384616 0.5325854700854701 0.5679086538461539 0.5352564102564102 0.5886418269230769 0.5352564102564102 0.5901442307692307 0.5325854700854701 0.5904447115384616 0.5186965811965812 0.5865384615384616 0.5149572649572649 0.5676081730769231 0.5144230769230769
2 0.5910456730769231 0.5256410256410257 0.5910456730769231 0.5347222222222222 0.59375 0.5373931623931624 0.609375 0.5357905982905983 0.6153846153846154 0.5331196581196581 0.6177884615384616 0.5293803418803419 0.6171875 0.5176282051282052 0.6159855769230769 0.5149572649572649 0.6126802884615384 0.5138888888888888 0.5952524038461539 0.5176282051282052 0.5925480769230769 0.5197649572649573
2 0.6298076923076923 0.5432692307692307 0.6301081730769231 0.5496794871794872 0.6439302884615384 0.5801282051282052 0.6472355769230769 0.5801282051282052 0.6529447115384616 0.5737179487179487 0.65234375 0.5608974358974359 0.6403245192307693 0.5352564102564102 0.6373197115384616 0.5325854700854701 0.6343149038461539 0.5336538461538461 0.6322115384615384 0.5357905982905983
2 0.6478365384615384 0.5817307692307693 0.6472355769230769 0.5886752136752137 0.6586538461538461 0.6196581196581197 0.6613581730769231 0.6228632478632479 0.66796875 0.6201923076923077 0.6694711538461539 0.6137820512820513 0.6685697115384616 0.6052350427350427 0.6577524038461539 0.5758547008547008 0.6538461538461539 0.5731837606837606
2 0.66796875 0.6233974358974359 0.6673677884615384 0.6303418803418803 0.6682692307692307 0.6330128205128205 0.6823918269230769 0.6613247863247863 0.6859975961538461 0.6623931623931624 0.69140625 0.657051282051282 0.6926081730769231 0.6522435897435898 0.69140625 0.6431623931623932 0.6784855769230769 0.6159188034188035 0.6739783653846154 0.6153846153846154
2 0.7109375 0.6666666666666666 0.7103365384615384 0.6714743589743589 0.7127403846153846 0.6773504273504274 0.7169471153846154 0.6800213675213675 0.7196514423076923 0.6778846153846154 0.7373798076923077 0.6575854700854701 0.73828125 0.6543803418803419 0.7367788461538461 0.6431623931623932 0.734375 0.6404914529914529 0.7298677884615384 0.6431623931623932 0.7163461538461539 0.657051282051282
2 0.7379807692307693 0.6415598290598291 0.73828125 0.6543803418803419 0.7394831730769231 0.655982905982906 0.7448918269230769 0.655448717948718 0.7638221153846154 0.6442307692307693 0.7650240384615384 0.6298076923076923 0.7635216346153846 0.6266025641025641 0.7593149038461539 0.6266025641025641 0.7403846153846154 0.6362179487179487
2 0.765625 0.6266025641025641 0.7659254807692307 0.6420940170940171 0.7707331730769231 0.6442307692307693 0.7923677884615384 0.6442307692307693 0.7956730769230769 0.6303418803418803 0.7944711538461539 0.6266025641025641 0.7905649038461539 0.624465811965812 0.7686298076923077 0.6228632478632479
2 0.7944711538461539 0.6388888888888888 0.7947716346153846 0.6447649572649573 0.8209134615384616 0.6639957264957265 0.8230168269230769 0.6623931623931624 0.8269230769230769 0.6511752136752137 0.8260216346153846 0.6436965811965812 0.82421875 0.6404914529914529 0.8088942307692307 0.6324786324786325 0.8037860576923077 0.6276709401709402 0.7983774038461539 0.6282051282051282
2 0.8263221153846154 0.656517094017094 0.8245192307692307 0.6650641025641025 0.8269230769230769 0.6693376068376068 0.8485576923076923 0.6923076923076923 0.8521634615384616 0.6917735042735043 0.8563701923076923 0.6853632478632479 0.8569711538461539 0.6805555555555556 0.8518629807692307 0.6682692307692307 0.8386418269230769 0.6543803418803419 0.8311298076923077 0.6495726495726496 0.8284254807692307 0.6517094017094017
2 0.8590745192307693 0.6757478632478633 0.8566706730769231 0.6858974358974359 0.8512620192307693 0.6923076923076923 0.8518629807692307 0.6955128205128205 0.8728966346153846 0.7232905982905983 0.8762019230769231 0.7254273504273504 0.8786057692307693 0.7238247863247863 0.8828125 0.7158119658119658 0.8825120192307693 0.7072649572649573 0.8792067307692307 0.6965811965811965 0.8746995192307693 0.6891025641025641 0.8674879807692307 0.6816239316239316
2 0.8662860576923077 0.657051282051282 0.8644831730769231 0.6602564102564102 0.8659855769230769 0.6677350427350427 0.8825120192307693 0.6965811965811965 0.8879206730769231 0.6992521367521367 0.8918269230769231 0.6955128205128205 0.8948317307692307 0.6858974358974359 0.8942307692307693 0.6821581196581197 0.8780048076923077 0.6538461538461539 0.8728966346153846 0.6485042735042735
2 0.8455528846153846 0.6196581196581197 0.8470552884615384 0.6303418803418803 0.8584735576923077 0.655982905982906 0.8623798076923077 0.6602564102564102 0.8659855769230769 0.6607905982905983 0.8716947115384616 0.6474358974358975 0.8665865384615384 0.6335470085470085 0.8557692307692307 0.6121794871794872 0.8521634615384616 0.6116452991452992
2 0.8326322115384616 0.5705128205128205 0.8305288461538461 0.5742521367521367 0.8305288461538461 0.5790598290598291 0.8404447115384616 0.6121794871794872 0.8449519230769231 0.6169871794871795 0.8515625 0.6121794871794872 0.8533653846153846 0.6079059829059829 0.8536658653846154 0.6020299145299145 0.8434495192307693 0.5705128205128205 0.8386418269230769 0.5651709401709402
2 0.8185096153846154 0.5341880341880342 0.8191105769230769 0.5416666666666666 0.8257211538461539 0.5699786324786325 0.8278245192307693 0.5731837606837606 0.8314302884615384 0.5737179487179487 0.8362379807692307 0.5662393162393162 0.8368389423076923 0.5625 0.8305288461538461 0.5299145299145299 0.828125 0.5267094017094017 0.82421875 0.5261752136752137
2 0.8140024038461539 0.4967948717948718 0.8128004807692307 0.5053418803418803 0.8134014423076923 0.5133547008547008 0.8212139423076923 0.5170940170940171 0.8230168269230769 0.5128205128205128 0.8284254807692307 0.484508547008547 0.8284254807692307 0.47702991452991456 0.8239182692307693 0.47435897435897434 0.8197115384615384 0.4780982905982906
2 0.7905649038461539 0.4620726495726496 0.7911658653846154 0.4700854700854701 0.8137019230769231 0.48344017094017094 0.81640625 0.4813034188034188 0.8185096153846154 0.47115384615384615 0.8185096153846154 0.4668803418803419 0.8170072115384616 0.4636752136752137 0.7992788461538461 0.45245726495726496 0.7965745192307693 0.4519230769230769 0.7932692307692307 0.4545940170940171
2 0.18836989182692307 0.6294588675213675 0.19727554086538462 0.6203429487179487 0.1961962139423077 0.6102676282051283 0.17703515625 0.5814818376068377 0.17136808894230768 0.5886784188034189 0.17109795673076922 0.6011522435897436
2 0.1371123798076923 0.43289903846153843 0.14445522836538463 0.3969353632478632 0.14880078125 0.39560309829059825 0.152546875 0.3969353632478632 0.15299639423076924 0.4003985042735043 0.14835126201923077 0.4344973290598291 0.14490474759615385 0.4360961538461538 0.14220733173076924 0.43662873931623936 0.1404092548076923 0.4387601495726496
2 0.15464483173076923 0.3953365384615385 0.16348587740384615 0.36070459401709404 0.16138822115384616 0.3556431623931624 0.15314633413461537 0.35457745726495726 0.15104837740384616 0.35511057692307696 0.14325631009615386 0.39187339743589744 0.14295673076923077 0.3980005341880342 0.14610336538461538 0.394803952991453 0.152546875 0.3972013888888889
0 0.21754807692307693 0.6057692307692307 0.21754807692307693 0.6159188034188035 0.21935096153846154 0.6196581196581197 0.22175480769230768 0.6207264957264957 0.24669471153846154 0.6169871794871795 0.25 0.6143162393162394 0.24969951923076922 0.5972222222222222 0.24729567307692307 0.594551282051282 0.22295673076923078 0.5982905982905983 0.2205528846153846 0.5998931623931624
0 0.24969951923076922 0.5982905982905983 0.24939903846153846 0.6159188034188035 0.2503004807692308 0.6164529914529915 0.2782451923076923 0.6180555555555556 0.28185096153846156 0.6148504273504274 0.28185096153846156 0.6009615384615384 0.27914663461538464 0.5972222222222222 0.25390625 0.5950854700854701
0 0.2893629807692308 0.6025641025641025 0.2887620192307692 0.6143162393162394 0.29146634615384615 0.6191239316239316 0.31069711538461536 0.6266025641025641 0.31460336538461536 0.6260683760683761 0.31850961538461536 0.6217948717948718 0.3194110576923077 0.6127136752136753 0.3125 0.6036324786324786 0.2932692307692308 0.5972222222222222 0.29056490384615385 0.5988247863247863
0 0.3173076923076923 0.5918803418803419 0.3134014423076923 0.6014957264957265 0.3137019230769231 0.6057692307692307 0.3173076923076923 0.6105769230769231 0.32091346153846156 0.6116452991452992 0.3356370192307692 0.5913461538461539 0.3401442307692308 0.5817307692307693 0.34164663461538464 0.5742521367521367 0.3386418269230769 0.5683760683760684 0.3350360576923077 0.5673076923076923 0.3284254807692308 0.5742521367521367
0 0.33743990384615385 0.5603632478632479 0.3368389423076923 0.5673076923076923 0.33924278846153844 0.5694444444444444 0.34194711538461536 0.5758547008547008 0.34525240384615385 0.5742521367521367 0.3563701923076923 0.5528846153846154 0.3590745192307692 0.5432692307692307 0.35877403846153844 0.5379273504273504 0.3515625 0.5357905982905983 0.3467548076923077 0.5422008547008547
0 0.3515625 0.5293803418803419 0.3512620192307692 0.5325854700854701 0.3524639423076923 0.5352564102564102 0.359375 0.5368589743589743 0.36268028846153844 0.5336538461538461 0.37650240384615385 0.5048076923076923 0.3759014423076923 0.5026709401709402 0.3698918269230769 0.49732905982905984 0.3662860576923077 0.49946581196581197 0.35546875 0.5186965811965812
0 0.36929086538461536 0.4893162393162393 0.36929086538461536 0.4962606837606838 0.3737980769230769 0.4983974358974359 0.3737980769230769 0.5016025641025641 0.37710336538461536 0.5021367521367521 0.38341346153846156 0.49893162393162394 0.3942307692307692 0.48717948717948717 0.3948317307692308 0.4823717948717949 0.3936298076923077 0.47275641025641024 0.3915264423076923 0.47115384615384615 0.3864182692307692 0.47275641025641024
0 0.39393028846153844 0.4700854700854701 0.39513221153846156 0.4829059829059829 0.3981370192307692 0.48504273504273504 0.4191706730769231 0.47489316239316237 0.4209735576923077 0.4716880341880342 0.42127403846153844 0.46634615384615385 0.42007211538461536 0.4599358974358974 0.41346153846153844 0.4567307692307692 0.39663461538461536 0.4658119658119658
0 0.43509615384615385 0.4754273504273504 0.4347956730769231 0.4807692307692308 0.4371995192307692 0.4861111111111111 0.45252403846153844 0.5048076923076923 0.4573317307692308 0.5026709401709402 0.4606370192307692 0.4946581196581197 0.4606370192307692 0.4909188034188034 0.4567307692307692 0.48344017094017094 0.44320913461538464 0.4668803418803419 0.4375 0.468482905982906
0 0.4597355769230769 0.4983974358974359 0.4579326923076923 0.5058760683760684 0.4582331730769231 0.5085470085470085 0.4612379807692308 0.5122863247863247 0.47986778846153844 0.5240384615384616 0.48377403846153844 0.5229700854700855 0.4852764423076923 0.5192307692307693 0.48617788461538464 0.5064102564102564 0.48257211538461536 0.5016025641025641 0.4678485576923077 0.4935897435897436 0.46274038461538464 0.4935897435897436
0 0.48617788461538464 0.5117521367521367 0.48497596153846156 0.5224358974358975 0.4873798076923077 0.5267094017094017 0.5021033653846154 0.530982905982906 0.5126201923076923 0.5288461538461539 0.5150240384615384 0.5261752136752137 0.5144230769230769 0.5154914529914529 0.5084134615384616 0.5112179487179487 0.49068509615384615 0.5069444444444444 0.4873798076923077 0.5080128205128205
0 0.5162259615384616 0.5170940170940171 0.5162259615384616 0.5261752136752137 0.5264423076923077 0.5277777777777778 0.5285456730769231 0.532051282051282 0.5315504807692307 0.5331196581196581 0.5402644230769231 0.5331196581196581 0.5420673076923077 0.530448717948718 0.5438701923076923 0.5224358974358975 0.5423677884615384 0.5122863247863247 0.5261418269230769 0.5080128205128205 0.5180288461538461 0.5096153846153846
0 0.5667067307692307 0.4375 0.5658052884615384 0.44604700854700857 0.5673076923076923 0.44925213675213677 0.5868389423076923 0.44925213675213677 0.5928485576923077 0.44604700854700857 0.5934495192307693 0.4321581196581197 0.5889423076923077 0.42895299145299143 0.5700120192307693 0.4305555555555556 0.5679086538461539 0.4326923076923077
0 0.5943509615384616 0.4321581196581197 0.5931490384615384 0.44604700854700857 0.5946514423076923 0.44764957264957267 0.6150841346153846 0.4481837606837607 0.6177884615384616 0.44604700854700857 0.6177884615384616 0.43696581196581197 0.6171875 0.4321581196581197 0.6159855769230769 0.4310897435897436 0.5985576923076923 0.42948717948717946
0 0.6328125 0.4561965811965812 0.6322115384615384 0.4636752136752137 0.6334134615384616 0.46794871794871795 0.6559495192307693 0.4706196581196581 0.6571514423076923 0.4700854700854701 0.6607572115384616 0.45566239316239315 0.6598557692307693 0.45245726495726496 0.6553485576923077 0.45032051282051283 0.6382211538461539 0.44925213675213677 0.6346153846153846 0.4519230769230769
0 0.6586538461538461 0.46314102564102566 0.6583533653846154 0.4700854700854701 0.6619591346153846 0.4738247863247863 0.6808894230769231 0.4813034188034188 0.6841947115384616 0.48023504273504275 0.6859975961538461 0.47489316239316237 0.6856971153846154 0.4642094017094017 0.6799879807692307 0.4594017094017094 0.6628605769230769 0.453525641025641 0.6604567307692307 0.4551282051282051
0 0.7034254807692307 0.4599358974358974 0.7016225961538461 0.469017094017094 0.7037259615384616 0.4738247863247863 0.7064302884615384 0.47596153846153844 0.7115384615384616 0.4738247863247863 0.72265625 0.46314102564102566 0.7277644230769231 0.4551282051282051 0.7238581730769231 0.44551282051282054 0.7202524038461539 0.44551282051282054 0.7103365384615384 0.45245726495726496
0 0.7250600961538461 0.4391025641025641 0.7235576923076923 0.4439102564102564 0.7268629807692307 0.45245726495726496 0.7295673076923077 0.4551282051282051 0.7457932692307693 0.44925213675213677 0.7481971153846154 0.44604700854700857 0.7487980769230769 0.43963675213675213 0.7448918269230769 0.4321581196581197 0.7340745192307693 0.4342948717948718
0 0.7496995192307693 0.43856837606837606 0.7493990384615384 0.44604700854700857 0.7560096153846154 0.4497863247863248 0.7734375 0.45245726495726496 0.7758413461538461 0.4513888888888889 0.7779447115384616 0.44604700854700857 0.7779447115384616 0.43803418803418803 0.7755408653846154 0.43322649572649574 0.7560096153846154 0.43002136752136755 0.7533052884615384 0.43162393162393164
0 0.7884615384615384 0.3162393162393162 0.7884615384615384 0.3215811965811966 0.7950721153846154 0.3450854700854701 0.7965745192307693 0.3472222222222222 0.80078125 0.3472222222222222 0.8037860576923077 0.3402777777777778 0.8037860576923077 0.3344017094017094 0.796875 0.3092948717948718 0.7926682692307693 0.3092948717948718
0 0.7983774038461539 0.3482905982905983 0.7989783653846154 0.359508547008547 0.8037860576923077 0.3733974358974359 0.8043870192307693 0.37927350427350426 0.8106971153846154 0.3814102564102564 0.8140024038461539 0.3787393162393162 0.8146033653846154 0.36645299145299143 0.8088942307692307 0.3450854700854701 0.8034855769230769 0.3408119658119658
0 0.7629206730769231 0.31837606837606836 0.7623197115384616 0.32211538461538464 0.7641225961538461 0.32905982905982906 0.7653245192307693 0.3311965811965812 0.7686298076923077 0.3295940170940171 0.7779447115384616 0.3178418803418803 0.7791466346153846 0.3071581196581197 0.77734375 0.30395299145299143 0.7725360576923077 0.30395299145299143
0 0.7196514423076923 0.3018162393162393 0.7193509615384616 0.3141025641025641 0.7259615384615384 0.3311965811965812 0.73046875 0.33547008547008544 0.7355769230769231 0.3333333333333333 0.7367788461538461 0.32425213675213677 0.7271634615384616 0.3002136752136752 0.7238581730769231 0.2986111111111111
0 0.7121394230769231 0.2692307692307692 0.7124399038461539 0.2831196581196581 0.7166466346153846 0.29754273504273504 0.7199519230769231 0.3018162393162393 0.7247596153846154 0.3002136752136752 0.7256610576923077 0.29433760683760685 0.7247596153846154 0.2863247863247863 0.7196514423076923 0.265491452991453 0.7151442307692307 0.26495726495726496
0 0.6986177884615384 0.33547008547008544 0.6983173076923077 0.3488247863247863 0.69921875 0.3504273504273504 0.7211538461538461 0.3525641025641026 0.7229567307692307 0.34989316239316237 0.7229567307692307 0.33547008547008544 0.7217548076923077 0.3333333333333333 0.7019230769230769 0.3327991452991453
0 0.6751802884615384 0.33814102564102566 0.6736778846153846 0.3418803418803419 0.6763822115384616 0.3466880341880342 0.6766826923076923 0.3525641025641026 0.6784855769230769 0.3547008547008547 0.6956129807692307 0.3525641025641026 0.6980168269230769 0.34935897435897434 0.6971153846153846 0.3370726495726496 0.6932091346153846 0.33386752136752135 0.6784855769230769 0.3349358974358974
0 0.6514423076923077 0.3530982905982906 0.6520432692307693 0.36378205128205127 0.6568509615384616 0.36538461538461536 0.6736778846153846 0.358974358974359 0.67578125 0.3557692307692308 0.6760817307692307 0.3472222222222222 0.6733774038461539 0.34134615384615385 0.6667668269230769 0.3418803418803419 0.6544471153846154 0.34775641025641024
0 0.7925871394230769 0.451653311965812 0.8060637019230769 0.4238990384615385 0.8060637019230769 0.4174946581196581 0.800993389423077 0.4136992521367522 0.7972572115384615 0.41891773504273505 0.7857821514423077 0.44501121794871795 0.7855150240384615 0.44880662393162396 0.7901853966346154 0.45378792735042733
0 0.80833203125 0.42034081196581197 0.8147367788461538 0.40255021367521365 0.8159378004807691 0.3932986111111111 0.8112674278846155 0.38950320512820513 0.8079317908653846 0.39448504273504276 0.800192608173077 0.41346153846153844 0.8020606971153845 0.4136992521367522 0.8051298076923078 0.41725694444444444 0.8067307692307693 0.42223878205128207 0.8081986177884615 0.4212900641025641
0 0.7460192307692307 0.3494145299145299 0.7648332331730768 0.3354188034188034 0.7646998197115384 0.32664209401709404 0.7626983173076923 0.3211858974358974 0.7598963341346153 0.3211858974358974 0.7444179687499999 0.3325721153846154 0.7420162259615384 0.34040010683760685 0.7412157451923077 0.3456191239316239
4 0.32361778846153844 0.18108974358974358 0.3233173076923077 0.19337606837606838 0.32421875 0.19604700854700854 0.3278245192307692 0.19818376068376067 0.3449519230769231 0.18963675213675213 0.34765625 0.18643162393162394 0.34615384615384615 0.17574786324786323 0.3434495192307692 0.17307692307692307 0.3272235576923077 0.17735042735042736
4 0.34975961538461536 0.17147435897435898 0.34975961538461536 0.18162393162393162 0.3524639423076923 0.18696581196581197 0.37289663461538464 0.18215811965811965 0.37259615384615385 0.16826923076923078 0.3707932692307692 0.16613247863247863 0.35306490384615385 0.16773504273504272
4 0.3740985576923077 0.1672008547008547 0.37439903846153844 0.18215811965811965 0.39513221153846156 0.18269230769230768 0.39633413461538464 0.18108974358974358 0.39603365384615385 0.16987179487179488 0.39453125 0.16452991452991453 0.37950721153846156 0.1639957264957265 0.3762019230769231 0.16452991452991453
4 0.3993389423076923 0.1655982905982906 0.39903846153846156 0.18215811965811965 0.4167668269230769 0.1858974358974359 0.42037259615384615 0.18536324786324787 0.421875 0.18269230769230768 0.4215745192307692 0.17254273504273504 0.41977163461538464 0.16773504273504272 0.4053485576923077 0.1639957264957265
4 0.42367788461538464 0.1704059829059829 0.42397836538461536 0.18322649572649571 0.4423076923076923 0.19284188034188035 0.44471153846153844 0.19017094017094016 0.4456129807692308 0.17841880341880342 0.44350961538461536 0.1736111111111111 0.4305889423076923 0.16666666666666666 0.4254807692307692 0.1672008547008547
4 0.4453125 0.18269230769230768 0.4456129807692308 0.19177350427350429 0.4483173076923077 0.19497863247863248 0.46334134615384615 0.20405982905982906 0.46724759615384615 0.1987179487179487 0.4675480769230769 0.18803418803418803 0.4660456730769231 0.18482905982905984 0.4495192307692308 0.17735042735042736 0.4462139423076923 0.17841880341880342
4 0.4855769230769231 0.1997863247863248 0.48497596153846156 0.20673076923076922 0.48587740384615385 0.20993589743589744 0.4909855769230769 0.2142094017094017 0.5051081730769231 0.21634615384615385 0.5075120192307693 0.21207264957264957 0.5072115384615384 0.2013888888888889 0.5054086538461539 0.1971153846153846 0.48978365384615385 0.1955128205128205 0.4870793269230769 0.19658119658119658
4 0.5120192307692307 0.20993589743589744 0.51171875 0.21314102564102563 0.5141225961538461 0.21741452991452992 0.5282451923076923 0.2222222222222222 0.5318509615384616 0.22168803418803418 0.5354567307692307 0.20993589743589744 0.5348557692307693 0.20673076923076922 0.5321514423076923 0.20405982905982906 0.5162259615384616 0.1997863247863248 0.5132211538461539 0.202991452991453
4 0.5336538461538461 0.2206196581196581 0.5333533653846154 0.22382478632478633 0.5366586538461539 0.22702991452991453 0.5546875 0.23076923076923078 0.5564903846153846 0.22702991452991453 0.5567908653846154 0.2168803418803419 0.5522836538461539 0.2126068376068376 0.5378605769230769 0.2094017094017094 0.5357572115384616 0.21153846153846154
4 0.5567908653846154 0.22435897435897437 0.5564903846153846 0.23023504273504272 0.5594951923076923 0.2329059829059829 0.57421875 0.23717948717948717 0.5787259615384616 0.234508547008547 0.5793269230769231 0.2232905982905983 0.5778245192307693 0.22008547008547008 0.5591947115384616 0.21634615384615385 0.5573918269230769 0.21901709401709402
4 0.5799278846153846 0.22275641025641027 0.5796274038461539 0.234508547008547 0.5826322115384616 0.2377136752136752 0.5973557692307693 0.24305555555555555 0.6012620192307693 0.24091880341880342 0.6024639423076923 0.23076923076923078 0.6006610576923077 0.22702991452991453 0.5856370192307693 0.22008547008547008 0.5814302884615384 0.21955128205128205
4 0.6036658653846154 0.2361111111111111 0.6033653846153846 0.2419871794871795 0.60546875 0.24519230769230768 0.6153846153846154 0.24732905982905984 0.6265024038461539 0.24626068376068377 0.6265024038461539 0.23717948717948717 0.6228966346153846 0.23023504273504272 0.6087740384615384 0.22702991452991453 0.6057692307692307 0.22863247863247863
4 0.6436298076923077 0.24786324786324787 0.6433293269230769 0.2548076923076923 0.6457331730769231 0.25854700854700857 0.6634615384615384 0.2644230769230769 0.6667668269230769 0.26335470085470086 0.6673677884615384 0.2606837606837607 0.66796875 0.25106837606837606 0.6661658653846154 0.24786324786324787 0.6475360576923077 0.2403846153846154
4 0.6691706730769231 0.2516025641025641 0.6673677884615384 0.26121794871794873 0.6688701923076923 0.265491452991453 0.6844951923076923 0.2708333333333333 0.6896033653846154 0.2708333333333333 0.6917067307692307 0.266025641025641 0.6923076923076923 0.25801282051282054 0.6905048076923077 0.2537393162393162 0.6766826923076923 0.25
4 0.6950120192307693 0.2831196581196581 0.6932091346153846 0.2863247863247863 0.6932091346153846 0.2900641025641026 0.6944110576923077 0.297008547008547 0.6962139423076923 0.29914529914529914 0.6998197115384616 0.297008547008547 0.7109375 0.2825854700854701 0.7106370192307693 0.2724358974358974 0.7094350961538461 0.2692307692307692 0.7061298076923077 0.2686965811965812
4 0.6715745192307693 0.2932692307692308 0.6700721153846154 0.29754273504273504 0.6751802884615384 0.30822649572649574 0.6899038461538461 0.30448717948717946 0.6941105769230769 0.3002136752136752 0.6947115384615384 0.296474358974359 0.6926081730769231 0.28846153846153844 0.6760817307692307 0.2905982905982906
4 0.5961538461538461 0.422008547008547 0.5952524038461539 0.42574786324786323 0.5964543269230769 0.42948717948717946 0.6120793269230769 0.42948717948717946 0.6174879807692307 0.43162393162393164 0.6201923076923077 0.42948717948717946 0.6207932692307693 0.4252136752136752 0.6198918269230769 0.4182692307692308 0.6168870192307693 0.41613247863247865 0.6024639423076923 0.41773504273504275
4 0.5691105769230769 0.422008547008547 0.5688100961538461 0.42574786324786323 0.5706129807692307 0.42948717948717946 0.5862379807692307 0.4284188034188034 0.5928485576923077 0.42628205128205127 0.5952524038461539 0.4172008547008547 0.5943509615384616 0.4107905982905983 0.5922475961538461 0.4075854700854701 0.5901442307692307 0.4075854700854701 0.5739182692307693 0.41452991452991456 0.5706129807692307 0.41773504273504275
4 0.5483774038461539 0.47275641025641024 0.5477764423076923 0.47702991452991456 0.5498798076923077 0.4807692307692308 0.5543870192307693 0.4807692307692308 0.5576923076923077 0.4775641025641026 0.5603966346153846 0.46260683760683763 0.5643028846153846 0.45085470085470086 0.5618990384615384 0.44177350427350426 0.5570913461538461 0.43856837606837606 0.5561899038461539 0.43963675213675213
4 0.5447716346153846 0.5122863247863247 0.5450721153846154 0.5208333333333334 0.5498798076923077 0.5235042735042735 0.5540865384615384 0.5213675213675214 0.5573918269230769 0.49145299145299143 0.5564903846153846 0.48344017094017094 0.5537860576923077 0.4807692307692308 0.5498798076923077 0.48344017094017094
4 0.7253605769230769 0.20619658119658119 0.7256610576923077 0.21794871794871795 0.7274639423076923 0.22115384615384615 0.7430889423076923 0.20993589743589744 0.7442908653846154 0.19925213675213677 0.7418870192307693 0.19604700854700854 0.7379807692307693 0.19604700854700854 0.7286658653846154 0.20192307692307693
4 0.7506009615384616 0.2110042735042735 0.7512019230769231 0.2168803418803419 0.7686298076923077 0.23023504273504272 0.7713341346153846 0.22863247863247863 0.7743389423076923 0.2206196581196581 0.7725360576923077 0.2126068376068376 0.7581129807692307 0.20192307692307693 0.7536057692307693 0.20245726495726496
4 0.7743389423076923 0.2232905982905983 0.7722355769230769 0.23076923076923078 0.7728365384615384 0.23397435897435898 0.7755408653846154 0.23717948717948717 0.7899639423076923 0.2483974358974359 0.7935697115384616 0.24893162393162394 0.7956730769230769 0.24412393162393162 0.7965745192307693 0.2377136752136752 0.7932692307692307 0.23076923076923078 0.7794471153846154 0.22008547008547008
4 0.43930288461538464 0.5528846153846154 0.43900240384615385 0.5603632478632479 0.44140625 0.5641025641025641 0.46694711538461536 0.5603632478632479 0.46875 0.5571581196581197 0.4678485576923077 0.5427350427350427 0.4645432692307692 0.5395299145299145 0.44320913461538464 0.5411324786324786 0.44140625 0.5427350427350427
4 0.4714543269230769 0.5427350427350427 0.47055288461538464 0.5496794871794872 0.4714543269230769 0.5571581196581197 0.4729567307692308 0.5587606837606838 0.47986778846153844 0.5576923076923077 0.4969951923076923 0.5534188034188035 0.4987980769230769 0.5496794871794872 0.4990985576923077 0.5363247863247863 0.49038461538461536 0.5341880341880342 0.47415865384615385 0.5384615384615384
4 0.5003004807692307 0.5352564102564102 0.4996995192307692 0.5507478632478633 0.5021033653846154 0.5528846153846154 0.5252403846153846 0.5464743589743589 0.5270432692307693 0.5416666666666666 0.5276442307692307 0.5325854700854701 0.5261418269230769 0.5277777777777778 0.5213341346153846 0.5272435897435898 0.5075120192307693 0.530982905982906
4 0.6257010216346154 0.4294049145299145 0.63061328125 0.4342227564102564 0.6333233173076922 0.4330181623931624 0.6448413461538463 0.4035080128205128 0.6441637620192308 0.39597970085470086 0.6400985576923077 0.394775641025641 0.6368804086538462 0.3974855769230769
4 0.6463656850961539 0.3995934829059829 0.654157451923077 0.37610576923076927 0.6526328125 0.36767414529914527 0.6477208533653845 0.36707211538461537 0.6434861778846154 0.37459989316239317 0.634509014423077 0.3983888888888889 0.6378966346153846 0.39537767094017096 0.6400985576923077 0.393571047008547 0.6443332331730769 0.396582264957265 0.6450108173076923 0.4017013888888889
4 0.6362028245192307 0.34147649572649574 0.6404375000000001 0.34599305555555554 0.6453494591346154 0.3417772435897436 0.6477208533653845 0.33816399572649575 0.6492451923076923 0.3327435897435897 0.6516165865384616 0.3306356837606838 0.6558512620192307 0.32943108974358976 0.658053185096154 0.3255165598290598 0.6578837139423077 0.31708493589743586 0.65449609375 0.313471688034188 0.6511084735576923 0.31497702991452986 0.648737079326923 0.32009615384615386 0.6426394230769231 0.32822649572649576 0.6384047475961538 0.3315389957264957 0.6356947115384616 0.3375614316239316
4 0.660255108173077 0.32401121794871796 0.67414453125 0.31076121794871797 0.6743140024038462 0.3005229700854701 0.6712650240384614 0.2969097222222222 0.6670306490384615 0.29901762820512817 0.6553431490384616 0.308954594017094 0.6539879807692308 0.313471688034188 0.6570369591346155 0.31497702991452986 0.658053185096154 0.3225053418803419
4 0.69751953125 0.2589679487179487 0.7037866586538463 0.2637857905982906 0.7156433293269231 0.2412013888888889 0.7163209134615385 0.23156570512820512 0.7119170673076923 0.23005982905982908 0.707682391826923 0.23216773504273505 0.7051418269230769 0.23788888888888887
4 0.7154741586538461 0.23608226495726498 0.7249594350961538 0.22403739316239318 0.7264840745192308 0.21410042735042734 0.7239432091346154 0.21078792735042737 0.7203861177884616 0.2119925213675214 0.7097151442307692 0.22704861111111113 0.7070048076923077 0.23337232905982905 0.711239483173077 0.23066185897435895 0.7151352163461537 0.23096314102564103
3 0.32361778846153844 0.6260683760683761 0.3233173076923077 0.6372863247863247 0.32572115384615385 0.6415598290598291 0.34555288461538464 0.6522435897435898 0.3488581730769231 0.6527777777777778 0.3518629807692308 0.6501068376068376 0.35396634615384615 0.6378205128205128 0.35306490384615385 0.6330128205128205 0.3317307692307692 0.6185897435897436 0.32632211538461536 0.6201923076923077
3 0.35366586538461536 0.6399572649572649 0.3527644230769231 0.6506410256410257 0.35606971153846156 0.6543803418803419 0.375 0.6618589743589743 0.38070913461538464 0.6618589743589743 0.3840144230769231 0.6575854700854701 0.38431490384615385 0.6442307692307693 0.38040865384615385 0.6388888888888888 0.3581730769230769 0.6324786324786325 0.3557692307692308 0.6340811965811965
3 0.3876201923076923 0.6474358974358975 0.3858173076923077 0.6613247863247863 0.39002403846153844 0.6650641025641025 0.39783653846153844 0.6645299145299145 0.4020432692307692 0.6672008547008547 0.40444711538461536 0.6720085470085471 0.4098557692307692 0.6741452991452992 0.4140625 0.6736111111111112 0.41646634615384615 0.6682692307692307 0.41736778846153844 0.6591880341880342 0.4170673076923077 0.6538461538461539 0.41556490384615385 0.6506410256410257 0.3909254807692308 0.6420940170940171
3 0.42037259615384615 0.6298076923076923 0.41947115384615385 0.6575854700854701 0.42397836538461536 0.6602564102564102 0.4293870192307692 0.6591880341880342 0.4323918269230769 0.6298076923076923 0.4323918269230769 0.6121794871794872 0.4284855769230769 0.6100427350427351 0.4227764423076923 0.6143162393162394 0.42127403846153844 0.6185897435897436
3 0.41947115384615385 0.5902777777777778 0.4191706730769231 0.6079059829059829 0.42037259615384615 0.6121794871794872 0.421875 0.6143162393162394 0.4287860576923077 0.6100427350427351 0.43028846153846156 0.6057692307692307 0.4305889423076923 0.5715811965811965 0.4293870192307692 0.5662393162393162 0.421875 0.5641025641025641
3 0.39212740384615385 0.42574786324786323 0.39242788461538464 0.4326923076923077 0.40805288461538464 0.4358974358974359 0.4143629807692308 0.44017094017094016 0.41796875 0.4326923076923077 0.41736778846153844 0.42735042735042733 0.41466346153846156 0.42414529914529914 0.39393028846153844 0.4198717948717949
3 0.3641826923076923 0.4182692307692308 0.3635817307692308 0.422008547008547 0.36568509615384615 0.4252136752136752 0.38671875 0.4310897435897436 0.3903245192307692 0.42948717948717946 0.3918269230769231 0.42254273504273504 0.39122596153846156 0.41773504273504275 0.38521634615384615 0.41346153846153844 0.3668870192307692 0.41239316239316237
3 0.3386418269230769 0.4097222222222222 0.33834134615384615 0.41399572649572647 0.33984375 0.4166666666666667 0.3584735576923077 0.422008547008547 0.36177884615384615 0.421474358974359 0.36508413461538464 0.4113247863247863 0.3623798076923077 0.406517094017094 0.3479567307692308 0.40384615384615385 0.3401442307692308 0.40705128205128205
3 0.33443509615384615 0.3952991452991453 0.33413461538461536 0.4011752136752137 0.33834134615384615 0.4081196581196581 0.34615384615384615 0.4033119658119658 0.3479567307692308 0.3974358974358974 0.3542668269230769 0.38621794871794873 0.35697115384615385 0.37286324786324787 0.3524639423076923 0.3680555555555556 0.34825721153846156 0.3680555555555556 0.3371394230769231 0.38782051282051283
3 0.3506610576923077 0.358974358974359 0.3503605769230769 0.36645299145299143 0.3557692307692308 0.3717948717948718 0.3590745192307692 0.3717948717948718 0.3698918269230769 0.35202991452991456 0.37319711538461536 0.34134615384615385 0.3659855769230769 0.3344017094017094 0.3590745192307692 0.34294871794871795
3 0.5378605769230769 0.39797008547008544 0.5378605769230769 0.405982905982906 0.5417668269230769 0.4182692307692308 0.546875 0.4236111111111111 0.5501802884615384 0.4305555555555556 0.5534855769230769 0.4337606837606838 0.5555889423076923 0.4326923076923077 0.5555889423076923 0.42254273504273504 0.5474759615384616 0.3974358974358974 0.5417668269230769 0.3920940170940171
3 0.4456129807692308 0.46047008547008544 0.44471153846153844 0.4636752136752137 0.4456129807692308 0.469017094017094 0.45643028846153844 0.4813034188034188 0.47085336538461536 0.4807692307692308 0.47205528846153844 0.4775641025641026 0.4723557692307692 0.4668803418803419 0.47025240384615385 0.4599358974358974 0.44861778846153844 0.45726495726495725
3 0.4753605769230769 0.46634615384615385 0.47596153846153844 0.47596153846153844 0.47836538461538464 0.4791666666666667 0.49459134615384615 0.4775641025641026 0.5030048076923077 0.4738247863247863 0.5030048076923077 0.4599358974358974 0.4990985576923077 0.4551282051282051 0.47896634615384615 0.45726495726495725 0.4768629807692308 0.4594017094017094
3 0.5042067307692307 0.4599358974358974 0.5036057692307693 0.4738247863247863 0.5090144230769231 0.4738247863247863 0.5270432692307693 0.46955128205128205 0.5300480769230769 0.46634615384615385 0.5309495192307693 0.4551282051282051 0.5303485576923077 0.45245726495726496 0.52734375 0.45085470085470086 0.5132211538461539 0.4519230769230769 0.5084134615384616 0.453525641025641
3 0.5321514423076923 0.452991452991453 0.5318509615384616 0.46634615384615385 0.5381610576923077 0.4668803418803419 0.5501802884615384 0.45726495726495725 0.5537860576923077 0.4497863247863248 0.5561899038461539 0.4391025641025641 0.5495793269230769 0.43482905982905984
3 0.5474759615384616 0.3803418803418803 0.5474759615384616 0.3872863247863248 0.5498798076923077 0.391025641025641 0.5537860576923077 0.3920940170940171 0.5673076923076923 0.3798076923076923 0.5715144230769231 0.37286324786324787 0.5712139423076923 0.3696581196581197 0.5676081730769231 0.36164529914529914 0.5646033653846154 0.3627136752136752 0.5540865384615384 0.3696581196581197 0.5501802884615384 0.37393162393162394
3 0.5703125 0.3547008547008547 0.5676081730769231 0.358974358974359 0.5676081730769231 0.36217948717948717 0.5709134615384616 0.36912393162393164 0.5745192307692307 0.37072649572649574 0.5883413461538461 0.358974358974359 0.5889423076923077 0.3472222222222222 0.5880408653846154 0.3450854700854701 0.5817307692307693 0.34615384615384615
3 0.5895432692307693 0.34134615384615385 0.5886418269230769 0.34455128205128205 0.5892427884615384 0.35523504273504275 0.5916466346153846 0.3573717948717949 0.6129807692307693 0.358974358974359 0.6150841346153846 0.3488247863247863 0.6141826923076923 0.3456196581196581 0.6150841346153846 0.3418803418803419 0.6060697115384616 0.33814102564102566 0.5916466346153846 0.3386752136752137
3 0.61328125 0.3408119658119658 0.6126802884615384 0.3418803418803419 0.6147836538461539 0.343482905982906 0.6153846153846154 0.35202991452991456 0.6144831730769231 0.358974358974359 0.6153846153846154 0.36004273504273504 0.6337139423076923 0.36538461538461536 0.6385216346153846 0.3627136752136752 0.6397235576923077 0.358974358974359 0.6397235576923077 0.3488247863247863 0.63671875 0.34455128205128205
3 0.6697716346153846 0.32745726495726496 0.6724759615384616 0.3327991452991453 0.6784855769230769 0.33600427350427353 0.6926081730769231 0.33386752136752135 0.6944110576923077 0.3317307692307692 0.6941105769230769 0.32425213675213677 0.6923076923076923 0.32211538461538464 0.6748798076923077 0.32425213675213677
3 0.6971153846153846 0.327991452991453 0.6968149038461539 0.3311965811965812 0.69921875 0.33547008547008544 0.7085336538461539 0.33226495726495725 0.7205528846153846 0.33386752136752135 0.72265625 0.33226495726495725 0.7235576923076923 0.327991452991453 0.7211538461538461 0.3231837606837607 0.7058293269230769 0.32104700854700857 0.7001201923076923 0.32104700854700857
3 0.42246243990384613 0.5456324786324787 0.4302551081730769 0.545366452991453 0.4320534855769231 0.5387056623931624 0.43310246394230767 0.502738782051282 0.4305549879807692 0.49874252136752134 0.42680829326923075 0.49927510683760684 0.4239609375 0.5022056623931624 0.42126352163461533 0.5456324786324787
3 0.4223125 0.4979433760683761 0.4229119591346154 0.47023504273504274 0.42426081730769233 0.4601111111111111 0.42815715144230765 0.4582462606837607 0.4314540264423077 0.46144337606837604 0.4326529447115384 0.4715673076923077 0.43190384615384614 0.4998082264957265 0.4302551081730769 0.49927510683760684 0.42680829326923075 0.49927510683760684 0.4241108774038462 0.5019396367521367 0.42246243990384613 0.5043370726495726
3 0.3725582932692308 0.3431517094017094 0.3831983173076923 0.32263728632478633 0.3833482572115384 0.31038194444444445 0.37810306490384615 0.3039877136752137 0.3767542067307692 0.30452083333333335 0.3742067307692307 0.3111810897435897 0.3661141826923077 0.33276121794871794 0.3683620793269231 0.3356917735042735 0.37195883413461533 0.33942200854700855 0.37225841346153843 0.34288514957264954
3 0.37885246394230765 0.29812660256410256 0.3677626201923077 0.2768125 0.36821213942307696 0.2680208333333333 0.3730078125 0.2642905982905983 0.3757052283653846 0.2642905982905983 0.38919290865384615 0.2919989316239316 0.3867950721153846 0.2975934829059829 0.3802010216346154 0.30132371794871793 0.3776535456730769 0.2994583333333333
3 0.36791256009615386 0.27707905982905984 0.34932932692307694 0.2536340811965812 0.35067818509615384 0.24244444444444443 0.35502433894230767 0.23844764957264958 0.35832121394230765 0.24084561965811965 0.37195883413461533 0.2594951923076923 0.37270793269230773 0.2642905982905983 0.3710594951923077 0.26642200854700854 0.3683620793269231 0.27095138888888887 0.3677626201923077 0.2762799145299145
3 0.34887980769230764 0.24990384615384614 0.3352424879807692 0.23072168803418802 0.33674098557692306 0.2229951923076923 0.3400378605769231 0.21766720085470087 0.34348497596153843 0.21899893162393164 0.35622325721153847 0.23684935897435896 0.35442487980769233 0.23924732905982904 0.3511277043269231 0.24084561965811965 0.34962920673076925 0.2461741452991453
3 0.31965655048076924 0.21340438034188033 0.3350925480769231 0.22885683760683762 0.3374903846153846 0.22246260683760682 0.3410871394230769 0.21899893162393164 0.34243569711538463 0.2179332264957265 0.34078725961538464 0.2128712606837607 0.32370312500000004 0.1971522435897436 0.3202560096153846 0.20034935897435896 0.3187575120192308 0.2104732905982906
3 0.6482821514423077 0.3487804487179487 0.6524420072115386 0.3490186965811966 0.6566021634615384 0.3468717948717949 0.6610303485576924 0.34591720085470085 0.664921875 0.3440090811965812 0.6706923076923077 0.3421004273504274 0.6732418870192307 0.3411463675213675 0.6741811899038462 0.33565918803418804 0.6723025841346153 0.33017200854700857 0.6706923076923077 0.32730929487179483 0.6673374399038461 0.32730929487179483 0.6508317307692307 0.3306495726495727 0.6494897836538461 0.33208066239316236 0.6485504807692308 0.335420405982906 0.6478795072115384 0.33995352564102566 0.6478795072115384 0.34591720085470085
3 0.7384591346153846 0.33255769230769233 0.7415456730769231 0.3382836538461539 0.7454371995192308 0.33160363247863245 0.7517442908653845 0.32850213675213674 0.7589906850961537 0.3230154914529914 0.7604666466346154 0.317767094017094 0.7596616586538462 0.31180288461538463 0.756977764423077 0.30917841880341884 0.7555015024038462 0.30917841880341884 0.7407403846153847 0.32158386752136753 0.7387274639423077 0.3289791666666667
3 0.7614059495192307 0.3196752136752137 0.7718731971153846 0.3067927350427351 0.7744227764423077 0.2977275641025641 0.7724098557692307 0.2931949786324786 0.7699942908653846 0.29152510683760685 0.7669080528846154 0.29510363247863247 0.7561724759615385 0.30750854700854696 0.7571117788461539 0.3101330128205128 0.7599299879807693 0.3106100427350427 0.7606009615384616 0.31585844017094017