2 0.2626201923076923 0.1607905982905983 0.2620192307692308 0.1752136752136752 0.26412259615384615 0.17735042735042736 0.28305288461538464 0.17841880341880342 0.2878605769230769 0.16452991452991453 0.2854567307692308 0.1581196581196581 0.2824519230769231 0.15598290598290598 0.2653245192307692 0.15598290598290598
2 0.23106971153846154 0.1672008547008547 0.23137019230769232 0.17895299145299146 0.23407451923076922 0.18162393162393162 0.25540865384615385 0.17841880341880342 0.2578125 0.1736111111111111 0.25600961538461536 0.15918803418803418 0.2527043269230769 0.15544871794871795 0.23407451923076922 0.1597222222222222 0.23197115384615385 0.1623931623931624
2 0.20012019230769232 0.16826923076923078 0.19981971153846154 0.18108974358974358 0.20282451923076922 0.1858974358974359 0.22415865384615385 0.18376068376068377 0.22716346153846154 0.18215811965811965 0.22806490384615385 0.1794871794871795 0.22596153846153846 0.1672008547008547 0.22355769230769232 0.1623931623931624 0.20372596153846154 0.16346153846153846
2 0.17938701923076922 0.20192307692307693 0.17908653846153846 0.21741452991452992 0.17998798076923078 0.22115384615384615 0.18329326923076922 0.22435897435897437 0.19050480769230768 0.22275641025641027 0.19140625 0.22008547008547008 0.19080528846153846 0.1971153846153846 0.18870192307692307 0.18376068376068377 0.18689903846153846 0.18215811965811965 0.18209134615384615 0.18376068376068377
2 0.16316105769230768 0.25427350427350426 0.16286057692307693 0.2644230769230769 0.1640625 0.2670940170940171 0.16826923076923078 0.2692307692307692 0.17247596153846154 0.2670940170940171 0.1736778846153846 0.25801282051282054 0.17938701923076922 0.2387820512820513 0.17878605769230768 0.23076923076923078 0.17668269230769232 0.2264957264957265 0.17097355769230768 0.2280982905982906
2 0.14302884615384615 0.3092948717948718 0.14302884615384615 0.3157051282051282 0.14753605769230768 0.32264957264957267 0.15084134615384615 0.32532051282051283 0.1541466346153846 0.3231837606837607 0.15474759615384615 0.31463675213675213 0.16015625 0.29433760683760685 0.15925480769230768 0.2863247863247863 0.1544471153846154 0.281517094017094 0.15084134615384615 0.2841880341880342
2 0.14032451923076922 0.4321581196581197 0.13521634615384615 0.4439102564102564 0.13641826923076922 0.46100427350427353 0.14032451923076922 0.48504273504273504 0.1427283653846154 0.4877136752136752 0.14813701923076922 0.48878205128205127 0.15204326923076922 0.483974358974359 0.15204326923076922 0.48023504273504275 0.14453125 0.4391025641025641
2 0.1502403846153846 0.5090811965811965 0.14873798076923078 0.5122863247863247 0.15084134615384615 0.5288461538461539 0.15985576923076922 0.5560897435897436 0.16496394230769232 0.5598290598290598 0.171875 0.5544871794871795 0.17277644230769232 0.5475427350427351 0.16286057692307693 0.5170940170940171 0.15865384615384615 0.5085470085470085
2 0.16826923076923078 0.5603632478632479 0.16646634615384615 0.5635683760683761 0.16796875 0.5753205128205128 0.18509615384615385 0.5993589743589743 0.1893028846153846 0.6020299145299145 0.19050480769230768 0.5913461538461539 0.19681490384615385 0.5881410256410257 0.1893028846153846 0.5737179487179487 0.1814903846153846 0.5646367521367521 0.17848557692307693 0.5571581196581197 0.17487980769230768 0.5560897435897436
2 0.19170673076923078 0.5924145299145299 0.1893028846153846 0.6025641025641025 0.19591346153846154 0.6164529914529915 0.21334134615384615 0.6356837606837606 0.2169471153846154 0.6351495726495726 0.22145432692307693 0.6282051282051282 0.22265625 0.6228632478632479 0.22175480769230768 0.6169871794871795 0.20432692307692307 0.594551282051282 0.19621394230769232 0.5876068376068376
2 0.24669471153846154 0.6324786324786325 0.24729567307692307 0.6426282051282052 0.25060096153846156 0.6490384615384616 0.2653245192307692 0.6618589743589743 0.2722355769230769 0.6661324786324786 0.2761418269230769 0.6655982905982906 0.2803485576923077 0.655448717948718 0.2803485576923077 0.6474358974358975 0.27674278846153844 0.6388888888888888 0.2644230769230769 0.6292735042735043 0.25540865384615385 0.6233974358974359 0.2512019230769231 0.6233974358974359 0.2481971153846154 0.6266025641025641
2 0.28455528846153844 0.6575854700854701 0.28305288461538464 0.6672008547008547 0.2842548076923077 0.6714743589743589 0.30709134615384615 0.6816239316239316 0.31640625 0.6800213675213675 0.3200120192307692 0.6613247863247863 0.3176081730769231 0.6538461538461539 0.296875 0.6479700854700855 0.2893629807692308 0.6474358974358975 0.2860576923076923 0.6506410256410257
2 0.3191105769230769 0.6714743589743589 0.31850961538461536 0.6821581196581197 0.3212139423076923 0.6853632478632479 0.34705528846153844 0.6917735042735043 0.35306490384615385 0.6891025641025641 0.3542668269230769 0.6709401709401709 0.3524639423076923 0.6677350427350427 0.3245192307692308 0.6586538461538461 0.32181490384615385 0.6607905982905983
2 0.3542668269230769 0.6752136752136753 0.35366586538461536 0.6891025641025641 0.35546875 0.6923076923076923 0.38341346153846156 0.6944444444444444 0.3864182692307692 0.6923076923076923 0.3870192307692308 0.6891025641025641 0.3876201923076923 0.6752136752136753 0.38431490384615385 0.6698717948717948 0.3581730769230769 0.6677350427350427 0.35486778846153844 0.6704059829059829
2 0.38822115384615385 0.6682692307692307 0.3870192307692308 0.6714743589743589 0.3879206730769231 0.6891025641025641 0.39002403846153844 0.6901709401709402 0.41256009615384615 0.6821581196581197 0.4188701923076923 0.6789529914529915 0.4206730769230769 0.6757478632478633 0.41856971153846156 0.6613247863247863 0.4152644230769231 0.656517094017094 0.3936298076923077 0.6645299145299145
2 0.41947115384615385 0.6549145299145299 0.4215745192307692 0.6720085470085471 0.42578125 0.6730769230769231 0.4426081730769231 0.6623931623931624 0.4495192307692308 0.6602564102564102 0.45132211538461536 0.655982905982906 0.45162259615384615 0.6474358974358975 0.44861778846153844 0.6388888888888888 0.44200721153846156 0.6378205128205128 0.42578125 0.6463675213675214 0.4206730769230769 0.6506410256410257
2 0.4930889423076923 0.6340811965811965 0.4930889423076923 0.6479700854700855 0.49459134615384615 0.6501068376068376 0.49819711538461536 0.6495726495726496 0.5222355769230769 0.6367521367521367 0.5237379807692307 0.6266025641025641 0.5210336538461539 0.6180555555555556 0.5147235576923077 0.6175213675213675 0.49789663461538464 0.6260683760683761
2 0.5231370192307693 0.6121794871794872 0.5222355769230769 0.6164529914529915 0.5240384615384616 0.625534188034188 0.5252403846153846 0.6282051282051282 0.5279447115384616 0.6292735042735043 0.5498798076923077 0.6217948717948718 0.5522836538461539 0.6191239316239316 0.5528846153846154 0.6159188034188035 0.5519831730769231 0.6052350427350427 0.5471754807692307 0.6014957264957265 0.5285456730769231 0.6057692307692307
2 0.5531850961538461 0.6009615384615384 0.5534855769230769 0.6143162393162394 0.5549879807692307 0.6180555555555556 0.5570913461538461 0.6191239316239316 0.5784254807692307 0.6095085470085471 0.5823317307692307 0.6025641025641025 0.5811298076923077 0.5918803418803419 0.578125 0.5886752136752137 0.5588942307692307 0.5950854700854701
2 0.58203125 0.5892094017094017 0.5826322115384616 0.5988247863247863 0.5850360576923077 0.6030982905982906 0.5925480769230769 0.5993589743589743 0.6078725961538461 0.5961538461538461 0.6117788461538461 0.5876068376068376 0.6102764423076923 0.5769230769230769 0.6051682692307693 0.5747863247863247 0.5856370192307693 0.5806623931623932
2 0.5907451923076923 0.531517094017094 0.5901442307692307 0.5432692307692307 0.5985576923076923 0.5657051282051282 0.6033653846153846 0.5721153846153846 0.6057692307692307 0.5726495726495726 0.6102764423076923 0.5694444444444444 0.6123798076923077 0.5603632478632479 0.6099759615384616 0.5475427350427351 0.6024639423076923 0.5299145299145299 0.5988581730769231 0.5245726495726496 0.5952524038461539 0.5240384615384616
2 0.5796274038461539 0.4935897435897436 0.5805288461538461 0.5117521367521367 0.5841346153846154 0.5256410256410257 0.5877403846153846 0.5299145299145299 0.5919471153846154 0.5288461538461539 0.5955528846153846 0.5219017094017094 0.5958533653846154 0.5176282051282052 0.5910456730769231 0.4877136752136752 0.5883413461538461 0.48344017094017094 0.5850360576923077 0.4829059829059829
2 0.5862379807692307 0.4706196581196581 0.5856370192307693 0.47702991452991456 0.5877403846153846 0.48183760683760685 0.5967548076923077 0.48344017094017094 0.6090745192307693 0.4813034188034188 0.6108774038461539 0.48023504273504275 0.6123798076923077 0.4754273504273504 0.6135817307692307 0.46314102564102566 0.6096754807692307 0.4594017094017094 0.5904447115384616 0.4620726495726496 0.5877403846153846 0.4652777777777778
2 0.6138822115384616 0.469017094017094 0.6135817307692307 0.48023504273504275 0.6177884615384616 0.48183760683760685 0.6370192307692307 0.4754273504273504 0.6388221153846154 0.4732905982905983 0.6403245192307693 0.4642094017094017 0.6370192307692307 0.4551282051282051 0.6328125 0.4551282051282051 0.6165865384615384 0.4620726495726496 0.6147836538461539 0.4642094017094017
2 0.6517427884615384 0.4807692307692308 0.6514423076923077 0.484508547008547 0.6538461538461539 0.49145299145299143 0.6676682692307693 0.5138888888888888 0.6739783653846154 0.5122863247863247 0.6769831730769231 0.5053418803418803 0.6769831730769231 0.49786324786324787 0.6754807692307693 0.4935897435897436 0.6616586538461539 0.47115384615384615 0.6574519230769231 0.4706196581196581
2 0.6736778846153846 0.5197649572649573 0.6745793269230769 0.5272435897435898 0.6884014423076923 0.5528846153846154 0.6938100961538461 0.5544871794871795 0.6974158653846154 0.5496794871794872 0.6986177884615384 0.5443376068376068 0.6977163461538461 0.5357905982905983 0.6829927884615384 0.5085470085470085 0.6781850961538461 0.5080128205128205
2 0.6968149038461539 0.5544871794871795 0.6965144230769231 0.5603632478632479 0.71484375 0.5876068376068376 0.7172475961538461 0.5886752136752137 0.7217548076923077 0.5854700854700855 0.7244591346153846 0.5779914529914529 0.7223557692307693 0.5678418803418803 0.7067307692307693 0.5443376068376068 0.7019230769230769 0.5454059829059829
2 0.7409855769230769 0.5886752136752137 0.7406850961538461 0.5924145299145299 0.7445913461538461 0.5993589743589743 0.7484975961538461 0.5993589743589743 0.7524038461538461 0.5961538461538461 0.7653245192307693 0.5742521367521367 0.765625 0.5705128205128205 0.7632211538461539 0.5603632478632479 0.7614182692307693 0.5598290598290598 0.7554086538461539 0.5641025641025641
2 0.7644230769230769 0.5566239316239316 0.7620192307692307 0.5608974358974359 0.7638221153846154 0.5635683760683761 0.765625 0.5742521367521367 0.7722355769230769 0.5721153846153846 0.7854567307692307 0.5603632478632479 0.7872596153846154 0.5539529914529915 0.7866586538461539 0.5448717948717948 0.7857572115384616 0.5427350427350427 0.7824519230769231 0.5427350427350427 0.7722355769230769 0.5491452991452992
2 0.7872596153846154 0.5405982905982906 0.7878605769230769 0.5571581196581197 0.7998798076923077 0.5576923076923077 0.8109975961538461 0.5550213675213675 0.8137019230769231 0.5395299145299145 0.8109975961538461 0.5363247863247863 0.7944711538461539 0.5363247863247863 0.7902644230769231 0.5373931623931624
2 0.8131009615384616 0.5459401709401709 0.8125 0.5544871794871795 0.8134014423076923 0.5566239316239316 0.8350360576923077 0.5683760683760684 0.8395432692307693 0.5678418803418803 0.8443509615384616 0.5566239316239316 0.8443509615384616 0.5534188034188035 0.8383413461538461 0.5475427350427351 0.8221153846153846 0.5389957264957265 0.8152043269230769 0.5389957264957265
2 0.8410456730769231 0.5657051282051282 0.8407451923076923 0.5710470085470085 0.8653846153846154 0.5918803418803419 0.8668870192307693 0.5918803418803419 0.8746995192307693 0.5779914529914529 0.8725961538461539 0.5710470085470085 0.8662860576923077 0.5641025641025641 0.8488581730769231 0.5539529914529915 0.8455528846153846 0.5550213675213675
2 0.7860576923076923 0.3840811965811966 0.7857572115384616 0.3872863247863248 0.7875600961538461 0.3920940170940171 0.8046875 0.40224358974358976 0.8100961538461539 0.4011752136752137 0.8128004807692307 0.3936965811965812 0.8125 0.3872863247863248 0.8103966346153846 0.38354700854700857 0.7974759615384616 0.37606837606837606 0.7893629807692307 0.37553418803418803
2 0.8106971153846154 0.406517094017094 0.8109975961538461 0.43002136752136755 0.8140024038461539 0.43322649572649574 0.8191105769230769 0.4326923076923077 0.8212139423076923 0.4284188034188034 0.8227163461538461 0.41239316239316237 0.8227163461538461 0.3958333333333333 0.8209134615384616 0.3926282051282051 0.8173076923076923 0.3926282051282051 0.8118990384615384 0.40010683760683763
2 0.8194110576923077 0.44925213675213677 0.8203125 0.45726495726495725 0.8305288461538461 0.4829059829059829 0.8350360576923077 0.484508547008547 0.8404447115384616 0.47702991452991456 0.8407451923076923 0.4732905982905983 0.8386418269230769 0.4642094017094017 0.8299278846153846 0.4407051282051282 0.8245192307692307 0.44017094017094016
2 0.8347355769230769 0.4861111111111111 0.8350360576923077 0.49145299145299143 0.8485576923076923 0.5197649572649573 0.8527644230769231 0.5208333333333334 0.8584735576923077 0.5154914529914529 0.8599759615384616 0.5090811965811965 0.859375 0.5048076923076923 0.8455528846153846 0.4775641025641026 0.8416466346153846 0.47596153846153844
2 0.8539663461538461 0.5256410256410257 0.8545673076923077 0.5325854700854701 0.8584735576923077 0.5400641025641025 0.8671875 0.5544871794871795 0.8728966346153846 0.5603632478632479 0.8807091346153846 0.5502136752136753 0.8813100961538461 0.5464743589743589 0.8804086538461539 0.5438034188034188 0.8638822115384616 0.5170940170940171 0.859375 0.5165598290598291
2 0.8725961538461539 0.5566239316239316 0.8795072115384616 0.5721153846153846 0.8969350961538461 0.592948717948718 0.9005408653846154 0.5886752136752137 0.9047475961538461 0.5785256410256411 0.9041466346153846 0.5731837606837606 0.8864182692307693 0.5491452991452992 0.8834134615384616 0.5475427350427351
2 0.8668870192307693 0.5902777777777778 0.8665865384615384 0.5918803418803419 0.8719951923076923 0.5993589743589743 0.8903245192307693 0.6175213675213675 0.8939302884615384 0.6169871794871795 0.8975360576923077 0.6095085470085471 0.8978365384615384 0.6009615384615384 0.8963341346153846 0.5956196581196581 0.8801081730769231 0.5785256410256411 0.8765024038461539 0.5763888888888888 0.8734975961538461 0.5774572649572649
2 0.13121123798076922 0.4418076923076923 0.1308545673076923 0.43229967948717946 0.13299399038461537 0.39553525641025644 0.13584645432692308 0.3910982905982906 0.14190775240384615 0.3910982905982906 0.14440354567307692 0.4012403846153846 0.1429774639423077 0.43229967948717946 0.140125 0.43356784188034186 0.13406370192307693 0.44497702991452986
2 0.13299399038461537 0.393 0.1369161658653846 0.35496741452991454 0.14155138221153846 0.35496741452991454 0.14404717548076923 0.3575032051282051 0.14618629807692307 0.36257425213675215 0.14547325721153845 0.3923659188034188 0.14155138221153846 0.3910982905982906 0.13762920673076923 0.3904642094017094
2 0.14761268028846153 0.36003846153846153 0.1501084735576923 0.32644337606837603 0.14689963942307693 0.31820299145299147 0.14083804086538462 0.31820299145299147 0.13905528846153847 0.32390811965811966 0.13513341346153845 0.35877083333333337 0.13762920673076923 0.35433386752136753 0.14404717548076923 0.35433386752136753
1 0.2815504807692308 0.18536324786324787 0.27974759615384615 0.19284188034188035 0.2863581730769231 0.20673076923076922 0.29537259615384615 0.1858974358974359 0.2956730769230769 0.17147435897435898 0.29146634615384615 0.1672008547008547 0.2881610576923077 0.16773504273504272
1 0.25931490384615385 0.20726495726495728 0.2587139423076923 0.21047008547008547 0.26021634615384615 0.22115384615384615 0.2620192307692308 0.22542735042735043 0.27974759615384615 0.21474358974358973 0.2839543269230769 0.2094017094017094 0.28515625 0.202991452991453 0.28064903846153844 0.19497863247863248 0.2785456730769231 0.19391025641025642 0.26802884615384615 0.19925213675213677
1 0.2322716346153846 0.22435897435897437 0.23167067307692307 0.23397435897435898 0.23557692307692307 0.23664529914529914 0.25631009615384615 0.23237179487179488 0.25841346153846156 0.23130341880341881 0.26021634615384615 0.22596153846153846 0.25841346153846156 0.21153846153846154 0.25540865384615385 0.20886752136752137 0.23497596153846154 0.2168803418803419 0.2325721153846154 0.22008547008547008
1 0.20162259615384615 0.22916666666666666 0.2013221153846154 0.23397435897435898 0.203125 0.2387820512820513 0.2283653846153846 0.23717948717948717 0.23137019230769232 0.23397435897435898 0.23106971153846154 0.22008547008547008 0.22896634615384615 0.21581196581196582 0.22385817307692307 0.2142094017094017 0.20673076923076922 0.21634615384615385 0.203125 0.2206196581196581
1 0.1736778846153846 0.2590811965811966 0.17277644230769232 0.2686965811965812 0.17427884615384615 0.2719017094017094 0.1814903846153846 0.27564102564102566 0.18479567307692307 0.27350427350427353 0.19381009615384615 0.25106837606837606 0.19441105769230768 0.2419871794871795 0.19290865384615385 0.23344017094017094 0.19050480769230768 0.23130341880341881 0.18479567307692307 0.23130341880341881 0.17548076923076922 0.25213675213675213
1 0.15625 0.30982905982905984 0.15625 0.3178418803418803 0.15745192307692307 0.3215811965811966 0.1619591346153846 0.3178418803418803 0.16826923076923078 0.31837606837606836 0.17518028846153846 0.29754273504273504 0.17608173076923078 0.28525641025641024 0.17487980769230768 0.2831196581196581 0.16887019230769232 0.281517094017094 0.16496394230769232 0.2831196581196581
1 0.17337740384615385 0.48183760683760685 0.17337740384615385 0.49786324786324787 0.17518028846153846 0.5021367521367521 0.20222355769230768 0.49572649572649574 0.20643028846153846 0.49252136752136755 0.20763221153846154 0.4877136752136752 0.20582932692307693 0.47435897435897434 0.203125 0.4716880341880342 0.17728365384615385 0.4780982905982906
1 0.23737980769230768 0.44925213675213677 0.23707932692307693 0.452991452991453 0.23978365384615385 0.4668803418803419 0.24098557692307693 0.46955128205128205 0.24459134615384615 0.46955128205128205 0.26772836538461536 0.453525641025641 0.2686298076923077 0.4444444444444444 0.26622596153846156 0.43482905982905984 0.26171875 0.4337606837606838
1 0.20673076923076922 0.46634615384615385 0.20733173076923078 0.48183760683760685 0.20943509615384615 0.48717948717948717 0.234375 0.4738247863247863 0.23918269230769232 0.4700854700854701 0.23948317307692307 0.46794871794871795 0.23798076923076922 0.45726495726495725 0.23467548076923078 0.4513888888888889 0.22716346153846154 0.45245726495726496 0.2088341346153846 0.46314102564102566
1 0.26802884615384615 0.43322649572649574 0.2692307692307692 0.44871794871794873 0.2704326923076923 0.4519230769230769 0.27283653846153844 0.452991452991453 0.2941706730769231 0.4407051282051282 0.29837740384615385 0.43536324786324787 0.29837740384615385 0.4305555555555556 0.2956730769230769 0.4204059829059829 0.29146634615384615 0.4188034188034188 0.27133413461538464 0.42948717948717946
1 0.2998798076923077 0.4150641025641026 0.2980769230769231 0.41773504273504275 0.2980769230769231 0.422008547008547 0.30018028846153844 0.43482905982905984 0.30649038461538464 0.4342948717948718 0.3254206730769231 0.42574786324786323 0.3284254807692308 0.421474358974359 0.328125 0.4129273504273504 0.3245192307692308 0.4049145299145299 0.3230168269230769 0.4043803418803419 0.3176081730769231 0.40544871794871795
1 0.34615384615384615 0.3974358974358974 0.34585336538461536 0.41185897435897434 0.3479567307692308 0.4155982905982906 0.3659855769230769 0.4182692307692308 0.37289663461538464 0.4182692307692308 0.3737980769230769 0.4166666666666667 0.37319711538461536 0.3974358974358974 0.34915865384615385 0.39316239316239315
1 0.37439903846153844 0.405982905982906 0.375 0.4182692307692308 0.39903846153846156 0.4230769230769231 0.40294471153846156 0.421474358974359 0.40294471153846156 0.40544871794871795 0.4014423076923077 0.40224358974358976 0.3798076923076923 0.39850427350427353 0.37680288461538464 0.39903846153846156
1 0.40444711538461536 0.41025641025641024 0.40444711538461536 0.421474358974359 0.4071514423076923 0.4236111111111111 0.42818509615384615 0.42574786324786323 0.4323918269230769 0.421474358974359 0.43149038461538464 0.4081196581196581 0.4296875 0.4049145299145299 0.41015625 0.40224358974358976 0.40685096153846156 0.4033119658119658
1 0.3864182692307692 0.2783119658119658 0.3828125 0.2863247863247863 0.3828125 0.2900641025641026 0.39002403846153844 0.30662393162393164 0.3972355769230769 0.3162393162393162 0.40024038461538464 0.3087606837606838 0.40444711538461536 0.3108974358974359 0.40444711538461536 0.30662393162393164 0.39783653846153844 0.2879273504273504 0.3903245192307692 0.2777777777777778
1 0.46544471153846156 0.41346153846153844 0.46544471153846156 0.4172008547008547 0.46724759615384615 0.4204059829059829 0.48978365384615385 0.421474358974359 0.4918870192307692 0.4166666666666667 0.4918870192307692 0.4081196581196581 0.48828125 0.405982905982906 0.4717548076923077 0.4075854700854701 0.46694711538461536 0.41025641025641024
1 0.4930889423076923 0.40705128205128205 0.49278846153846156 0.4155982905982906 0.49459134615384615 0.4198717948717949 0.4996995192307692 0.41613247863247865 0.5168269230769231 0.4113247863247863 0.5177283653846154 0.4091880341880342 0.5174278846153846 0.4027777777777778 0.5153245192307693 0.40010683760683763 0.5081129807692307 0.40064102564102566
1 0.5186298076923077 0.40064102564102566 0.5189302884615384 0.4097222222222222 0.5219350961538461 0.41185897435897434 0.5291466346153846 0.4075854700854701 0.5405649038461539 0.4043803418803419 0.5423677884615384 0.4011752136752137 0.5399639423076923 0.3926282051282051 0.5321514423076923 0.3936965811965812
1 0.5402644230769231 0.39155982905982906 0.5399639423076923 0.3936965811965812 0.5426682692307693 0.40010683760683763 0.5474759615384616 0.4033119658119658 0.55078125 0.4011752136752137 0.5634014423076923 0.38354700854700857 0.5594951923076923 0.3782051282051282 0.5531850961538461 0.3782051282051282
1 0.5225360576923077 0.23397435897435898 0.5222355769230769 0.2377136752136752 0.5234375 0.24091880341880342 0.5354567307692307 0.25213675213675213 0.5432692307692307 0.2553418803418803 0.5456730769230769 0.2516025641025641 0.5453725961538461 0.2377136752136752 0.5420673076923077 0.23344017094017094 0.5297475961538461 0.22435897435897437 0.5255408653846154 0.22382478632478633
1 0.50390625 0.20833333333333334 0.5012019230769231 0.2168803418803419 0.5018028846153846 0.2206196581196581 0.5159254807692307 0.23664529914529914 0.5183293269230769 0.23824786324786323 0.5222355769230769 0.23664529914529914 0.5246394230769231 0.22382478632478633 0.5228365384615384 0.22008547008547008 0.5093149038461539 0.20619658119658119 0.5057091346153846 0.20619658119658119
1 0.4801682692307692 0.1971153846153846 0.47986778846153844 0.19925213675213677 0.4840745192307692 0.20566239316239315 0.49789663461538464 0.21741452991452992 0.5012019230769231 0.21581196581196582 0.50390625 0.20673076923076922 0.5018028846153846 0.1987179487179487 0.49399038461538464 0.1907051282051282 0.4879807692307692 0.1875 0.48287259615384615 0.18803418803418803
1 0.4618389423076923 0.16826923076923078 0.4579326923076923 0.1778846153846154 0.45913461538461536 0.18322649572649571 0.4774639423076923 0.1987179487179487 0.47986778846153844 0.19764957264957264 0.48227163461538464 0.18803418803418803 0.48106971153846156 0.18108974358974358 0.46694711538461536 0.16613247863247863 0.4636418269230769 0.16613247863247863
1 0.5558894230769231 0.23717948717948717 0.5555889423076923 0.24252136752136752 0.5570913461538461 0.24626068376068377 0.5615985576923077 0.24786324786324787 0.5667067307692307 0.24572649572649571 0.578125 0.23664529914529914 0.578125 0.2222222222222222 0.5745192307692307 0.2206196581196581 0.5676081730769231 0.22382478632478633 0.5600961538461539 0.2297008547008547
1 0.5787259615384616 0.22008547008547008 0.5793269230769231 0.234508547008547 0.58203125 0.23504273504273504 0.5925480769230769 0.22863247863247863 0.5982572115384616 0.2206196581196581 0.5970552884615384 0.21153846153846154 0.6000600961538461 0.20619658119658119 0.5889423076923077 0.20993589743589744
1 0.6003605769230769 0.20192307692307693 0.5955528846153846 0.20619658119658119 0.5973557692307693 0.2126068376068376 0.5970552884615384 0.21741452991452992 0.5988581730769231 0.22115384615384615 0.6105769230769231 0.21634615384615385 0.6135817307692307 0.2126068376068376 0.6153846153846154 0.20619658119658119 0.6147836538461539 0.19925213675213677 0.6126802884615384 0.1971153846153846 0.6087740384615384 0.19658119658119658
1 0.4259296875 0.37860416666666663 0.44085246394230765 0.4109786324786325 0.44818719951923075 0.40558279914529916 0.4484402043269231 0.3934423076923077 0.44692247596153845 0.388946047008547 0.4342761418269231 0.3651148504273504 0.42921754807692303 0.3664636752136752
1 0.42466496394230774 0.37680555555555556 0.41303034855769233 0.35342361111111115 0.41303034855769233 0.3408338675213676 0.41733022836538464 0.336786858974359 0.42011237980769234 0.336786858974359 0.4327587139423077 0.362866452991453 0.4284588341346154 0.3651148504273504
1 0.4105012019230769 0.3453301282051282 0.3973488581730769 0.3214989316239316 0.3991192908653846 0.310707264957265 0.40493659855769226 0.30890865384615385 0.4178359375 0.33273985042735044 0.4178359375 0.33768589743589744 0.41303034855769233 0.3394845085470085 0.411765625 0.34757852564102565
4 0.2995793269230769 0.1517094017094017 0.29867788461538464 0.16452991452991453 0.3010817307692308 0.16933760683760685 0.30679086538461536 0.16933760683760685 0.32361778846153844 0.1581196581196581 0.32181490384615385 0.1469017094017094 0.31850961538461536 0.1420940170940171
4 0.32572115384615385 0.14155982905982906 0.3254206730769231 0.15331196581196582 0.32752403846153844 0.1581196581196581 0.34585336538461536 0.1527777777777778 0.3488581730769231 0.15064102564102563 0.34915865384615385 0.1485042735042735 0.3485576923076923 0.1372863247863248 0.34585336538461536 0.13354700854700854 0.328125 0.13782051282051283
4 0.35006009615384615 0.13354700854700854 0.35006009615384615 0.1469017094017094 0.3515625 0.15064102564102563 0.37109375 0.14957264957264957 0.3740985576923077 0.1469017094017094 0.3737980769230769 0.13835470085470086 0.3701923076923077 0.13034188034188035 0.35486778846153844 0.13087606837606838
4 0.3759014423076923 0.13354700854700854 0.3753004807692308 0.1420940170940171 0.37650240384615385 0.1485042735042735 0.3981370192307692 0.15064102564102563 0.3993389423076923 0.14797008547008547 0.3993389423076923 0.13835470085470086 0.3975360576923077 0.13247863247863248 0.3801081730769231 0.12980769230769232 0.37710336538461536 0.13087606837606838
4 0.4020432692307692 0.13354700854700854 0.40174278846153844 0.14316239316239315 0.40294471153846156 0.14797008547008547 0.4206730769230769 0.15598290598290598 0.42337740384615385 0.15491452991452992 0.4248798076923077 0.14476495726495728 0.4248798076923077 0.14102564102564102 0.42337740384615385 0.13835470085470086 0.40625 0.13034188034188035 0.40414663461538464 0.13034188034188035
4 0.4254807692307692 0.14583333333333334 0.4254807692307692 0.1581196581196581 0.44320913461538464 0.16613247863247863 0.4462139423076923 0.16613247863247863 0.4480168269230769 0.16185897435897437 0.44771634615384615 0.1517094017094017 0.4456129807692308 0.1469017094017094 0.4296875 0.13995726495726496 0.4266826923076923 0.140491452991453
4 0.4675480769230769 0.1607905982905983 0.46724759615384615 0.16506410256410256 0.47445913461538464 0.1736111111111111 0.48677884615384615 0.17414529914529914 0.49008413461538464 0.17147435897435898 0.49068509615384615 0.16826923076923078 0.4891826923076923 0.1581196581196581 0.48647836538461536 0.15598290598290598 0.4714543269230769 0.15544871794871795
4 0.49609375 0.16132478632478633 0.49399038461538464 0.172008547008547 0.4987980769230769 0.17681623931623933 0.5153245192307693 0.17895299145299146 0.5177283653846154 0.1752136752136752 0.5189302884615384 0.16826923076923078 0.5186298076923077 0.16452991452991453 0.5126201923076923 0.16025641025641027 0.5015024038461539 0.15758547008547008
4 0.5189302884615384 0.16933760683760685 0.5177283653846154 0.18215811965811965 0.5300480769230769 0.1858974358974359 0.5405649038461539 0.18536324786324787 0.5405649038461539 0.17147435897435898 0.5384615384615384 0.16933760683760685 0.5228365384615384 0.16452991452991453 0.5201322115384616 0.16613247863247863
4 0.5408653846153846 0.17414529914529914 0.5408653846153846 0.18536324786324787 0.54296875 0.1875 0.5558894230769231 0.1907051282051282 0.5606971153846154 0.1907051282051282 0.5625 0.18856837606837606 0.5628004807692307 0.17574786324786323 0.5615985576923077 0.1736111111111111 0.5432692307692307 0.1704059829059829
4 0.5634014423076923 0.17735042735042736 0.5625 0.1891025641025641 0.5643028846153846 0.1907051282051282 0.5802283653846154 0.19497863247863248 0.5838341346153846 0.19444444444444445 0.5850360576923077 0.19230769230769232 0.5856370192307693 0.18162393162393162 0.5844350961538461 0.17841880341880342 0.5685096153846154 0.1736111111111111 0.5643028846153846 0.17414529914529914
4 0.5865384615384616 0.1875 0.5859375 0.19284188034188035 0.5886418269230769 0.19658119658119658 0.6024639423076923 0.1987179487179487 0.6084735576923077 0.19604700854700854 0.609375 0.19284188034188035 0.609375 0.1842948717948718 0.6060697115384616 0.1794871794871795 0.5901442307692307 0.17841880341880342 0.5877403846153846 0.18162393162393162
4 0.4696514423076923 0.5138888888888888 0.46935096153846156 0.5224358974358975 0.47205528846153844 0.5261752136752137 0.49609375 0.5224358974358975 0.4990985576923077 0.5186965811965812 0.49849759615384615 0.5053418803418803 0.4957932692307692 0.5010683760683761 0.4735576923076923 0.5048076923076923 0.47055288461538464 0.5090811965811965
4 0.49939903846153844 0.5026709401709402 0.5 0.5165598290598291 0.5012019230769231 0.5186965811965812 0.5051081730769231 0.5186965811965812 0.5255408653846154 0.5101495726495726 0.5276442307692307 0.5074786324786325 0.5282451923076923 0.49946581196581197 0.5261418269230769 0.4909188034188034 0.5207331730769231 0.4909188034188034 0.5036057692307693 0.49786324786324787
4 0.5285456730769231 0.49038461538461536 0.5279447115384616 0.4951923076923077 0.5291466346153846 0.5085470085470085 0.5336538461538461 0.5085470085470085 0.5501802884615384 0.5021367521367521 0.5528846153846154 0.5 0.5549879807692307 0.4935897435897436 0.5537860576923077 0.4823717948717949 0.55078125 0.4797008547008547
4 0.56640625 0.44337606837606836 0.5661057692307693 0.46047008547008544 0.5688100961538461 0.47115384615384615 0.5712139423076923 0.47435897435897434 0.5769230769230769 0.47275641025641024 0.578125 0.4706196581196581 0.578125 0.4561965811965812 0.5766225961538461 0.43536324786324787 0.5745192307692307 0.4305555555555556 0.5691105769230769 0.43322649572649574
4 0.5652043269230769 0.4113247863247863 0.5658052884615384 0.4150641025641026 0.5643028846153846 0.42895299145299143 0.5676081730769231 0.4337606837606838 0.5706129807692307 0.43002136752136755 0.5751201923076923 0.42895299145299143 0.5769230769230769 0.40865384615384615 0.5769230769230769 0.3936965811965812 0.5748197115384616 0.39155982905982906 0.5703125 0.3920940170940171
4 0.5784254807692307 0.3712606837606838 0.5787259615384616 0.3787393162393162 0.5931490384615384 0.37713675213675213 0.6012620192307693 0.3733974358974359 0.6039663461538461 0.36217948717948717 0.6018629807692307 0.3563034188034188 0.5985576923076923 0.3541666666666667 0.5841346153846154 0.36217948717948717 0.5805288461538461 0.3659188034188034
4 0.6051682692307693 0.3680555555555556 0.6045673076923077 0.3733974358974359 0.6084735576923077 0.37606837606837606 0.6195913461538461 0.37393162393162394 0.6268028846153846 0.375 0.62890625 0.3701923076923077 0.6277043269230769 0.36324786324786323 0.6243990384615384 0.3611111111111111 0.6099759615384616 0.3643162393162393
4 0.6298076923076923 0.2831196581196581 0.6295072115384616 0.2857905982905983 0.6325120192307693 0.28952991452991456 0.6379206730769231 0.28899572649572647 0.6418269230769231 0.2783119658119658 0.6475360576923077 0.2686965811965812 0.6481370192307693 0.2622863247863248 0.6439302884615384 0.25747863247863245 0.6334134615384616 0.27403846153846156
4 0.6262019230769231 0.19818376068376067 0.6262019230769231 0.202991452991453 0.6298076923076923 0.20619658119658119 0.6463341346153846 0.20993589743589744 0.6481370192307693 0.2094017094017094 0.6502403846153846 0.19604700854700854 0.6469350961538461 0.19284188034188035 0.6334134615384616 0.18803418803418803 0.6301081730769231 0.18856837606837606
4 0.6505408653846154 0.20192307692307693 0.6490384615384616 0.20993589743589744 0.6544471153846154 0.2126068376068376 0.6691706730769231 0.2142094017094017 0.6721754807692307 0.21207264957264957 0.6733774038461539 0.20619658119658119 0.6724759615384616 0.19925213675213677 0.6661658653846154 0.19604700854700854 0.6535456730769231 0.19604700854700854
4 0.6838942307692307 0.21581196581196582 0.6775841346153846 0.22702991452991453 0.6775841346153846 0.23397435897435898 0.6793870192307693 0.23985042735042736 0.6820913461538461 0.2403846153846154 0.6890024038461539 0.22916666666666666 0.6929086538461539 0.21741452991452992 0.69140625 0.21314102564102563 0.6896033653846154 0.21207264957264957
4 0.6577524038461539 0.23985042735042736 0.6571514423076923 0.24305555555555555 0.6607572115384616 0.24786324786324787 0.6598557692307693 0.25213675213675213 0.6613581730769231 0.25267094017094016 0.6655649038461539 0.24893162393162394 0.6751802884615384 0.2467948717948718 0.6781850961538461 0.24305555555555555 0.6793870192307693 0.2377136752136752 0.6760817307692307 0.23023504273504272 0.6715745192307693 0.23023504273504272 0.6640625 0.23344017094017094
4 0.6962139423076923 0.14957264957264957 0.6959134615384616 0.15384615384615385 0.6995192307692307 0.16346153846153846 0.7109375 0.15491452991452992 0.7130408653846154 0.1485042735042735 0.7127403846153846 0.140491452991453 0.7106370192307693 0.1388888888888889 0.7061298076923077 0.13995726495726496
4 0.7190504807692307 0.15064102564102563 0.7190504807692307 0.15705128205128205 0.7208533653846154 0.1597222222222222 0.7340745192307693 0.16826923076923078 0.7391826923076923 0.16773504273504272 0.7421875 0.1581196581196581 0.7373798076923077 0.15064102564102563 0.7241586538461539 0.14262820512820512 0.7217548076923077 0.14423076923076922
4 0.7409855769230769 0.16880341880341881 0.7406850961538461 0.17147435897435898 0.7427884615384616 0.1752136752136752 0.7584134615384616 0.18643162393162394 0.7620192307692307 0.1858974358974359 0.7638221153846154 0.17895299145299146 0.7635216346153846 0.17147435897435898 0.7620192307692307 0.16773504273504272 0.7448918269230769 0.15865384615384615
4 0.67748828125 0.2044022435897436 0.6845162259615385 0.2069011752136752 0.6918251201923076 0.18191292735042736 0.6915438701923077 0.17441666666666666 0.6876084735576923 0.17241773504273505 0.6850784254807691 0.17491613247863247 0.6772070312499999 0.19990438034188035
4 0.6926685697115385 0.1784145299145299 0.6980096153846154 0.16642040598290597 0.6985718149038462 0.15892414529914528 0.696323016826923 0.15492574786324786 0.6940739182692308 0.15392628205128203 0.6842349759615385 0.16941880341880342 0.6817049278846153 0.1764155982905983 0.6817049278846153 0.1784145299145299 0.6836727764423076 0.1769150641025641 0.6862028245192308 0.17391666666666666 0.6892950721153847 0.17341720085470086 0.6926685697115385 0.17391666666666666
4 0.6493768028846154 0.26737179487179485 0.66090234375 0.25587767094017094 0.6620267427884615 0.2448830128205128 0.6578100961538461 0.23938568376068375 0.64459765625 0.2523792735042735 0.6440354567307692 0.25737660256410255
4 0.6325117187499999 0.37266613247863245 0.6394032451923077 0.3781116452991453 0.6415093149038462 0.3665400641025641 0.6476352163461538 0.34373771367521366 0.6453380408653846 0.33829220085470085 0.6424663461538462 0.3372713675213675 0.6382548076923077 0.34509935897435895 0.6365318509615385 0.34952350427350426
4 0.6374888822115385 0.339994123931624 0.6422749399038461 0.3185528846153846 0.6459122596153846 0.30970459401709405 0.6528040865384616 0.3124268162393163 0.6508897235576924 0.3192339743589744 0.6462950721153846 0.33829220085470085 0.6417007211538461 0.33829220085470085 0.6390204326923077 0.34407799145299145
3 0.2971754807692308 0.17307692307692307 0.296875 0.1891025641025641 0.2995793269230769 0.19177350427350429 0.30679086538461536 0.19444444444444445 0.31430288461538464 0.20032051282051283 0.31640625 0.19391025641025642 0.3206129807692308 0.1891025641025641 0.3206129807692308 0.18536324786324787 0.31790865384615385 0.18162393162393162 0.3037860576923077 0.16987179487179488 0.30018028846153844 0.16880341880341881
3 0.3473557692307692 0.38247863247863245 0.3467548076923077 0.38461538461538464 0.3485576923076923 0.3936965811965812 0.37259615384615385 0.3974358974358974 0.375 0.39476495726495725 0.3753004807692308 0.38354700854700857 0.37289663461538464 0.3798076923076923 0.3551682692307692 0.37767094017094016
3 0.37650240384615385 0.38621794871794873 0.3759014423076923 0.39636752136752135 0.3777043269230769 0.39850427350427353 0.39002403846153844 0.39903846153846156 0.4014423076923077 0.40224358974358976 0.4026442307692308 0.4011752136752137 0.40384615384615385 0.3942307692307692 0.4032451923076923 0.38782051282051283 0.4014423076923077 0.3840811965811966 0.3858173076923077 0.3840811965811966
3 0.4053485576923077 0.39316239316239315 0.4050480769230769 0.40064102564102566 0.4071514423076923 0.40544871794871795 0.4110576923076923 0.4033119658119658 0.43028846153846156 0.40544871794871795 0.43209134615384615 0.4033119658119658 0.43179086538461536 0.3974358974358974 0.42908653846153844 0.3926282051282051 0.4071514423076923 0.390491452991453
3 0.46274038461538464 0.4252136752136752 0.46243990384615385 0.4284188034188034 0.4645432692307692 0.4321581196581197 0.47265625 0.4407051282051282 0.4774639423076923 0.44337606837606836 0.48677884615384615 0.4439102564102564 0.49158653846153844 0.4391025641025641 0.4918870192307692 0.4252136752136752 0.48828125 0.422008547008547 0.46694711538461536 0.4204059829059829
3 0.49459134615384615 0.422008547008547 0.4933894230769231 0.4284188034188034 0.49399038461538464 0.43536324786324787 0.4972956730769231 0.4391025641025641 0.5186298076923077 0.4337606837606838 0.5213341346153846 0.4321581196581197 0.5222355769230769 0.42895299145299143 0.5213341346153846 0.41773504273504275 0.5189302884615384 0.4129273504273504 0.5 0.41613247863247865 0.49609375 0.4182692307692308
3 0.5231370192307693 0.41185897435897434 0.5219350961538461 0.4182692307692308 0.5225360576923077 0.42948717948717946 0.5240384615384616 0.4305555555555556 0.5414663461538461 0.42574786324786323 0.5474759615384616 0.421474358974359 0.5471754807692307 0.40865384615384615 0.5438701923076923 0.4049145299145299 0.5393629807692307 0.4043803418803419 0.5297475961538461 0.4075854700854701
3 0.5483774038461539 0.406517094017094 0.5486778846153846 0.421474358974359 0.5552884615384616 0.41933760683760685 0.5655048076923077 0.40705128205128205 0.5697115384615384 0.3936965811965812 0.5694110576923077 0.38995726495726496 0.5634014423076923 0.3840811965811966
3 0.5889423076923077 0.2922008547008547 0.5889423076923077 0.3034188034188034 0.5931490384615384 0.3071581196581197 0.6099759615384616 0.3071581196581197 0.6111778846153846 0.3060897435897436 0.6126802884615384 0.29754273504273504 0.6123798076923077 0.2916666666666667 0.6084735576923077 0.28899572649572647 0.5943509615384616 0.28846153846153844 0.5904447115384616 0.28952991452991456
3 0.61328125 0.296474358974359 0.6123798076923077 0.30502136752136755 0.6150841346153846 0.3076923076923077 0.6328125 0.30982905982905984 0.6358173076923077 0.30662393162393164 0.6373197115384616 0.30074786324786323 0.6373197115384616 0.2932692307692308 0.6337139423076923 0.2905982905982906 0.6192908653846154 0.28952991452991456 0.6144831730769231 0.2922008547008547
3 0.6856971153846154 0.26655982905982906 0.6853966346153846 0.2719017094017094 0.6884014423076923 0.27350427350427353 0.7016225961538461 0.2708333333333333 0.7097355769230769 0.27403846153846156 0.7109375 0.2724358974358974 0.7082331730769231 0.26282051282051283 0.703125 0.26014957264957267 0.6890024038461539 0.26121794871794873
3 0.36268028846153844 0.6089743589743589 0.36147836538461536 0.6228632478632479 0.3641826923076923 0.6266025641025641 0.38882211538461536 0.6340811965811965 0.3918269230769231 0.6335470085470085 0.3936298076923077 0.6303418803418803 0.3936298076923077 0.6127136752136753 0.3903245192307692 0.6095085470085471 0.36778846153846156 0.6009615384615384 0.3644831730769231 0.6025641025641025
3 0.3954326923076923 0.6148504273504274 0.3948317307692308 0.6298076923076923 0.39633413461538464 0.6330128205128205 0.4215745192307692 0.6383547008547008 0.4254807692307692 0.6378205128205128 0.4266826923076923 0.6356837606837606 0.42788461538461536 0.6233974358974359 0.42518028846153844 0.6143162393162394 0.40054086538461536 0.6100427350427351 0.39633413461538464 0.6121794871794872
3 0.4296875 0.625534188034188 0.42908653846153844 0.6346153846153846 0.43179086538461536 0.6394230769230769 0.44741586538461536 0.6372863247863247 0.4528245192307692 0.6447649572649573 0.45763221153846156 0.6447649572649573 0.4600360576923077 0.6431623931623932 0.4621394230769231 0.6372863247863247 0.46153846153846156 0.6260683760683761 0.45643028846153844 0.6191239316239316 0.43569711538461536 0.6148504273504274 0.4326923076923077 0.6164529914529915
3 0.4597355769230769 0.5849358974358975 0.45943509615384615 0.594017094017094 0.46243990384615385 0.6223290598290598 0.4645432692307692 0.6276709401709402 0.47085336538461536 0.6287393162393162 0.47415865384615385 0.6239316239316239 0.47506009615384615 0.6164529914529915 0.47115384615384615 0.5774572649572649 0.46664663461538464 0.5726495726495726
3 0.453125 0.5405982905982906 0.45252403846153844 0.5486111111111112 0.45462740384615385 0.5785256410256411 0.4567307692307692 0.5822649572649573 0.46033653846153844 0.5833333333333334 0.4675480769230769 0.5742521367521367 0.46334134615384615 0.5293803418803419 0.46033653846153844 0.5245726495726496 0.45552884615384615 0.5256410256410257 0.45643028846153844 0.5336538461538461
3 0.4465144230769231 0.4791666666666667 0.4462139423076923 0.4951923076923077 0.4480168269230769 0.5117521367521367 0.45162259615384615 0.5144230769230769 0.45913461538461536 0.5138888888888888 0.4600360576923077 0.5085470085470085 0.45883413461538464 0.5042735042735043 0.4579326923076923 0.484508547008547 0.4567307692307692 0.47275641025641024 0.45492788461538464 0.4674145299145299 0.4528245192307692 0.4642094017094017 0.44921875 0.469017094017094
3 0.4411057692307692 0.4284188034188034 0.43990384615384615 0.44337606837606836 0.4426081730769231 0.4668803418803419 0.44591346153846156 0.4716880341880342 0.4495192307692308 0.46794871794871795 0.453125 0.468482905982906 0.4543269230769231 0.4620726495726496 0.4528245192307692 0.4481837606837607 0.4483173076923077 0.42735042735042733 0.45072115384615385 0.4252136752136752 0.4495192307692308 0.4236111111111111 0.4426081730769231 0.42467948717948717
3 0.31566376201923074 0.20486912393162393 0.33598707932692307 0.2263936965811966 0.33836538461538457 0.21486271367521367 0.3426896033653846 0.21140331196581197 0.34117608173076924 0.20679113247863248 0.3232307692307692 0.18834134615384615 0.31760937499999997 0.18911004273504273
3 0.33771694711538464 0.23062179487179488 0.35436478365384616 0.24753418803418803 0.35652704326923074 0.2483028846153846 0.3580402644230769 0.2448434829059829 0.35955378605769234 0.23869337606837607 0.3617160456730769 0.23600320512820513 0.35868900240384616 0.22677831196581197 0.34290594951923076 0.21178792735042734 0.33771694711538464 0.21447809829059827
3 0.35695943509615385 0.24984027777777779 0.37382361778846157 0.272133547008547 0.38030979567307693 0.2675213675213675 0.3792286658653846 0.25522168803418804 0.36474278846153846 0.2329278846153846 0.3606349158653846 0.2367719017094017
3 0.37274248798076925 0.31672061965811965 0.3790126201923077 0.2921207264957265 0.37771544471153845 0.2767462606837607 0.37339122596153845 0.27482425213675216 0.3714453125 0.2775149572649573 0.3694993990384615 0.2832804487179487 0.36495913461538465 0.3032676282051282 0.36452674278846153 0.3082644230769231 0.3675534855769231 0.3086490384615385 0.37058052884615383 0.3140299145299145 0.37079657451923076 0.31672061965811965
3 0.3599861778846154 0.3486233974358975 0.3712289663461539 0.320948717948718 0.37014813701923077 0.31095512820512816 0.36495913461538465 0.3074957264957265 0.36214843750000003 0.3101864316239316 0.35198647836538466 0.33363301282051283 0.35198647836538466 0.34439529914529915 0.3556619591346154 0.3420892094017094
3 0.3413924278846154 0.3836009615384615 0.3467974759615385 0.3851383547008547 0.35155408653846154 0.3774508547008547 0.3599861778846154 0.3555422008547009 0.35933774038461536 0.3474700854700855 0.35501352163461536 0.3420892094017094 0.35241887019230766 0.34516399572649575 0.34852734374999994 0.350545405982906 0.34096003605769226 0.36822596153846154 0.3407436899038461 0.38206356837606836
3 0.5459083533653846 0.3608942307692308 0.5533001802884615 0.3788424145299145 0.5587085336538462 0.3753167735042735 0.5626748798076924 0.38140651709401713 0.564477764423077 0.3830090811965812 0.5659200721153846 0.3804449786324786 0.5659200721153846 0.37082959401709403 0.5529396033653846 0.346150641025641 0.5471703725961539 0.348073717948718
3 0.5518578725961538 0.3394198717948718 0.5556439302884615 0.3439070512820513 0.5738527644230769 0.32948397435897436 0.5747542067307692 0.31826602564102563 0.5706075721153846 0.3112147435897436 0.5538410456730769 0.3269198717948718
3 0.5749344951923077 0.3237147435897436 0.5893572716346154 0.3070486111111111 0.58881640625 0.29679220085470087 0.5855715144230769 0.29102297008547007 0.5697061298076923 0.30768963675213673 0.568444110576923 0.3128173076923077 0.5704272836538462 0.3124967948717949 0.5725907451923077 0.31506089743589744 0.5742133413461539 0.3205096153846154
3 0.6427223557692308 0.29326655982905986 0.6477704326923077 0.2939075854700855 0.651015625 0.2907024572649573 0.6659792668269231 0.28268963675213676 0.6659792668269231 0.2772409188034188 0.6629143629807692 0.267946047008547 0.6423617788461539 0.27531784188034186 0.639657451923077 0.2852537393162393
3 0.6674215745192308 0.27980502136752133 0.6685033052884616 0.27531784188034186 0.6847289663461538 0.27371527777777777 0.6849092548076924 0.267946047008547 0.682385516826923 0.2631383547008547 0.6629143629807692 0.26698450854700856 0.6623734975961538 0.2711511752136752 0.6668807091346154 0.27916399572649575
3 0.7209666466346154 0.2695486111111111 0.7256541466346154 0.27595886752136756 0.7296204927884615 0.2689075854700855 0.7418801081730769 0.2567280982905983 0.7422406850961539 0.24999786324786324 0.7373728966346154 0.2445491452991453 0.7251132812500001 0.25801014957264956
3 0.7420603966346154 0.2516004273504273 0.7508942307692308 0.23910042735042736 0.7519759615384616 0.230767094017094 0.74746875 0.22531837606837607 0.7357503004807693 0.24390811965811965 0.7375531850961539 0.2458311965811966
0 0.24609375 0.6047008547008547 0.24609375 0.6148504273504274 0.2478966346153846 0.6212606837606838 0.25540865384615385 0.6212606837606838 0.2800480769230769 0.6121794871794872 0.27944711538461536 0.594017094017094 0.2761418269230769 0.5897435897435898 0.24939903846153846 0.5982905982905983
0 0.28064903846153844 0.594017094017094 0.27974759615384615 0.6121794871794872 0.28064903846153844 0.6132478632478633 0.31069711538461536 0.6105769230769231 0.31400240384615385 0.6089743589743589 0.31490384615384615 0.6063034188034188 0.31490384615384615 0.5918803418803419 0.3112980769230769 0.5876068376068376 0.2854567307692308 0.5897435897435898 0.2821514423076923 0.5908119658119658
0 0.3239182692307692 0.5924145299145299 0.3230168269230769 0.6057692307692307 0.32752403846153844 0.6089743589743589 0.3488581730769231 0.6143162393162394 0.35396634615384615 0.6105769230769231 0.35546875 0.6052350427350427 0.3557692307692308 0.5908119658119658 0.3485576923076923 0.5881410256410257 0.32662259615384615 0.5854700854700855
0 0.34765625 0.5849358974358975 0.34765625 0.5886752136752137 0.35336538461538464 0.5924145299145299 0.3557692307692308 0.5972222222222222 0.3698918269230769 0.5699786324786325 0.37319711538461536 0.5587606837606838 0.37319711538461536 0.5528846153846154 0.3662860576923077 0.5475427350427351 0.36388221153846156 0.5502136752136753
0 0.3662860576923077 0.5443376068376068 0.3662860576923077 0.5480769230769231 0.37319711538461536 0.5534188034188035 0.37650240384615385 0.5512820512820513 0.38521634615384615 0.5251068376068376 0.3870192307692308 0.5165598290598291 0.38413161057692313 0.513892094017094 0.3793783052884615 0.5112510683760684 0.37740384615384615 0.5138888888888888
0 0.3780048076923077 0.5042735042735043 0.37830528846153844 0.5101495726495726 0.3837139423076923 0.5112179487179487 0.3870192307692308 0.5096153846153846 0.39393028846153844 0.4962606837606838 0.39633413461538464 0.4797008547008547 0.390625 0.47435897435897434 0.3870192307692308 0.4775641025641026
0 0.390625 0.4642094017094017 0.39122596153846156 0.4732905982905983 0.39603365384615385 0.4780982905982906 0.3975360576923077 0.47863247863247865 0.40444711538461536 0.47275641025641024 0.41586538461538464 0.4561965811965812 0.41466346153846156 0.44764957264957267 0.41146364182692313 0.4425913461538461 0.40775240384615385 0.4439102564102564 0.39272836538461536 0.4594017094017094
0 0.4143629807692308 0.4391025641025641 0.41256009615384615 0.4423076923076923 0.4152644230769231 0.44925213675213677 0.4152644230769231 0.452991452991453 0.41646634615384615 0.45566239316239315 0.4188701923076923 0.4561965811965812 0.4378004807692308 0.4439102564102564 0.4405048076923077 0.43536324786324787 0.43990384615384615 0.4284188034188034 0.4362980769230769 0.42467948717948717 0.43359375 0.42467948717948717 0.4245793269230769 0.42948717948717946
0 0.4540264423076923 0.4428418803418803 0.4540264423076923 0.4481837606837607 0.4558293269230769 0.4519230769230769 0.47445913461538464 0.469017094017094 0.47806490384615385 0.469017094017094 0.48227163461538464 0.4567307692307692 0.48227163461538464 0.4519230769230769 0.47836538461538464 0.44497863247863245 0.46334134615384615 0.4305555555555556 0.4597355769230769 0.4310897435897436
0 0.4807692307692308 0.4668803418803419 0.4801682692307692 0.4700854700854701 0.48227163461538464 0.4738247863247863 0.48768028846153844 0.47702991452991456 0.5066105769230769 0.484508547008547 0.5114182692307693 0.483974358974359 0.5123197115384616 0.4813034188034188 0.51171875 0.46634615384615385 0.5102163461538461 0.46314102564102566 0.4912860576923077 0.453525641025641 0.4852764423076923 0.4545940170940171
0 0.5120192307692307 0.4668803418803419 0.5114182692307693 0.483974358974359 0.5123197115384616 0.484508547008547 0.5294471153846154 0.48717948717948717 0.5375600961538461 0.484508547008547 0.5408653846153846 0.4807692307692308 0.5396634615384616 0.47649572649572647 0.5402644230769231 0.47275641025641024 0.5372596153846154 0.468482905982906 0.5243389423076923 0.4652777777777778
0 0.5417668269230769 0.46474358974358976 0.5408653846153846 0.46794871794871795 0.5414663461538461 0.4780982905982906 0.5426682692307693 0.4807692307692308 0.5495793269230769 0.4780982905982906 0.5573918269230769 0.4855769230769231 0.5643028846153846 0.4855769230769231 0.5670072115384616 0.4813034188034188 0.5673076923076923 0.4668803418803419 0.5646033653846154 0.4620726495726496 0.5432692307692307 0.46260683760683763
0 0.578125 0.3819444444444444 0.5775240384615384 0.3920940170940171 0.5799278846153846 0.40064102564102566 0.6039663461538461 0.3936965811965812 0.6036658653846154 0.37927350427350426 0.6021634615384616 0.37553418803418803 0.5790264423076923 0.3803418803418803
0 0.6039663461538461 0.3787393162393162 0.6030649038461539 0.390491452991453 0.6048677884615384 0.3942307692307692 0.6246995192307693 0.3920940170940171 0.6274038461538461 0.390491452991453 0.6283052884615384 0.3872863247863248 0.6283052884615384 0.3766025641025641 0.6256009615384616 0.37393162393162394 0.6069711538461539 0.37553418803418803
0 0.6433293269230769 0.3974358974358974 0.6421274038461539 0.40064102564102566 0.6421274038461539 0.4075854700854701 0.6439302884615384 0.41025641025641024 0.6661658653846154 0.41025641025641024 0.6706730769230769 0.4081196581196581 0.6709735576923077 0.3974358974358974 0.6727764423076923 0.3936965811965812 0.6685697115384616 0.38995726495726496 0.6502403846153846 0.3894230769230769 0.6469350961538461 0.39155982905982906
0 0.6712740384615384 0.39636752136752135 0.6709735576923077 0.4027777777777778 0.6688701923076923 0.4075854700854701 0.6724759615384616 0.4107905982905983 0.6875 0.4155982905982906 0.6926081730769231 0.4155982905982906 0.6944110576923077 0.4129273504273504 0.6953125 0.4033119658119658 0.6932091346153846 0.3952991452991453 0.6745793269230769 0.39155982905982906
0 0.7478966346153846 0.3680555555555556 0.7475961538461539 0.3733974358974359 0.7503004807692307 0.37767094017094016 0.7689302884615384 0.3787393162393162 0.7728365384615384 0.37393162393162394 0.7734375 0.36378205128205127 0.7725360576923077 0.3611111111111111 0.7692307692307693 0.358974358974359 0.7542067307692307 0.35844017094017094 0.7487980769230769 0.36217948717948717
0 0.6463341346153846 0.29914529914529914 0.6472355769230769 0.30822649572649574 0.6508413461538461 0.3092948717948718 0.6652644230769231 0.3002136752136752 0.6682692307692307 0.296474358974359 0.6688701923076923 0.29273504273504275 0.6670673076923077 0.2857905982905983 0.6637620192307693 0.28365384615384615 0.6520432692307693 0.28899572649572647 0.6493389423076923 0.2916666666666667
0 0.6682692307692307 0.2793803418803419 0.6667668269230769 0.2841880341880342 0.6694711538461539 0.29433760683760685 0.6709735576923077 0.29594017094017094 0.6841947115384616 0.2932692307692308 0.6896033653846154 0.28952991452991456 0.6896033653846154 0.27884615384615385 0.6856971153846154 0.27403846153846156 0.6748798076923077 0.27564102564102566
0 0.6920072115384616 0.2724358974358974 0.6893028846153846 0.27564102564102566 0.6902043269230769 0.27724358974358976 0.6905048076923077 0.2900641025641026 0.7076322115384616 0.2905982905982906 0.7097355769230769 0.2900641025641026 0.7112379807692307 0.28685897435897434 0.7118389423076923 0.27884615384615385 0.7100360576923077 0.27136752136752135
0 0.6920072115384616 0.20993589743589744 0.6923076923076923 0.22382478632478633 0.6989182692307693 0.23985042735042736 0.703125 0.2419871794871795 0.70703125 0.2377136752136752 0.7079326923076923 0.23344017094017094 0.7067307692307693 0.22382478632478633 0.7010216346153846 0.2094017094017094 0.6995192307692307 0.20673076923076922 0.6956129807692307 0.20566239316239315
0 0.7019230769230769 0.2419871794871795 0.7025240384615384 0.25106837606837606 0.7049278846153846 0.25747863247863245 0.7094350961538461 0.26335470085470086 0.7121394230769231 0.27136752136752135 0.7172475961538461 0.27297008547008544 0.7214543269230769 0.2686965811965812 0.7220552884615384 0.25854700854700857 0.7109375 0.2387820512820513 0.7064302884615384 0.23717948717948717
0 0.7662259615384616 0.24893162393162394 0.7659254807692307 0.2553418803418803 0.7752403846153846 0.2761752136752137 0.7794471153846154 0.27724358974358976 0.7833533653846154 0.2708333333333333 0.7830528846153846 0.2644230769230769 0.7755408653846154 0.24358974358974358 0.7713341346153846 0.2419871794871795 0.7680288461538461 0.24465811965811965
0 0.7797475961538461 0.2767094017094017 0.7782451923076923 0.2793803418803419 0.7785456730769231 0.2841880341880342 0.7863581730769231 0.30448717948717946 0.7893629807692307 0.3076923076923077 0.7944711538461539 0.30662393162393164 0.7971754807692307 0.3002136752136752 0.796875 0.29273504273504275 0.7899639423076923 0.27510683760683763 0.7857572115384616 0.2708333333333333 0.7824519230769231 0.2724358974358974
0 0.7253605769230769 0.37286324786324787 0.7256610576923077 0.3782051282051282 0.7307692307692307 0.3856837606837607 0.7370793269230769 0.38354700854700857 0.7466947115384616 0.37606837606837606 0.7469951923076923 0.36324786324786323 0.7403846153846154 0.36164529914529914 0.73046875 0.36698717948717946
0 0.7130162259615385 0.4081800213675214 0.7292971754807692 0.39036858974358973 0.7307581129807693 0.38443108974358975 0.7257484975961539 0.3762676282051282 0.7096766826923078 0.3925950854700855 0.7073804086538461 0.40224305555555556
0 0.777930889423077 0.3729278846153846 0.7852361778846154 0.3788653846153846 0.7948377403846153 0.34695299145299147 0.7948377403846153 0.3421292735042735 0.7892022235576923 0.33841826923076923 0.7852361778846154 0.34695299145299147
0 0.7871147836538461 0.33767628205128203 0.7906631610576924 0.3235753205128205 0.7952551081730769 0.31429861111111107 0.8008909254807691 0.31800908119658117 0.7950465745192308 0.34621100427350426 0.79462890625 0.34249999999999997 0.7892022235576923 0.3399027777777778 0.7854450120192307 0.34658173076923077
0 0.7322193509615385 0.2860972222222222 0.7470390625000001 0.26902777777777775 0.7466213942307692 0.2604930555555555 0.7434906850961538 0.2564113247863248 0.7297145432692307 0.2671725427350427 0.7270009014423077 0.2783044871794872 0.7311754807692308 0.28683920940170937
0 0.7476652644230769 0.26568803418803416 0.7581015625 0.2504738247863248 0.7587277644230769 0.24156837606837608 0.7545531850961538 0.23674412393162395 0.7441168870192307 0.25158707264957264 0.7426556490384615 0.2567820512820513 0.7453689903846155 0.257153311965812