3 0.2620192307692308 0.5769230769230769 0.2608173076923077 0.5817307692307693 0.2626201923076923 0.5918803418803419 0.26502403846153844 0.594017094017094 0.28185096153846156 0.6025641025641025 0.28725961538461536 0.6030982905982906 0.2902644230769231 0.6009615384615384 0.28966346153846156 0.5849358974358975 0.28725961538461536 0.5811965811965812 0.26953125 0.5726495726495726 0.26502403846153844 0.5726495726495726
3 0.29056490384615385 0.5838675213675214 0.29146634615384615 0.6020299145299145 0.3137019230769231 0.6105769230769231 0.31850961538461536 0.6089743589743589 0.3191105769230769 0.5913461538461539 0.3176081730769231 0.5886752136752137 0.30679086538461536 0.5844017094017094 0.2932692307692308 0.5822649572649573
3 0.3191105769230769 0.5950854700854701 0.31881009615384615 0.6079059829059829 0.3203125 0.6100427350427351 0.3317307692307692 0.6089743589743589 0.3371394230769231 0.6180555555555556 0.34435096153846156 0.6201923076923077 0.34825721153846156 0.6180555555555556 0.3506610576923077 0.6127136752136753 0.3488581730769231 0.5988247863247863 0.3446514423076923 0.5950854700854701 0.32752403846153844 0.5897435897435898 0.32211538461538464 0.5902777777777778
3 0.35787259615384615 0.5325854700854701 0.3557692307692308 0.5614316239316239 0.3584735576923077 0.5646367521367521 0.3659855769230769 0.5635683760683761 0.36959134615384615 0.5400641025641025 0.37049278846153844 0.5251068376068376 0.3662860576923077 0.5192307692307693 0.3623798076923077 0.5197649572649573 0.3602764423076923 0.5224358974358975
3 0.35306490384615385 0.5961538461538461 0.3527644230769231 0.6030982905982906 0.35486778846153844 0.6068376068376068 0.3596754807692308 0.6073717948717948 0.36328125 0.6030982905982906 0.36778846153846156 0.5742521367521367 0.36778846153846156 0.5673076923076923 0.3659855769230769 0.563034188034188 0.3584735576923077 0.5678418803418803
3 0.3440504807692308 0.3969017094017094 0.34194711538461536 0.40064102564102566 0.3440504807692308 0.40544871794871795 0.36268028846153844 0.4107905982905983 0.3659855769230769 0.4172008547008547 0.3683894230769231 0.41452991452991456 0.3683894230769231 0.40384615384615385 0.36568509615384615 0.3995726495726496
3 0.31881009615384615 0.3926282051282051 0.3176081730769231 0.3974358974358974 0.31820913461538464 0.40064102564102566 0.33804086538461536 0.405982905982906 0.34314903846153844 0.3974358974358974 0.34224759615384615 0.39316239316239315 0.3389423076923077 0.39155982905982906 0.3203125 0.391025641025641
3 0.2956730769230769 0.38995726495726496 0.29537259615384615 0.3942307692307692 0.2965745192307692 0.3974358974358974 0.30078125 0.3969017094017094 0.3134014423076923 0.4011752136752137 0.31790865384615385 0.40010683760683763 0.3194110576923077 0.3942307692307692 0.3191105769230769 0.38995726495726496 0.31430288461538464 0.38621794871794873 0.3037860576923077 0.3856837606837607
3 0.29236778846153844 0.3766025641025641 0.29296875 0.3888888888888889 0.2971754807692308 0.3920940170940171 0.3046875 0.3856837606837607 0.31099759615384615 0.37553418803418803 0.31400240384615385 0.3685897435897436 0.31430288461538464 0.3627136752136752 0.31039663461538464 0.35523504273504275 0.30709134615384615 0.3541666666666667 0.2959735576923077 0.36912393162393164
3 0.31009615384615385 0.3456196581196581 0.3097956730769231 0.3541666666666667 0.31400240384615385 0.36164529914529914 0.3176081730769231 0.3605769230769231 0.32962740384615385 0.3418803418803419 0.33143028846153844 0.3349358974358974 0.32752403846153844 0.32745726495726496 0.3239182692307692 0.3263888888888889 0.32091346153846156 0.328525641025641
3 0.3278245192307692 0.3173076923076923 0.32632211538461536 0.32585470085470086 0.33143028846153844 0.33386752136752135 0.3347355769230769 0.3327991452991453 0.34314903846153844 0.31837606837606836 0.3440504807692308 0.3141025641025641 0.34314903846153844 0.30395299145299143 0.34164663461538464 0.30128205128205127 0.3362379807692308 0.30235042735042733
3 0.39212740384615385 0.42895299145299143 0.3918269230769231 0.4358974358974359 0.39272836538461536 0.43803418803418803 0.4011418269230769 0.4465811965811966 0.4149639423076923 0.4465811965811966 0.4176682692307692 0.4423076923076923 0.4167668269230769 0.43162393162393164 0.41346153846153844 0.42735042735042733 0.3972355769230769 0.42414529914529914 0.3936298076923077 0.42574786324786323
3 0.4215745192307692 0.42467948717948717 0.42127403846153844 0.43963675213675213 0.4248798076923077 0.44604700854700857 0.42908653846153844 0.44337606837606836 0.4456129807692308 0.43963675213675213 0.44771634615384615 0.4358974358974359 0.4465144230769231 0.4236111111111111 0.44320913461538464 0.4198717948717949 0.42518028846153844 0.422008547008547
3 0.44861778846153844 0.4188034188034188 0.44861778846153844 0.43536324786324787 0.45072115384615385 0.43803418803418803 0.47025240384615385 0.4337606837606838 0.4729567307692308 0.4321581196581197 0.47415865384615385 0.42895299145299143 0.47325721153846156 0.4172008547008547 0.47025240384615385 0.41239316239316237
3 0.4753605769230769 0.4150641025641026 0.47596153846153844 0.42788461538461536 0.4774639423076923 0.43002136752136755 0.48287259615384615 0.42948717948717946 0.4924879807692308 0.421474358974359 0.49669471153846156 0.41239316239316237 0.4987980769230769 0.40384615384615385 0.49789663461538464 0.40064102564102566 0.49429086538461536 0.39850427350427353 0.48046875 0.40865384615384615
3 0.48587740384615385 0.36164529914529914 0.4855769230769231 0.37446581196581197 0.48768028846153844 0.38354700854700857 0.4930889423076923 0.39155982905982906 0.49459134615384615 0.3969017094017094 0.4972956730769231 0.39850427350427353 0.5006009615384616 0.3969017094017094 0.5018028846153846 0.3942307692307692 0.5012019230769231 0.3872863247863248 0.49368990384615385 0.359508547008547 0.48768028846153844 0.3579059829059829
3 0.4963942307692308 0.3466880341880342 0.4969951923076923 0.359508547008547 0.5018028846153846 0.36164529914529914 0.5189302884615384 0.3482905982905983 0.5204326923076923 0.3450854700854701 0.5201322115384616 0.3386752136752137 0.5189302884615384 0.3327991452991453 0.5153245192307693 0.3317307692307692 0.5006009615384616 0.3408119658119658
3 0.5183293269230769 0.327991452991453 0.5165264423076923 0.3311965811965812 0.5198317307692307 0.33653846153846156 0.5210336538461539 0.343482905982906 0.5228365384615384 0.3450854700854701 0.5387620192307693 0.3311965811965812 0.5408653846153846 0.3263888888888889 0.5408653846153846 0.3194444444444444 0.5396634615384616 0.3162393162393162 0.5360576923076923 0.3157051282051282
3 0.5408653846153846 0.31196581196581197 0.5405649038461539 0.32264957264957267 0.5420673076923077 0.327991452991453 0.5597956730769231 0.32905982905982906 0.5628004807692307 0.32745726495726496 0.5646033653846154 0.32371794871794873 0.5649038461538461 0.3108974358974359 0.5606971153846154 0.30822649572649574 0.5453725961538461 0.30662393162393164 0.5423677884615384 0.3076923076923077
3 0.5658052884615384 0.31303418803418803 0.5655048076923077 0.32532051282051283 0.5673076923076923 0.328525641025641 0.5883413461538461 0.33066239316239315 0.5901442307692307 0.32585470085470086 0.58984375 0.31463675213675213 0.5877403846153846 0.31196581196581197 0.5706129807692307 0.30982905982905984 0.56640625 0.3108974358974359
3 0.6003605769230769 0.3034188034188034 0.6003605769230769 0.31036324786324787 0.6021634615384616 0.31356837606837606 0.6057692307692307 0.31303418803418803 0.6129807692307693 0.3071581196581197 0.6234975961538461 0.30448717948717946 0.6246995192307693 0.3018162393162393 0.6246995192307693 0.296474358974359 0.6231971153846154 0.29273504273504275 0.6060697115384616 0.2954059829059829 0.6024639423076923 0.2980769230769231
3 0.6246995192307693 0.29113247863247865 0.6234975961538461 0.2932692307692308 0.6265024038461539 0.30074786324786323 0.6370192307692307 0.296474358974359 0.6478365384615384 0.296474358974359 0.6478365384615384 0.29273504273504275 0.6439302884615384 0.2847222222222222
3 0.65234375 0.2857905982905983 0.6520432692307693 0.2905982905982906 0.6538461538461539 0.2938034188034188 0.6742788461538461 0.2922008547008547 0.67578125 0.28952991452991456 0.6751802884615384 0.28525641025641024 0.6730769230769231 0.28365384615384615 0.6544471153846154 0.28205128205128205
3 0.6932091346153846 0.2857905982905983 0.6926081730769231 0.2900641025641026 0.6959134615384616 0.297008547008547 0.7028245192307693 0.28739316239316237 0.7136418269230769 0.2777777777777778 0.7145432692307693 0.27564102564102566 0.7136418269230769 0.266025641025641 0.7094350961538461 0.2676282051282051 0.6959134615384616 0.2793803418803419
3 0.7154447115384616 0.26175213675213677 0.7133413461538461 0.265491452991453 0.7154447115384616 0.2719017094017094 0.7175480769230769 0.27403846153846156 0.7277644230769231 0.2638888888888889 0.7322716346153846 0.26175213675213677 0.7328725961538461 0.25747863247863245 0.7313701923076923 0.25267094017094016 0.7271634615384616 0.25
3 0.3635922475961539 0.5049001068376069 0.3719981971153846 0.5068076923076923 0.3773635817307692 0.47342307692307695 0.3764693509615385 0.465474358974359 0.37164032451923074 0.46229487179487183 0.36716917067307697 0.4626132478632478 0.36627493990384613 0.4680181623931624 0.36341346153846155 0.4947259615384615 0.3628771033653846 0.5061720085470085
3 0.37772115384615385 0.4638846153846154 0.37915204326923074 0.4390849358974359 0.37754236778846156 0.42732104700854706 0.3696730769230769 0.42827457264957264 0.3666328125 0.4629310897435897 0.3666328125 0.4651565170940171 0.37020973557692305 0.4626132478632478 0.37414423076923076 0.4632489316239316 0.3766481370192307 0.4651565170940171
3 0.3421310096153846 0.296008547008547 0.3319368990384615 0.27629594017094017 0.33211568509615386 0.2667574786324786 0.33622896634615385 0.2638963675213675 0.34052133413461544 0.26357799145299143 0.3489269831730769 0.28329113247863247 0.34946364182692313 0.2931474358974359
3 0.32996935096153845 0.2740705128205128 0.3185234375 0.2600806623931624 0.31923888221153846 0.2499065170940171 0.32227914663461543 0.24577297008547008 0.32549849759615385 0.24577297008547008 0.33658683894230773 0.2600806623931624 0.336765625 0.2629423076923077 0.3335462740384615 0.2638963675213675 0.3314002403846154 0.2686650641025641
3 0.31727133413461533 0.25785523504273505 0.30636177884615384 0.24227564102564103 0.3068984375 0.23305502136752138 0.31047536057692304 0.22860416666666666 0.3122638221153846 0.2282857905982906 0.3235309495192308 0.2441832264957265 0.32156370192307693 0.2470448717948718 0.31798677884615384 0.24958867521367523
3 0.30546754807692306 0.23877831196581195 0.2924119591346154 0.23019391025641026 0.29294861778846154 0.21556837606837606 0.29473707932692306 0.21175267094017095 0.2979561298076923 0.21302457264957264 0.3108329326923077 0.22351655982905982 0.3120850360576923 0.226696047008547 0.3077926682692308 0.22892200854700853 0.3060042067307692 0.23464476495726497
2 0.265625 0.2094017094017094 0.26502403846153844 0.22008547008547008 0.26802884615384615 0.2222222222222222 0.27944711538461536 0.22115384615384615 0.28756009615384615 0.20993589743589744 0.28665865384615385 0.20512820512820512 0.28335336538461536 0.20245726495726496 0.2683293269230769 0.20352564102564102
2 0.23918269230769232 0.21474358974358973 0.23888221153846154 0.2232905982905983 0.23978365384615385 0.2248931623931624 0.24579326923076922 0.22542735042735043 0.26322115384615385 0.2206196581196581 0.26382211538461536 0.21314102564102563 0.26322115384615385 0.20886752136752137 0.2605168269230769 0.2045940170940171 0.25390625 0.20352564102564102 0.24248798076923078 0.20619658119658119 0.2400841346153846 0.20886752136752137
2 0.21364182692307693 0.21634615384615385 0.21334134615384615 0.22435897435897437 0.21454326923076922 0.22916666666666666 0.2169471153846154 0.23130341880341881 0.234375 0.2280982905982906 0.23677884615384615 0.22702991452991453 0.23798076923076922 0.22382478632478633 0.2364783653846154 0.21314102564102563 0.234375 0.20993589743589744 0.2169471153846154 0.2110042735042735 0.21424278846153846 0.21314102564102563
2 0.19110576923076922 0.24786324786324787 0.19080528846153846 0.25854700854700857 0.19260817307692307 0.26175213675213677 0.19951923076923078 0.26121794871794873 0.20372596153846154 0.24145299145299146 0.20282451923076922 0.2297008547008547 0.20042067307692307 0.22702991452991453 0.19621394230769232 0.22756410256410256
2 0.16887019230769232 0.2825854700854701 0.16917067307692307 0.29433760683760685 0.171875 0.29754273504273504 0.17638221153846154 0.297008547008547 0.17818509615384615 0.28205128205128205 0.18028846153846154 0.2767094017094017 0.18659855769230768 0.2686965811965812 0.18599759615384615 0.265491452991453 0.18209134615384615 0.2606837606837607 0.17818509615384615 0.26335470085470086
2 0.14332932692307693 0.3269230769230769 0.14332932692307693 0.3333333333333333 0.14753605769230768 0.3370726495726496 0.15474759615384615 0.32532051282051283 0.16105769230769232 0.31036324786324787 0.15865384615384615 0.30662393162393164 0.1541466346153846 0.3071581196581197
2 0.11147836538461539 0.4513888888888889 0.11147836538461539 0.4636752136752137 0.11268028846153846 0.4674145299145299 0.11748798076923077 0.468482905982906 0.12229567307692307 0.46634615384615385 0.12049278846153846 0.42735042735042733 0.11568509615384616 0.42628205128205127 0.11388221153846154 0.4284188034188034
2 0.11207932692307693 0.48504273504273504 0.11268028846153846 0.5101495726495726 0.11612950721153846 0.5201436965811965 0.12009615384615385 0.5206298076923077 0.1252941706730769 0.5194139957264957 0.12439903846153846 0.5080128205128205 0.12169471153846154 0.4877136752136752 0.1162860576923077 0.4807692307692308 0.11268028846153846 0.48183760683760685
2 0.16466346153846154 0.5865384615384616 0.16436298076923078 0.592948717948718 0.1658653846153846 0.5988247863247863 0.17938701923076922 0.6159188034188035 0.1817908653846154 0.6180555555555556 0.1856971153846154 0.6175213675213675 0.18870192307692307 0.6127136752136753 0.1893028846153846 0.6020299145299145 0.18419471153846154 0.5918803418803419 0.16856971153846154 0.5801282051282052 0.1658653846153846 0.5817307692307693
2 0.18990384615384615 0.6089743589743589 0.18900240384615385 0.6196581196581197 0.1932091346153846 0.6266025641025641 0.20973557692307693 0.6356837606837606 0.21364182692307693 0.6335470085470085 0.21574519230769232 0.6298076923076923 0.21634615384615385 0.6207264957264957 0.21784855769230768 0.6164529914529915 0.2169471153846154 0.6121794871794872 0.20643028846153846 0.6057692307692307 0.19621394230769232 0.6030982905982906 0.19080528846153846 0.6047008547008547
2 0.2166466346153846 0.6212606837606838 0.21544471153846154 0.6330128205128205 0.21754807692307693 0.6378205128205128 0.23497596153846154 0.6458333333333334 0.2421875 0.6469017094017094 0.2421875 0.6260683760683761 0.23798076923076922 0.6223290598290598 0.22175480769230768 0.6153846153846154 0.21875 0.6159188034188035
2 0.24248798076923078 0.6303418803418803 0.2421875 0.6426282051282052 0.2442908653846154 0.6479700854700855 0.26742788461538464 0.6527777777777778 0.27283653846153844 0.6495726495726496 0.27193509615384615 0.6335470085470085 0.27013221153846156 0.6308760683760684 0.24909855769230768 0.6260683760683761 0.24368990384615385 0.6266025641025641
2 0.2725360576923077 0.6303418803418803 0.27193509615384615 0.6340811965811965 0.2737379807692308 0.6458333333333334 0.27554086538461536 0.6495726495726496 0.30018028846153844 0.6458333333333334 0.3034855769230769 0.6436965811965812 0.3046875 0.6404914529914529 0.30288461538461536 0.625534188034188 0.30078125 0.6228632478632479 0.28185096153846156 0.6260683760683761
2 0.3046875 0.6196581196581197 0.30408653846153844 0.6239316239316239 0.30528846153846156 0.6351495726495726 0.30618990384615385 0.6378205128205128 0.3094951923076923 0.6394230769230769 0.3347355769230769 0.6308760683760684 0.3362379807692308 0.625 0.3347355769230769 0.6127136752136753 0.3317307692307692 0.6095085470085471 0.3073918269230769 0.6153846153846154
2 0.37830528846153844 0.6084401709401709 0.3777043269230769 0.6169871794871795 0.3786057692307692 0.6239316239316239 0.3819110576923077 0.6266025641025641 0.40414663461538464 0.6201923076923077 0.4071514423076923 0.6132478632478633 0.40564903846153844 0.6025641025641025 0.40174278846153844 0.5988247863247863 0.3831129807692308 0.6047008547008547
2 0.4089543269230769 0.5956196581196581 0.40865384615384615 0.6079059829059829 0.4113581730769231 0.6137820512820513 0.43599759615384615 0.6095085470085471 0.43810096153846156 0.6068376068376068 0.43689903846153844 0.5918803418803419 0.4338942307692308 0.5881410256410257 0.4137620192307692 0.5908119658119658
2 0.4402043269230769 0.5886752136752137 0.4402043269230769 0.6030982905982906 0.4426081730769231 0.6079059829059829 0.4645432692307692 0.6020299145299145 0.4684495192307692 0.5988247863247863 0.4678485576923077 0.5849358974358975 0.46694711538461536 0.5811965811965812 0.4651442307692308 0.5801282051282052 0.4450120192307692 0.5838675213675214
2 0.4723557692307692 0.5870726495726496 0.47294591346153847 0.591252670940171 0.47421033653846156 0.5927516025641026 0.5009014423076923 0.5918803418803419 0.5018028846153846 0.5838675213675214 0.5003004807692307 0.5721153846153846 0.49609375 0.5699786324786325 0.47506009615384615 0.5731837606837606 0.4738581730769231 0.5742521367521367
2 0.49399038461538464 0.5331196581196581 0.49368990384615385 0.5464743589743589 0.4972956730769231 0.5598290598290598 0.49789663461538464 0.5673076923076923 0.5009014423076923 0.5699786324786325 0.5081129807692307 0.5678418803418803 0.5087139423076923 0.5608974358974359 0.5030048076923077 0.5347222222222222 0.5015024038461539 0.531517094017094 0.4987980769230769 0.530448717948718 0.4948918269230769 0.530982905982906
2 0.4909855769230769 0.5010683760683761 0.4912860576923077 0.5219017094017094 0.4957932692307692 0.5208333333333334 0.4987980769230769 0.5224358974358975 0.5012019230769231 0.5122863247863247 0.5015024038461539 0.49252136752136755 0.49819711538461536 0.48664529914529914 0.4948918269230769 0.48717948717948717 0.49158653846153844 0.4946581196581197
2 0.5027043269230769 0.4700854700854701 0.5018028846153846 0.4855769230769231 0.50390625 0.4893162393162393 0.5249399038461539 0.48717948717948717 0.5279447115384616 0.4855769230769231 0.5285456730769231 0.4829059829059829 0.5291466346153846 0.4700854700854701 0.5264423076923077 0.4674145299145299 0.5084134615384616 0.4658119658119658
2 0.5303485576923077 0.4706196581196581 0.5294471153846154 0.48504273504273504 0.5318509615384616 0.48878205128205127 0.55078125 0.4855769230769231 0.5552884615384616 0.48344017094017094 0.5573918269230769 0.4780982905982906 0.5561899038461539 0.4674145299145299 0.5540865384615384 0.4636752136752137 0.5393629807692307 0.46634615384615385
2 0.5691105769230769 0.48183760683760685 0.5676081730769231 0.49786324786324787 0.5778245192307693 0.5202991452991453 0.5814302884615384 0.5229700854700855 0.5871394230769231 0.5128205128205128 0.5856370192307693 0.5010683760683761 0.5763221153846154 0.4797008547008547 0.5730168269230769 0.47863247863247865
2 0.5832331730769231 0.5224358974358975 0.5829326923076923 0.5288461538461539 0.5847355769230769 0.5384615384615384 0.5916466346153846 0.5582264957264957 0.5943509615384616 0.5603632478632479 0.5997596153846154 0.5582264957264957 0.6027644230769231 0.5491452991452992 0.5919471153846154 0.5170940170940171 0.5880408653846154 0.5149572649572649
2 0.6021634615384616 0.5534188034188035 0.6000600961538461 0.5641025641025641 0.6045673076923077 0.5769230769230769 0.6135817307692307 0.594017094017094 0.6162860576923077 0.5961538461538461 0.6213942307692307 0.592948717948718 0.6234975961538461 0.5886752136752137 0.6234975961538461 0.5844017094017094 0.6207932692307693 0.5742521367521367 0.6090745192307693 0.5512820512820513 0.6057692307692307 0.5491452991452992
2 0.6427283653846154 0.5908119658119658 0.6409254807692307 0.5977564102564102 0.6412259615384616 0.6020299145299145 0.6451322115384616 0.6089743589743589 0.6493389423076923 0.6089743589743589 0.6616586538461539 0.5977564102564102 0.6688701923076923 0.5881410256410257 0.6688701923076923 0.5737179487179487 0.6643629807692307 0.5710470085470085 0.6517427884615384 0.5811965811965812 0.6475360576923077 0.5817307692307693
2 0.6700721153846154 0.5715811965811965 0.6700721153846154 0.5854700854700855 0.6715745192307693 0.5876068376068376 0.67578125 0.5876068376068376 0.6971153846153846 0.5769230769230769 0.69921875 0.5726495726495726 0.6989182692307693 0.5635683760683761 0.6974158653846154 0.5587606837606838 0.6923076923076923 0.5566239316239316 0.6724759615384616 0.5662393162393162
2 0.7001201923076923 0.5576923076923077 0.6995192307692307 0.5705128205128205 0.7016225961538461 0.5747863247863247 0.7277644230769231 0.5747863247863247 0.7298677884615384 0.5715811965811965 0.7298677884615384 0.5587606837606838 0.7271634615384616 0.5534188034188035 0.7061298076923077 0.5518162393162394 0.7028245192307693 0.5528846153846154
2 0.7316706730769231 0.5673076923076923 0.7313701923076923 0.5742521367521367 0.7575120192307693 0.5902777777777778 0.7611177884615384 0.5876068376068376 0.7641225961538461 0.5774572649572649 0.7641225961538461 0.5731837606837606 0.76171875 0.5683760683760684 0.73828125 0.5550213675213675 0.7337740384615384 0.5582264957264957
2 0.7632211538461539 0.5854700854700855 0.7626201923076923 0.5918803418803419 0.7647235576923077 0.5950854700854701 0.7839543269230769 0.6121794871794872 0.7899639423076923 0.6148504273504274 0.7926682692307693 0.6025641025641025 0.7932692307692307 0.593482905982906 0.7896634615384616 0.5844017094017094 0.7857572115384616 0.5838675213675214 0.7731370192307693 0.5742521367521367 0.7686298076923077 0.5737179487179487 0.7650240384615384 0.5785256410256411
2 0.7917668269230769 0.6057692307692307 0.7899639423076923 0.6132478632478633 0.7908653846153846 0.6191239316239316 0.8125 0.6442307692307693 0.8179086538461539 0.6442307692307693 0.8212139423076923 0.6372863247863247 0.8218149038461539 0.6266025641025641 0.8206129807692307 0.6196581196581197 0.8001802884615384 0.594017094017094 0.7950721153846154 0.5950854700854701
2 0.7881610576923077 0.5438034188034188 0.7869591346153846 0.5470085470085471 0.7887620192307693 0.5566239316239316 0.7959735576923077 0.5726495726495726 0.8034855769230769 0.5849358974358975 0.8067908653846154 0.5827991452991453 0.8125 0.5726495726495726 0.8128004807692307 0.5705128205128205 0.8103966346153846 0.5641025641025641 0.8046875 0.5544871794871795 0.796875 0.5363247863247863
2 0.8058894230769231 0.5827991452991453 0.8067908653846154 0.5908119658119658 0.8236177884615384 0.6185897435897436 0.8284254807692307 0.6217948717948718 0.83203125 0.6196581196581197 0.8335336538461539 0.6164529914529915 0.8353365384615384 0.6095085470085471 0.8350360576923077 0.6030982905982906 0.8173076923076923 0.5742521367521367 0.8131009615384616 0.5715811965811965
2 0.7755408653846154 0.5064102564102564 0.7767427884615384 0.5181623931623932 0.7839543269230769 0.5400641025641025 0.7863581730769231 0.5432692307692307 0.7887620192307693 0.5432692307692307 0.7950721153846154 0.5363247863247863 0.7947716346153846 0.5293803418803419 0.7890625 0.5080128205128205 0.7833533653846154 0.49572649572649574 0.7791466346153846 0.49786324786324787
2 0.7653245192307693 0.468482905982906 0.7650240384615384 0.47863247863247865 0.76953125 0.5010683760683761 0.7722355769230769 0.5053418803418803 0.7758413461538461 0.5064102564102564 0.7806490384615384 0.4951923076923077 0.7770432692307693 0.47489316239316237 0.7767427884615384 0.4652777777777778 0.7752403846153846 0.46047008547008544 0.7722355769230769 0.4599358974358974
2 0.7605168269230769 0.44551282051282054 0.7602163461538461 0.44925213675213677 0.7620192307692307 0.452991452991453 0.7686298076923077 0.4551282051282051 0.7701322115384616 0.453525641025641 0.77734375 0.4230769230769231 0.7779447115384616 0.4182692307692308 0.7761418269230769 0.41399572649572647 0.7716346153846154 0.41346153846153844 0.7686298076923077 0.41773504273504275
2 0.7403846153846154 0.4011752136752137 0.7388822115384616 0.4113247863247863 0.7409855769230769 0.41399572649572647 0.7496995192307693 0.4166666666666667 0.7614182692307693 0.4236111111111111 0.7653245192307693 0.4230769230769231 0.7677283653846154 0.4166666666666667 0.7671274038461539 0.4049145299145299 0.7620192307692307 0.40064102564102566 0.7445913461538461 0.3942307692307692
2 0.12652524038461538 0.5612398504273505 0.14211838942307692 0.5894476495726495 0.15100931490384617 0.5819091880341881 0.14786328125 0.5709663461538461 0.1348689903846154 0.5437313034188034 0.1295342548076923 0.5447040598290599 0.12789302884615383 0.5483514957264957 0.12707211538461538 0.5539444444444444 0.12652524038461538 0.561482905982906
2 0.12433653846153846 0.5539444444444444 0.11626622596153847 0.533761217948718 0.11612950721153846 0.524034188034188 0.11599278846153846 0.5201436965811965 0.1184549278846154 0.519900641025641 0.1213272235576923 0.5196570512820513 0.12406310096153847 0.5225753205128205 0.13185967548076924 0.5395972222222222 0.1329540264423077 0.543244658119658 0.13076532451923079 0.5442174145299146 0.1293975360576923 0.5442174145299146 0.12775631009615385 0.5476217948717949 0.1274825721153846 0.5515128205128205 0.12693539663461537 0.5561330128205128 0.12584134615384615 0.5590512820512821
2 0.1226953125 0.4238477564102564 0.12830318509615385 0.4007462606837607 0.12693539663461537 0.3932083333333333 0.12242157451923076 0.391019764957265 0.12023317307692308 0.3929647435897436 0.11188912259615386 0.41825480769230766 0.11188912259615386 0.4279818376068376 0.11312019230769231 0.43041346153846155 0.11722385817307691 0.42530662393162394 0.1213272235576923 0.42822489316239315
2 0.12980799278846153 0.3953969017094017 0.13828846153846153 0.3686479700854701 0.13678395432692309 0.3615956196581197 0.13254356971153847 0.3611095085470085 0.13008143028846153 0.3611095085470085 0.12789302884615383 0.3659727564102564 0.1211905048076923 0.38737179487179485 0.1211905048076923 0.39199252136752133 0.12433653846153846 0.39126282051282046 0.1266619591346154 0.3922355769230769 0.12707211538461538 0.3953969017094017 0.1288503605769231 0.3968557692307692
2 0.14034044471153845 0.3645138888888889 0.14813701923076922 0.3406832264957265 0.14608533653846154 0.33679220085470085 0.1432127403846154 0.3346036324786325 0.13883563701923077 0.3346036324786325 0.13801502403846155 0.3365491452991453 0.13090234374999998 0.35673237179487177 0.13035516826923077 0.36037980769230765 0.13144921875 0.3613525641025641 0.13459525240384615 0.3613525641025641 0.13651021634615385 0.36256837606837605 0.1377412860576923 0.3650005341880342 0.13801502403846155 0.3662163461538462
1 0.27493990384615385 0.23076923076923078 0.2746394230769231 0.234508547008547 0.2785456730769231 0.24465811965811965 0.28335336538461536 0.24305555555555555 0.2920673076923077 0.22756410256410256 0.29146634615384615 0.21367521367521367 0.28575721153846156 0.21047008547008547
1 0.2536057692307692 0.24519230769230768 0.2530048076923077 0.24786324786324787 0.2548076923076923 0.25747863247863245 0.2575120192307692 0.26121794871794873 0.27493990384615385 0.2516025641025641 0.27794471153846156 0.24732905982905984 0.27554086538461536 0.23717948717948717 0.27283653846153844 0.23344017094017094 0.26231971153846156 0.2377136752136752
1 0.22956730769230768 0.25427350427350426 0.22986778846153846 0.26335470085470086 0.22806490384615385 0.2686965811965812 0.22986778846153846 0.26976495726495725 0.25180288461538464 0.26655982905982906 0.2551081730769231 0.26175213675213677 0.25330528846153844 0.25 0.2503004807692308 0.2467948717948718 0.24368990384615385 0.24732905982905984
1 0.20582932692307693 0.26175213675213677 0.20552884615384615 0.2692307692307692 0.20763221153846154 0.2719017094017094 0.23137019230769232 0.2686965811965812 0.22896634615384615 0.25427350427350426 0.2247596153846154 0.25106837606837606 0.2091346153846154 0.25267094017094016 0.20733173076923078 0.2548076923076923
1 0.17728365384615385 0.28365384615384615 0.17578125 0.296474358974359 0.18028846153846154 0.30074786324786323 0.1856971153846154 0.30128205128205127 0.19681490384615385 0.2825854700854701 0.1974158653846154 0.27510683760683763 0.19260817307692307 0.26655982905982906 0.18870192307692307 0.2676282051282051 0.18088942307692307 0.2761752136752137
1 0.15685096153846154 0.31997863247863245 0.15384615384615385 0.32745726495726496 0.15384615384615385 0.3311965811965812 0.15715144230769232 0.3344017094017094 0.16165865384615385 0.3344017094017094 0.16526442307692307 0.33226495726495725 0.17277644230769232 0.3215811965811966 0.1739783653846154 0.31356837606837606 0.16826923076923078 0.3071581196581197 0.16556490384615385 0.3076923076923077 0.1622596153846154 0.31036324786324787
1 0.13641826923076922 0.3733974358974359 0.1328125 0.38675213675213677 0.14032451923076922 0.40010683760683763 0.14753605769230768 0.38354700854700857 0.15324519230769232 0.36217948717948717 0.14903846153846154 0.358974358974359 0.14393028846153846 0.36004273504273504
1 0.14573317307692307 0.35096153846153844 0.14543269230769232 0.3541666666666667 0.14753605769230768 0.358974358974359 0.14993990384615385 0.36004273504273504 0.15084134615384615 0.3627136752136752 0.1544471153846154 0.3627136752136752 0.16466346153846154 0.33814102564102566 0.16556490384615385 0.3301282051282051 0.15895432692307693 0.3327991452991453 0.1544471153846154 0.3311965811965812
1 0.125 0.41452991452991456 0.1240985576923077 0.422008547008547 0.12530048076923078 0.42467948717948717 0.13371394230769232 0.4268162393162393 0.14032451923076922 0.39903846153846156 0.14032451923076922 0.39636752136752135 0.13401442307692307 0.3856837606837607 0.13010817307692307 0.39155982905982906
1 0.12229567307692307 0.4310897435897436 0.12349759615384616 0.46634615384615385 0.12590144230769232 0.468482905982906 0.1310096153846154 0.46794871794871795 0.13371394230769232 0.46153846153846156 0.13341346153846154 0.4321581196581197 0.1307091346153846 0.4284188034188034 0.1268028846153846 0.4268162393162393
1 0.13431490384615385 0.4658119658119658 0.1346153846153846 0.4775641025641026 0.1388221153846154 0.48023504273504275 0.15775240384615385 0.47649572649572647 0.16135817307692307 0.47489316239316237 0.16376201923076922 0.4700854700854701 0.1619591346153846 0.4599358974358974 0.1580528846153846 0.4551282051282051 0.13762019230769232 0.4594017094017094 0.13521634615384615 0.4620726495726496
1 0.16316105769230768 0.452991452991453 0.16346153846153846 0.46474358974358976 0.16496394230769232 0.46955128205128205 0.18840144230769232 0.4599358974358974 0.19200721153846154 0.4561965811965812 0.1896033653846154 0.4423076923076923 0.18719951923076922 0.44017094017094016 0.17097355769230768 0.44604700854700857 0.16526442307692307 0.44925213675213677
1 0.19020432692307693 0.4391025641025641 0.1896033653846154 0.4423076923076923 0.19170673076923078 0.4551282051282051 0.1935096153846154 0.45726495726495725 0.20342548076923078 0.453525641025641 0.2166466346153846 0.44604700854700857 0.21844951923076922 0.44337606837606836 0.2169471153846154 0.43322649572649574 0.21784855769230768 0.4284188034188034 0.21484375 0.42788461538461536 0.19651442307692307 0.43482905982905984
1 0.21965144230769232 0.42574786324786323 0.2169471153846154 0.4284188034188034 0.2169471153846154 0.4321581196581197 0.21995192307692307 0.44497863247863245 0.2403846153846154 0.43803418803418803 0.24579326923076922 0.43162393162393164 0.24549278846153846 0.4252136752136752 0.24188701923076922 0.4172008547008547 0.23527644230769232 0.4182692307692308
1 0.24639423076923078 0.4150641025641026 0.24579326923076922 0.4198717948717949 0.24699519230769232 0.4284188034188034 0.2503004807692308 0.4321581196581197 0.27133413461538464 0.4252136752136752 0.27403846153846156 0.421474358974359 0.2731370192307692 0.4113247863247863 0.26953125 0.40705128205128205 0.26171875 0.4075854700854701
1 0.2899639423076923 0.4043803418803419 0.28966346153846156 0.41399572649572647 0.2926682692307692 0.4172008547008547 0.3088942307692308 0.4198717948717949 0.3137019230769231 0.4182692307692308 0.3134014423076923 0.40384615384615385 0.31069711538461536 0.40064102564102566 0.29507211538461536 0.3969017094017094 0.29236778846153844 0.39850427350427353
1 0.3134014423076923 0.40384615384615385 0.31310096153846156 0.41773504273504275 0.3155048076923077 0.4198717948717949 0.33203125 0.42574786324786323 0.33804086538461536 0.4252136752136752 0.3395432692307692 0.421474358974359 0.3395432692307692 0.4113247863247863 0.33774038461538464 0.40705128205128205 0.31850961538461536 0.4017094017094017
1 0.34044471153846156 0.41025641025641024 0.34044471153846156 0.42467948717948717 0.3428485576923077 0.42628205128205127 0.3623798076923077 0.42628205128205127 0.36478365384615385 0.42467948717948717 0.3668870192307692 0.4188034188034188 0.36328125 0.4113247863247863 0.35877403846153844 0.40865384615384615 0.34435096153846156 0.405982905982906 0.34194711538461536 0.406517094017094
1 0.39693509615384615 0.4182692307692308 0.3954326923076923 0.42094017094017094 0.3957331730769231 0.42467948717948717 0.4128605769230769 0.42628205128205127 0.4182692307692308 0.4305555555555556 0.4209735576923077 0.41933760683760685 0.42037259615384615 0.41452991452991456 0.4191706730769231 0.41346153846153844 0.40174278846153844 0.41399572649572647
1 0.42127403846153844 0.4172008547008547 0.4209735576923077 0.4268162393162393 0.421875 0.42895299145299143 0.4227764423076923 0.4252136752136752 0.4441105769230769 0.41933760683760685 0.4456129807692308 0.41773504273504275 0.44591346153846156 0.4113247863247863 0.44320913461538464 0.4081196581196581 0.42518028846153844 0.4107905982905983
1 0.4465144230769231 0.4091880341880342 0.4465144230769231 0.4155982905982906 0.4495192307692308 0.4188034188034188 0.45492788461538464 0.4155982905982906 0.47025240384615385 0.41452991452991456 0.47085336538461536 0.41239316239316237 0.47055288461538464 0.40384615384615385 0.46875 0.4011752136752137 0.45643028846153844 0.40384615384615385
1 0.47265625 0.3974358974358974 0.47055288461538464 0.40064102564102566 0.47055288461538464 0.40544871794871795 0.47115384615384615 0.4113247863247863 0.47325721153846156 0.41399572649572647 0.4774639423076923 0.4129273504273504 0.48768028846153844 0.4027777777777778 0.4951923076923077 0.40064102564102566 0.4933894230769231 0.39155982905982906 0.48828125 0.38835470085470086
1 0.34615384615384615 0.30235042735042733 0.34585336538461536 0.3071581196581197 0.35216346153846156 0.328525641025641 0.35874819711538464 0.3269166666666667 0.3632647235576923 0.3317916666666667 0.362135516826923 0.3188872863247863 0.3557692307692308 0.3055555555555556 0.3518629807692308 0.3002136752136752 0.34825721153846156 0.29967948717948717
1 0.43930288461538464 0.20833333333333334 0.43930288461538464 0.2206196581196581 0.4495192307692308 0.23023504273504272 0.4528245192307692 0.23076923076923078 0.45372596153846156 0.22916666666666666 0.4561298076923077 0.22008547008547008 0.45372596153846156 0.2126068376068376 0.44591346153846156 0.2045940170940171 0.44200721153846156 0.2045940170940171
1 0.45492788461538464 0.2232905982905983 0.4540264423076923 0.23076923076923078 0.45763221153846156 0.2377136752136752 0.46634615384615385 0.24572649572649571 0.47025240384615385 0.24786324786324787 0.4717548076923077 0.24626068376068377 0.47325721153846156 0.23931623931623933 0.47325721153846156 0.234508547008547 0.4717548076923077 0.23076923076923078 0.46033653846153844 0.2206196581196581 0.45643028846153844 0.2206196581196581
1 0.47265625 0.2377136752136752 0.4714543269230769 0.24572649572649571 0.47265625 0.2516025641025641 0.4801682692307692 0.2622863247863248 0.4840745192307692 0.266025641025641 0.48768028846153844 0.26655982905982906 0.4891826923076923 0.2516025641025641 0.4774639423076923 0.23664529914529914 0.4735576923076923 0.23557692307692307
1 0.4885817307692308 0.2569444444444444 0.4870793269230769 0.265491452991453 0.49068509615384615 0.2702991452991453 0.5030048076923077 0.280982905982906 0.5051081730769231 0.281517094017094 0.5090144230769231 0.2777777777777778 0.5096153846153846 0.26816239316239315 0.5054086538461539 0.2622863247863248 0.4948918269230769 0.2532051282051282 0.4909855769230769 0.25213675213675213
1 0.5216346153846154 0.26175213675213677 0.5210336538461539 0.26655982905982906 0.5225360576923077 0.27350427350427353 0.5261418269230769 0.2745726495726496 0.5321514423076923 0.2724358974358974 0.5441706730769231 0.26335470085470086 0.5450721153846154 0.26175213675213677 0.5444711538461539 0.25106837606837606 0.5432692307692307 0.24893162393162394 0.5399639423076923 0.2483974358974359 0.5330528846153846 0.25106837606837606 0.5249399038461539 0.2564102564102564
1 0.5456730769230769 0.2467948717948718 0.5447716346153846 0.24786324786324787 0.5453725961538461 0.26121794871794873 0.5501802884615384 0.2622863247863248 0.5643028846153846 0.2548076923076923 0.56640625 0.24893162393162394 0.5658052884615384 0.2377136752136752 0.5597956730769231 0.23717948717948717
1 0.56640625 0.23557692307692307 0.5670072115384616 0.24786324786324787 0.5685096153846154 0.24946581196581197 0.5832331730769231 0.24465811965811965 0.5874399038461539 0.2377136752136752 0.5868389423076923 0.2280982905982906 0.5850360576923077 0.22542735042735043 0.5718149038461539 0.2297008547008547
1 0.3782662259615384 0.4178226495726496 0.3840733173076923 0.41438141025641023 0.3847184495192308 0.4086458333333333 0.37568539663461537 0.3771014957264957 0.3706847956730769 0.3762409188034188 0.36923317307692305 0.3819764957264957 0.3682653245192308 0.3862777777777778
1 0.3669747596153846 0.3796821581196581 0.36100631009615386 0.35989529914529916 0.3613290264423077 0.3530128205128205 0.36294200721153846 0.350144764957265 0.36536177884615384 0.34813782051282055 0.3671361177884615 0.34785096153846157 0.3753626802884616 0.3762409188034188 0.37326562500000005 0.3762409188034188 0.37100751201923077 0.3762409188034188 0.36923317307692305 0.3796821581196581 0.3676198918269231 0.38341025641025644
1 0.36068389423076924 0.35530662393162393 0.3535862379807692 0.33551976495726493 0.3535862379807692 0.3292110042735043 0.35648978365384615 0.32777724358974364 0.35955468749999997 0.3274903846153846 0.36294200721153846 0.33437286324786325 0.36778125000000006 0.3464172008547009 0.3687490985576923 0.34985844017094014 0.36568419471153846 0.34727724358974355 0.3627806490384616 0.350144764957265 0.36100631009615386 0.3544465811965812
0 0.16826923076923078 0.5635683760683761 0.16856971153846154 0.5747863247863247 0.1700721153846154 0.5785256410256411 0.17487980769230768 0.5811965811965812 0.17908653846153846 0.5806623931623932 0.19651442307692307 0.5742521367521367 0.19801682692307693 0.5571581196581197 0.19110576923076922 0.5555555555555556 0.171875 0.5592948717948718 0.16947115384615385 0.5603632478632479
0 0.1971153846153846 0.5571581196581197 0.1971153846153846 0.5662393162393162 0.19561298076923078 0.5737179487179487 0.19651442307692307 0.5753205128205128 0.2208533653846154 0.5763888888888888 0.22686298076923078 0.5747863247863247 0.2283653846153846 0.5710470085470085 0.22806490384615385 0.5603632478632479 0.2244591346153846 0.5560897435897436 0.20282451923076922 0.5555555555555556
0 0.23347355769230768 0.5582264957264957 0.2325721153846154 0.5603632478632479 0.23287259615384615 0.5715811965811965 0.23828125 0.5774572649572649 0.25540865384615385 0.5822649572649573 0.25931490384615385 0.5801282051282052 0.26352163461538464 0.5710470085470085 0.2551081730769231 0.5587606837606838 0.23828125 0.5550213675213675
0 0.25721153846153844 0.5539529914529915 0.2566105769230769 0.5576923076923077 0.2590144230769231 0.5635683760683761 0.26171875 0.5673076923076923 0.2653245192307692 0.5678418803418803 0.2815504807692308 0.5464743589743589 0.2848557692307692 0.5400641025641025 0.2848557692307692 0.5357905982905983 0.27944711538461536 0.5267094017094017 0.27584134615384615 0.5283119658119658 0.25841346153846156 0.5496794871794872
0 0.2800480769230769 0.5229700854700855 0.2800480769230769 0.5272435897435898 0.28665865384615385 0.5379273504273504 0.2902644230769231 0.5347222222222222 0.3019831730769231 0.5144230769230769 0.30649038461538464 0.5010683760683761 0.2965745192307692 0.4983974358974359 0.28305288461538464 0.5160256410256411
0 0.2977764423076923 0.4909188034188034 0.2971754807692308 0.49572649572649574 0.2980769230769231 0.49786324786324787 0.30709134615384615 0.5016025641025641 0.31790865384615385 0.48504273504273504 0.3230168269230769 0.47275641025641024 0.31430288461538464 0.4642094017094017
0 0.3155048076923077 0.4599358974358974 0.31460336538461536 0.46314102564102566 0.3155048076923077 0.4658119658119658 0.3200120192307692 0.469017094017094 0.3212139423076923 0.47275641025641024 0.3245192307692308 0.4722222222222222 0.33924278846153844 0.4599358974358974 0.34194711538461536 0.4551282051282051 0.34194711538461536 0.44925213675213677 0.3395432692307692 0.4428418803418803 0.33443509615384615 0.4423076923076923 0.3203125 0.452991452991453
0 0.3425480769230769 0.43856837606837606 0.3401442307692308 0.4423076923076923 0.34194711538461536 0.4481837606837607 0.3449519230769231 0.45405982905982906 0.3488581730769231 0.45405982905982906 0.3662860576923077 0.44604700854700857 0.36778846153846156 0.44177350427350426 0.36778846153846156 0.4342948717948718 0.3662860576923077 0.4284188034188034 0.359375 0.42735042735042733 0.3512620192307692 0.4305555555555556
0 0.3816105769230769 0.43856837606837606 0.38100961538461536 0.44711538461538464 0.3828125 0.45245726495726496 0.39603365384615385 0.46794871794871795 0.3984375 0.468482905982906 0.4011418269230769 0.4652777777777778 0.4035456730769231 0.452991452991453 0.40054086538461536 0.44764957264957267 0.3903245192307692 0.4358974358974359 0.38461538461538464 0.4358974358974359
0 0.4020432692307692 0.4636752136752137 0.40234375 0.4700854700854701 0.40444711538461536 0.47489316239316237 0.42127403846153844 0.48344017094017094 0.42518028846153844 0.484508547008547 0.4266826923076923 0.48183760683760685 0.4269831730769231 0.4668803418803419 0.4245793269230769 0.46260683760683763 0.4074519230769231 0.4545940170940171 0.40444711538461536 0.45566239316239315
0 0.42728365384615385 0.468482905982906 0.4269831730769231 0.48183760683760685 0.4296875 0.4855769230769231 0.4426081730769231 0.4861111111111111 0.453125 0.48183760683760685 0.45462740384615385 0.47863247863247865 0.4543269230769231 0.4738247863247863 0.44981971153846156 0.469017094017094 0.43299278846153844 0.4652777777777778 0.4287860576923077 0.4652777777777778
0 0.45643028846153844 0.4674145299145299 0.45522836538461536 0.4706196581196581 0.45643028846153844 0.47863247863247865 0.4618389423076923 0.4807692307692308 0.46724759615384615 0.4877136752136752 0.47806490384615385 0.48878205128205127 0.48106971153846156 0.4877136752136752 0.48257211538461536 0.484508547008547 0.4831730769230769 0.4754273504273504 0.48227163461538464 0.468482905982906 0.4606370192307692 0.4636752136752137
0 0.5126201923076923 0.39476495726495725 0.5114182692307693 0.39903846153846156 0.51171875 0.4081196581196581 0.5129206730769231 0.4113247863247863 0.5201322115384616 0.41185897435897434 0.5372596153846154 0.4075854700854701 0.5375600961538461 0.39316239316239315 0.5360576923076923 0.390491452991453 0.5159254807692307 0.390491452991453
0 0.5381610576923077 0.3936965811965812 0.5378605769230769 0.40544871794871795 0.5411658653846154 0.4081196581196581 0.5606971153846154 0.40705128205128205 0.5631009615384616 0.4049145299145299 0.5637019230769231 0.4011752136752137 0.5625 0.390491452991453 0.5576923076923077 0.38782051282051283 0.5426682692307693 0.3888888888888889
0 0.5772235576923077 0.4113247863247863 0.5769230769230769 0.4204059829059829 0.5802283653846154 0.42467948717948717 0.5994591346153846 0.4252136752136752 0.6024639423076923 0.4182692307692308 0.6030649038461539 0.4081196581196581 0.5994591346153846 0.4043803418803419 0.5808293269230769 0.4049145299145299
0 0.6033653846153846 0.4107905982905983 0.6021634615384616 0.422008547008547 0.6036658653846154 0.42574786324786323 0.6246995192307693 0.4321581196581197 0.6283052884615384 0.4321581196581197 0.6298076923076923 0.43002136752136755 0.6304086538461539 0.4182692307692308 0.6262019230769231 0.41025641025641024 0.6090745192307693 0.40544871794871795 0.6042668269230769 0.4075854700854701
0 0.6466346153846154 0.41399572649572647 0.6463341346153846 0.41773504273504275 0.6478365384615384 0.421474358974359 0.6508413461538461 0.42467948717948717 0.6544471153846154 0.4236111111111111 0.6688701923076923 0.4129273504273504 0.6721754807692307 0.4075854700854701 0.6724759615384616 0.40384615384615385 0.6703725961538461 0.3936965811965812 0.66796875 0.3926282051282051 0.6535456730769231 0.4011752136752137 0.6490384615384616 0.40705128205128205
0 0.6706730769230769 0.390491452991453 0.6715745192307693 0.40064102564102566 0.6748798076923077 0.4049145299145299 0.6926081730769231 0.39850427350427353 0.6956129807692307 0.3936965811965812 0.6947115384615384 0.3840811965811966 0.6926081730769231 0.37927350427350426 0.6754807692307693 0.38461538461538464
0 0.6983173076923077 0.38782051282051283 0.6983173076923077 0.39476495726495725 0.7052283653846154 0.3974358974358974 0.7238581730769231 0.39850427350427353 0.7265625 0.391025641025641 0.7256610576923077 0.38247863247863245 0.7238581730769231 0.3787393162393162 0.7088341346153846 0.37606837606837606 0.7013221153846154 0.3782051282051282
0 0.6033653846153846 0.3141025641025641 0.6027644230769231 0.3178418803418803 0.6042668269230769 0.32585470085470086 0.6057692307692307 0.328525641025641 0.6090745192307693 0.32905982905982906 0.6253004807692307 0.3215811965811966 0.6271033653846154 0.3173076923076923 0.6262019230769231 0.3071581196581197 0.6234975961538461 0.30395299145299143 0.6087740384615384 0.3087606837606838
0 0.6277043269230769 0.30074786324786323 0.6268028846153846 0.3034188034188034 0.6274038461538461 0.3141025641025641 0.6301081730769231 0.31837606837606836 0.6490384615384616 0.31463675213675213 0.6517427884615384 0.31036324786324787 0.6502403846153846 0.3002136752136752 0.6469350961538461 0.29594017094017094 0.6334134615384616 0.297008547008547
0 0.6520432692307693 0.296474358974359 0.65234375 0.31036324786324787 0.6535456730769231 0.31196581196581197 0.6724759615384616 0.3125 0.6772836538461539 0.31036324786324787 0.6760817307692307 0.296474358974359 0.6739783653846154 0.2916666666666667 0.6544471153846154 0.29113247863247865
0 0.6962139423076923 0.296474358974359 0.6965144230769231 0.3034188034188034 0.6995192307692307 0.3071581196581197 0.7019230769230769 0.3071581196581197 0.7166466346153846 0.29594017094017094 0.7190504807692307 0.2932692307692308 0.7196514423076923 0.28899572649572647 0.7172475961538461 0.27884615384615385 0.7133413461538461 0.27724358974358976 0.7019230769230769 0.2879273504273504
0 0.7178485576923077 0.2719017094017094 0.7163461538461539 0.2761752136752137 0.7208533653846154 0.2905982905982906 0.7241586538461539 0.2900641025641026 0.7352764423076923 0.2777777777777778 0.7373798076923077 0.2702991452991453 0.7346754807692307 0.2606837606837607 0.7301682692307693 0.26014957264957267
0 0.7578125 0.29433760683760685 0.7551081730769231 0.29967948717948717 0.7551081730769231 0.3034188034188034 0.7611177884615384 0.32745726495726496 0.7638221153846154 0.3301282051282051 0.7698317307692307 0.32905982905982906 0.7710336538461539 0.32532051282051283 0.7698317307692307 0.31463675213675213 0.765625 0.29754273504273504 0.7620192307692307 0.29113247863247865 0.7593149038461539 0.2916666666666667
0 0.7422355769230768 0.39624679487179487 0.7564251802884615 0.3737371794871795 0.75620703125 0.3655876068376068 0.7531508413461538 0.36054220085470085 0.7514041466346153 0.36015384615384616 0.7380877403846154 0.3811111111111111 0.7359047475961538 0.39158974358974363 0.7383058894230768 0.39702297008547005 0.7417989783653846 0.3977991452991453
0 0.7583900240384616 0.3694684829059829 0.7699600360576924 0.34928739316239316 0.770178485576923 0.3391965811965812 0.7653759014423076 0.3357040598290598 0.7522773437500001 0.3547206196581197 0.7518407451923077 0.36015384615384616 0.7559885817307692 0.3640347222222222
0 0.7527142427884616 0.2980582264957265 0.7476932091346153 0.2774893162393163 0.7487845552884616 0.26545833333333335 0.7524957932692308 0.26274145299145296 0.7542421874999999 0.2631298076923077 0.7607914663461539 0.28486324786324785 0.7612280649038462 0.29068482905982906 0.75620703125 0.29572970085470085 0.7542421874999999 0.30155128205128207
0 0.6854762620192307 0.29728205128205126 0.6752160456730769 0.2747724358974359 0.6767439903846154 0.2635176282051282 0.6795820312499999 0.2611891025641026 0.6832932692307693 0.2611891025641026 0.6902791466346153 0.2802061965811966 0.6918070913461538 0.2934011752136752 0.6883143028846154 0.29572970085470085
0 0.6752160456730769 0.2646821581196581 0.6706316105769231 0.24644177350427351 0.6710682091346154 0.2344107905982906 0.6760892427884616 0.22975320512820513 0.6826382211538462 0.25265117521367525 0.6832932692307693 0.2631298076923077 0.6795820312499999 0.2631298076923077 0.6769624399038462 0.26584668803418804 0.6752160456730769 0.26739903846153845
4 0.29837740384615385 0.1997863247863248 0.2980769230769231 0.2077991452991453 0.30018028846153844 0.2142094017094017 0.30408653846153844 0.2142094017094017 0.3173076923076923 0.20726495726495728 0.3206129807692308 0.202991452991453 0.31971153846153844 0.1955128205128205 0.3176081730769231 0.1907051282051282 0.30228365384615385 0.1955128205128205
4 0.3230168269230769 0.1875 0.32271634615384615 0.1971153846153846 0.32481971153846156 0.202991452991453 0.34525240384615385 0.19604700854700854 0.34435096153846156 0.18803418803418803 0.34224759615384615 0.18215811965811965 0.3284254807692308 0.18376068376068377
4 0.34555288461538464 0.18215811965811965 0.34555288461538464 0.19123931623931623 0.34765625 0.19604700854700854 0.359375 0.1955128205128205 0.3668870192307692 0.19284188034188035 0.3662860576923077 0.18055555555555555 0.36478365384615385 0.1778846153846154 0.35006009615384615 0.17895299145299146
4 0.36899038461538464 0.1794871794871795 0.36959134615384615 0.19337606837606838 0.38822115384615385 0.19444444444444445 0.390625 0.19123931623931623 0.39002403846153844 0.18162393162393162 0.3876201923076923 0.17735042735042736 0.3722956730769231 0.1762820512820513
4 0.3918269230769231 0.1794871794871795 0.3918269230769231 0.1875 0.39393028846153844 0.19230769230769232 0.4071514423076923 0.1971153846153846 0.4113581730769231 0.19604700854700854 0.41225961538461536 0.18536324786324787 0.41195913461538464 0.18215811965811965 0.41015625 0.18055555555555555 0.3975360576923077 0.17574786324786323 0.3936298076923077 0.17574786324786323
4 0.41165865384615385 0.18963675213675213 0.4113581730769231 0.19604700854700854 0.41466346153846156 0.19925213675213677 0.4284855769230769 0.20512820512820512 0.43209134615384615 0.20405982905982906 0.4326923076923077 0.20192307692307693 0.4326923076923077 0.19230769230769232 0.42908653846153844 0.18696581196581197 0.4143629807692308 0.18215811965811965 0.41256009615384615 0.1842948717948718
4 0.4489182692307692 0.19925213675213677 0.4489182692307692 0.20619658119658119 0.453125 0.2110042735042735 0.4678485576923077 0.2110042735042735 0.4699519230769231 0.20833333333333334 0.47025240384615385 0.19604700854700854 0.4675480769230769 0.19391025641025642 0.4528245192307692 0.19444444444444445 0.4504206730769231 0.1955128205128205
4 0.47475961538461536 0.202991452991453 0.47475961538461536 0.2094017094017094 0.4765625 0.21153846153846154 0.49158653846153844 0.2152777777777778 0.4948918269230769 0.21367521367521367 0.49609375 0.19925213675213677 0.49068509615384615 0.19604700854700854 0.4777644230769231 0.19497863247863248 0.4762620192307692 0.19604700854700854
4 0.49549278846153844 0.20886752136752137 0.4951923076923077 0.21367521367521367 0.49759615384615385 0.21741452991452992 0.515625 0.22008547008547008 0.5168269230769231 0.21794871794871795 0.5174278846153846 0.20619658119658119 0.5150240384615384 0.202991452991453 0.4996995192307692 0.20085470085470086 0.49669471153846156 0.20245726495726496
4 0.5174278846153846 0.2110042735042735 0.5171274038461539 0.2168803418803419 0.5189302884615384 0.2206196581196581 0.5327524038461539 0.2232905982905983 0.5366586538461539 0.22275641025641027 0.5381610576923077 0.2206196581196581 0.5381610576923077 0.2094017094017094 0.5363581730769231 0.20726495726495728 0.5204326923076923 0.2045940170940171 0.5177283653846154 0.20619658119658119
4 0.5399639423076923 0.20993589743589744 0.5396634615384616 0.22008547008547008 0.5414663461538461 0.2232905982905983 0.5555889423076923 0.2264957264957265 0.5615985576923077 0.22435897435897437 0.5615985576923077 0.21314102564102563 0.5597956730769231 0.20993589743589744 0.5435697115384616 0.20566239316239315
4 0.5634014423076923 0.21741452991452992 0.5631009615384616 0.22382478632478633 0.5643028846153846 0.22596153846153846 0.5706129807692307 0.2280982905982906 0.5847355769230769 0.2248931623931624 0.5859375 0.22115384615384615 0.5850360576923077 0.2142094017094017 0.5814302884615384 0.21047008547008547 0.5673076923076923 0.2094017094017094 0.5640024038461539 0.21314102564102563
4 0.6021634615384616 0.2264957264957265 0.6024639423076923 0.23237179487179488 0.6063701923076923 0.23557692307692307 0.6204927884615384 0.23824786324786323 0.6256009615384616 0.23664529914529914 0.6256009615384616 0.22382478632478633 0.6204927884615384 0.22008547008547008 0.6057692307692307 0.21741452991452992
4 0.6271033653846154 0.22756410256410256 0.6262019230769231 0.23717948717948717 0.6295072115384616 0.23985042735042736 0.6454326923076923 0.24145299145299146 0.6499399038461539 0.2377136752136752 0.6496394230769231 0.22702991452991453 0.6475360576923077 0.22382478632478633 0.6295072115384616 0.2232905982905983
4 0.6496394230769231 0.25213675213675213 0.6484375 0.2548076923076923 0.6496394230769231 0.2644230769230769 0.6508413461538461 0.2670940170940171 0.6544471153846154 0.2670940170940171 0.66796875 0.25106837606837606 0.6691706730769231 0.24465811965811965 0.6685697115384616 0.2377136752136752 0.6643629807692307 0.23664529914529914 0.6616586538461539 0.23824786324786323
4 0.6271033653846154 0.2638888888888889 0.6277043269230769 0.2724358974358974 0.6301081730769231 0.27724358974358976 0.6472355769230769 0.2708333333333333 0.6493389423076923 0.26655982905982906 0.6475360576923077 0.25427350427350426 0.6319110576923077 0.25854700854700857
4 0.6078725961538461 0.2783119658119658 0.6063701923076923 0.2825854700854701 0.6099759615384616 0.2922008547008547 0.6129807692307693 0.29273504273504275 0.6274038461538461 0.2793803418803419 0.6271033653846154 0.2686965811965812 0.6259014423076923 0.266025641025641 0.6225961538461539 0.266025641025641 0.6090745192307693 0.27564102564102566
4 0.5895432692307693 0.3018162393162393 0.5895432692307693 0.30982905982905984 0.5916466346153846 0.31303418803418803 0.5952524038461539 0.31356837606837606 0.5982572115384616 0.31036324786324787 0.5982572115384616 0.30662393162393164 0.6024639423076923 0.29594017094017094 0.609375 0.29273504273504275 0.6084735576923077 0.2863247863247863 0.6057692307692307 0.28205128205128205 0.6024639423076923 0.28365384615384615 0.5928485576923077 0.2932692307692308
4 0.5859375 0.3504273504273504 0.5856370192307693 0.3557692307692308 0.5919471153846154 0.36004273504273504 0.6003605769230769 0.34455128205128205 0.6021634615384616 0.33760683760683763 0.6021634615384616 0.33226495726495725 0.6003605769230769 0.33066239316239315 0.5943509615384616 0.33226495726495725 0.5883413461538461 0.3424145299145299
4 0.5724158653846154 0.38087606837606836 0.5718149038461539 0.38461538461538464 0.5736177884615384 0.391025641025641 0.5787259615384616 0.39316239316239315 0.5859375 0.38087606837606836 0.5916466346153846 0.36538461538461536 0.5922475961538461 0.35844017094017094 0.5853365384615384 0.3573717948717949
4 0.5420673076923077 0.38354700854700857 0.5417668269230769 0.38675213675213677 0.54296875 0.38835470085470086 0.5557692307692308 0.38782051282051283 0.5615985576923077 0.39155982905982906 0.5643028846153846 0.39155982905982906 0.5658052884615384 0.3872863247863248 0.5643028846153846 0.37713675213675213 0.5456730769230769 0.37927350427350426 0.5432692307692307 0.3803418803418803
4 0.5159254807692307 0.3814102564102564 0.5153245192307693 0.3872863247863248 0.5171274038461539 0.38995726495726496 0.5369591346153846 0.38995726495726496 0.5417668269230769 0.38621794871794873 0.5423677884615384 0.3798076923076923 0.5393629807692307 0.37232905982905984 0.53515625 0.37072649572649574 0.5189302884615384 0.37713675213675213
4 0.4933894230769231 0.422008547008547 0.4921875 0.43696581196581197 0.49819711538461536 0.43803418803418803 0.5015024038461539 0.43536324786324787 0.5015024038461539 0.4321581196581197 0.5081129807692307 0.41185897435897434 0.5075120192307693 0.4081196581196581 0.5048076923076923 0.40384615384615385 0.5006009615384616 0.4027777777777778
4 0.4852764423076923 0.4668803418803419 0.4846754807692308 0.4738247863247863 0.48617788461538464 0.47702991452991456 0.4912860576923077 0.4780982905982906 0.49278846153846156 0.47649572649572647 0.4987980769230769 0.453525641025641 0.49939903846153844 0.44551282051282054 0.49819711538461536 0.4412393162393162 0.49429086538461536 0.43963675213675213 0.4909855769230769 0.4428418803418803
4 0.43960336538461536 0.4909188034188034 0.43900240384615385 0.5053418803418803 0.44471153846153844 0.5064102564102564 0.46334134615384615 0.5016025641025641 0.46484375 0.4983974358974359 0.4651442307692308 0.48717948717948717 0.46334134615384615 0.4823717948717949 0.4561298076923077 0.4807692307692308 0.44080528846153844 0.4877136752136752
4 0.4098557692307692 0.4946581196581197 0.4098557692307692 0.5090811965811965 0.4113581730769231 0.5138888888888888 0.43299278846153844 0.5090811965811965 0.4371995192307692 0.5053418803418803 0.4362980769230769 0.49198717948717946 0.43299278846153844 0.4877136752136752 0.41195913461538464 0.49252136752136755
4 0.3798076923076923 0.5058760683760684 0.3798076923076923 0.5160256410256411 0.38341346153846156 0.5186965811965812 0.40444711538461536 0.5165598290598291 0.40685096153846156 0.5154914529914529 0.40805288461538464 0.5122863247863247 0.40685096153846156 0.500534188034188 0.40414663461538464 0.4962606837606838 0.3831129807692308 0.4983974358974359 0.38070913461538464 0.5016025641025641
4 0.6871995192307693 0.17841880341880342 0.6884014423076923 0.19123931623931623 0.6923076923076923 0.19177350427350429 0.7064302884615384 0.18269230769230768 0.7076322115384616 0.1704059829059829 0.7064302884615384 0.1672008547008547 0.703125 0.16666666666666666 0.6905048076923077 0.1736111111111111
4 0.7154447115384616 0.17414529914529914 0.71484375 0.18269230769230768 0.7157451923076923 0.1858974358974359 0.7340745192307693 0.19658119658119658 0.7364783653846154 0.19497863247863248 0.7373798076923077 0.18215811965811965 0.7352764423076923 0.1778846153846154 0.7202524038461539 0.16987179487179488 0.7172475961538461 0.1704059829059829
4 0.7364783653846154 0.19391025641025642 0.7361778846153846 0.19604700854700854 0.7379807692307693 0.1997863247863248 0.7545072115384616 0.2110042735042735 0.7584134615384616 0.2094017094017094 0.7605168269230769 0.20192307692307693 0.7596153846153846 0.19444444444444445 0.7415865384615384 0.18376068376068377 0.73828125 0.18536324786324787
4 0.6656349158653847 0.23095833333333332 0.6752385817307692 0.2132638888888889 0.6750640024038461 0.20705555555555555 0.67296875 0.2027094017094017 0.6701748798076923 0.2020886752136752 0.6686033653846154 0.2039508547008547 0.6591739783653847 0.21823076923076923 0.6579516225961538 0.2287852564102564 0.6596977163461539 0.232821047008547 0.6637139423076923 0.2340625
4 0.6764609375 0.2114011752136752 0.6876364182692308 0.19712179487179488 0.6886838942307693 0.18625641025641027 0.6834456129807692 0.18160042735042736 0.6691271033653846 0.19743215811965814 0.6698254206730769 0.20333012820512822 0.6741908052884615 0.20333012820512822 0.6755877403846154 0.20891773504273503