2 0.28695913461538464 0.19391025641025642 0.2854567307692308 0.20619658119658119 0.28966346153846156 0.20833333333333334 0.2998798076923077 0.2077991452991453 0.30799278846153844 0.19925213675213677 0.30679086538461536 0.19337606837606838 0.3037860576923077 0.19123931623931623 0.2893629807692308 0.1907051282051282
2 0.26021634615384615 0.19604700854700854 0.25991586538461536 0.20673076923076922 0.2620192307692308 0.20993589743589744 0.2800480769230769 0.20833333333333334 0.2839543269230769 0.20619658119658119 0.28335336538461536 0.1955128205128205 0.27974759615384615 0.18963675213675213 0.2647235576923077 0.1907051282051282
2 0.23407451923076922 0.1987179487179487 0.23377403846153846 0.2094017094017094 0.2361778846153846 0.2126068376068376 0.2551081730769231 0.21153846153846154 0.2575120192307692 0.20993589743589744 0.2581129807692308 0.20673076923076922 0.25631009615384615 0.19604700854700854 0.25210336538461536 0.19284188034188035 0.23737980769230768 0.19337606837606838
2 0.21153846153846154 0.2280982905982906 0.2109375 0.2377136752136752 0.21213942307692307 0.2403846153846154 0.21364182692307693 0.24145299145299146 0.22025240384615385 0.2387820512820513 0.22415865384615385 0.2206196581196581 0.22325721153846154 0.20993589743589744 0.22025240384615385 0.20673076923076922 0.2166466346153846 0.2077991452991453
2 0.1893028846153846 0.2638888888888889 0.1893028846153846 0.2692307692307692 0.19260817307692307 0.27297008547008544 0.19471153846153846 0.2724358974358974 0.20582932692307693 0.24946581196581197 0.20612980769230768 0.24412393162393162 0.20342548076923078 0.23985042735042736 0.19951923076923078 0.24145299145299146 0.19170673076923078 0.2548076923076923
2 0.1640625 0.30288461538461536 0.16346153846153846 0.3071581196581197 0.16796875 0.31356837606837606 0.171875 0.31036324786324787 0.1814903846153846 0.28952991452991456 0.1814903846153846 0.2857905982905983 0.17908653846153846 0.28205128205128205 0.17487980769230768 0.28205128205128205 0.16706730769230768 0.2948717948717949
2 0.13311298076923078 0.4545940170940171 0.13311298076923078 0.4642094017094017 0.13701923076923078 0.49252136752136755 0.14032451923076922 0.4951923076923077 0.14393028846153846 0.49412393162393164 0.1463341346153846 0.48824786324786323 0.14393028846153846 0.4594017094017094 0.13701923076923078 0.4513888888888889
2 0.18780048076923078 0.5571581196581197 0.18629807692307693 0.5641025641025641 0.18719951923076922 0.5694444444444444 0.1896033653846154 0.5737179487179487 0.20282451923076922 0.5902777777777778 0.20673076923076922 0.5924145299145299 0.21033653846153846 0.5881410256410257 0.21243990384615385 0.5790598290598291 0.21153846153846154 0.5742521367521367 0.19981971153846154 0.5571581196581197 0.19260817307692307 0.5523504273504274
2 0.2130408653846154 0.5817307692307693 0.21183894230769232 0.594551282051282 0.21334134615384615 0.5988247863247863 0.2322716346153846 0.6095085470085471 0.23737980769230768 0.6084401709401709 0.2400841346153846 0.5956196581196581 0.2421875 0.5918803418803419 0.23858173076923078 0.5865384615384616 0.22025240384615385 0.5774572649572649 0.21514423076923078 0.5774572649572649
2 0.23888221153846154 0.6004273504273504 0.23858173076923078 0.6095085470085471 0.24098557692307693 0.6143162393162394 0.2620192307692308 0.6239316239316239 0.2659254807692308 0.6228632478632479 0.2659254807692308 0.6132478632478633 0.26802884615384615 0.6057692307692307 0.2653245192307692 0.6020299145299145 0.24489182692307693 0.5908119658119658 0.24128605769230768 0.5918803418803419
2 0.26622596153846156 0.6121794871794872 0.265625 0.6228632478632479 0.26802884615384615 0.6260683760683761 0.2881610576923077 0.6314102564102564 0.2959735576923077 0.6298076923076923 0.29537259615384615 0.6121794871794872 0.29356971153846156 0.6100427350427351 0.26802884615384615 0.6047008547008547 0.2668269230769231 0.6057692307692307
2 0.2980769230769231 0.6089743589743589 0.2959735576923077 0.6127136752136753 0.2959735576923077 0.6180555555555556 0.2965745192307692 0.6271367521367521 0.29837740384615385 0.6303418803418803 0.32481971153846156 0.6271367521367521 0.3272235576923077 0.6233974358974359 0.32602163461538464 0.6121794871794872 0.3239182692307692 0.6052350427350427 0.3176081730769231 0.6047008547008547
2 0.328125 0.6020299145299145 0.3278245192307692 0.6169871794871795 0.3308293269230769 0.6223290598290598 0.35366586538461536 0.6169871794871795 0.3581730769230769 0.6127136752136753 0.35757211538461536 0.5998931623931624 0.3551682692307692 0.5956196581196581 0.34134615384615385 0.5956196581196581 0.3311298076923077 0.5988247863247863
2 0.39993990384615385 0.6009615384615384 0.39993990384615385 0.6127136752136753 0.4032451923076923 0.6164529914529915 0.4254807692307692 0.6111111111111112 0.42788461538461536 0.6084401709401709 0.42908653846153844 0.5918803418803419 0.4254807692307692 0.5892094017094017 0.41736778846153844 0.5897435897435898 0.40234375 0.5950854700854701
2 0.4299879807692308 0.5913461538461539 0.4305889423076923 0.6025641025641025 0.43569711538461536 0.6063034188034188 0.45643028846153844 0.6025641025641025 0.4597355769230769 0.5993589743589743 0.45913461538461536 0.5844017094017094 0.4543269230769231 0.5811965811965812 0.43569711538461536 0.5822649572649573 0.4323918269230769 0.5844017094017094
2 0.4612379807692308 0.5838675213675214 0.4606370192307692 0.5988247863247863 0.46334134615384615 0.6009615384615384 0.484375 0.5982905982905983 0.4885817307692308 0.5961538461538461 0.48978365384615385 0.5918803418803419 0.4879807692307692 0.5779914529914529 0.484375 0.5753205128205128 0.4639423076923077 0.5790598290598291
2 0.4930889423076923 0.5817307692307693 0.49278846153846156 0.5897435897435898 0.4951923076923077 0.5956196581196581 0.5189302884615384 0.5924145299145299 0.5219350961538461 0.5881410256410257 0.5210336538461539 0.5731837606837606 0.5165264423076923 0.5694444444444444 0.4972956730769231 0.5699786324786325 0.49459134615384615 0.5737179487179487
2 0.5120192307692307 0.5202991452991453 0.5120192307692307 0.5288461538461539 0.5177283653846154 0.5673076923076923 0.5219350961538461 0.5699786324786325 0.52734375 0.5678418803418803 0.5282451923076923 0.5641025641025641 0.5276442307692307 0.5528846153846154 0.5240384615384616 0.5331196581196581 0.5207331730769231 0.5224358974358975 0.5189302884615384 0.5202991452991453
2 0.5123197115384616 0.49412393162393164 0.5129206730769231 0.5090811965811965 0.5111177884615384 0.5138888888888888 0.5120192307692307 0.5251068376068376 0.5159254807692307 0.5219017094017094 0.5207331730769231 0.5224358974358975 0.5219350961538461 0.5197649572649573 0.5219350961538461 0.4909188034188034 0.5189302884615384 0.48664529914529914 0.5150240384615384 0.4855769230769231
2 0.5216346153846154 0.48023504273504275 0.5210336538461539 0.4861111111111111 0.5234375 0.49038461538461536 0.546875 0.49038461538461536 0.5483774038461539 0.48504273504273504 0.5483774038461539 0.4738247863247863 0.5438701923076923 0.4700854700854701 0.5276442307692307 0.46955128205128205 0.5249399038461539 0.47115384615384615
2 0.5489783653846154 0.48183760683760685 0.5489783653846154 0.4909188034188034 0.5516826923076923 0.49252136752136755 0.5709134615384616 0.4909188034188034 0.5745192307692307 0.4893162393162393 0.5760216346153846 0.4855769230769231 0.5748197115384616 0.4738247863247863 0.5715144230769231 0.4700854700854701 0.5513822115384616 0.4732905982905983
2 0.5865384615384616 0.49786324786324787 0.5871394230769231 0.5048076923076923 0.5949519230769231 0.5235042735042735 0.5988581730769231 0.5299145299145299 0.6027644230769231 0.5299145299145299 0.6066706730769231 0.5197649572649573 0.6027644230769231 0.5021367521367521 0.5949519230769231 0.48717948717948717 0.5934495192307693 0.48664529914529914 0.5895432692307693 0.4877136752136752
2 0.6015625 0.5336538461538461 0.6021634615384616 0.5427350427350427 0.6102764423076923 0.5641025641025641 0.6150841346153846 0.5683760683760684 0.6189903846153846 0.5662393162393162 0.62109375 0.5603632478632479 0.62109375 0.5566239316239316 0.6126802884615384 0.5293803418803419 0.609375 0.5245726495726496 0.6069711538461539 0.5251068376068376
2 0.6180889423076923 0.5683760683760684 0.6177884615384616 0.5715811965811965 0.6222956730769231 0.5849358974358975 0.6304086538461539 0.6014957264957265 0.6346153846153846 0.6036324786324786 0.6397235576923077 0.5988247863247863 0.6409254807692307 0.594551282051282 0.6403245192307693 0.5854700854700855 0.6274038461538461 0.5598290598290598 0.6228966346153846 0.5587606837606838
2 0.6586538461538461 0.6073717948717948 0.6586538461538461 0.6127136752136753 0.6613581730769231 0.6191239316239316 0.6685697115384616 0.6175213675213675 0.6853966346153846 0.6025641025641025 0.6865985576923077 0.5993589743589743 0.6859975961538461 0.5908119658119658 0.6832932692307693 0.5854700854700855 0.6781850961538461 0.5854700854700855 0.6631610576923077 0.5972222222222222
2 0.6871995192307693 0.5827991452991453 0.6871995192307693 0.5982905982905983 0.6890024038461539 0.6004273504273504 0.6926081730769231 0.5998931623931624 0.7139423076923077 0.5913461538461539 0.7157451923076923 0.5886752136752137 0.7160456730769231 0.5769230769230769 0.7142427884615384 0.5721153846153846 0.70703125 0.5721153846153846 0.6926081730769231 0.5774572649572649
2 0.7163461538461539 0.5737179487179487 0.7160456730769231 0.5881410256410257 0.7223557692307693 0.5913461538461539 0.7424879807692307 0.5918803418803419 0.7445913461538461 0.5886752136752137 0.7457932692307693 0.5790598290598291 0.7454927884615384 0.5742521367521367 0.7421875 0.5710470085470085 0.7229567307692307 0.5683760683760684 0.7184495192307693 0.5699786324786325
2 0.7463942307692307 0.5844017094017094 0.7469951923076923 0.5924145299145299 0.7692307692307693 0.6089743589743589 0.7737379807692307 0.6089743589743589 0.77734375 0.6025641025641025 0.7788461538461539 0.5966880341880342 0.7785456730769231 0.5918803418803419 0.7764423076923077 0.5886752136752137 0.7551081730769231 0.5742521367521367 0.7512019230769231 0.5742521367521367 0.7481971153846154 0.5779914529914529
2 0.7764423076923077 0.6057692307692307 0.7764423076923077 0.6111111111111112 0.7794471153846154 0.6164529914529915 0.796875 0.6324786324786325 0.8037860576923077 0.6351495726495726 0.8061899038461539 0.6233974358974359 0.8061899038461539 0.6175213675213675 0.8031850961538461 0.6084401709401709 0.7845552884615384 0.5956196581196581 0.7806490384615384 0.5966880341880342
2 0.8052884615384616 0.6260683760683761 0.8049879807692307 0.6298076923076923 0.8025841346153846 0.6340811965811965 0.8070913461538461 0.6458333333333334 0.8248197115384616 0.6666666666666666 0.8284254807692307 0.6672008547008547 0.8305288461538461 0.6639957264957265 0.8335336538461539 0.6533119658119658 0.8332331730769231 0.6474358974358975 0.8314302884615384 0.6426282051282052 0.8140024038461539 0.6217948717948718 0.8070913461538461 0.6217948717948718
2 0.8173076923076923 0.6041666666666666 0.8176081730769231 0.6084401709401709 0.8239182692307693 0.6233974358974359 0.8356370192307693 0.6420940170940171 0.8419471153846154 0.6436965811965812 0.8461538461538461 0.6356837606837606 0.8464543269230769 0.6298076923076923 0.8440504807692307 0.6228632478632479 0.828125 0.5950854700854701 0.8245192307692307 0.5961538461538461
2 0.8031850961538461 0.5635683760683761 0.7998798076923077 0.5673076923076923 0.8001802884615384 0.5747863247863247 0.8031850961538461 0.5844017094017094 0.8100961538461539 0.5993589743589743 0.8179086538461539 0.6079059829059829 0.8248197115384616 0.5956196581196581 0.8245192307692307 0.5918803418803419 0.8097956730769231 0.5625 0.8070913461538461 0.5598290598290598
2 0.7887620192307693 0.5293803418803419 0.7887620192307693 0.5363247863247863 0.796875 0.5651709401709402 0.8001802884615384 0.5678418803418803 0.8082932692307693 0.5598290598290598 0.80859375 0.5534188034188035 0.8070913461538461 0.5470085470085471 0.7977764423076923 0.5219017094017094 0.7932692307692307 0.5208333333333334
2 0.7785456730769231 0.49412393162393164 0.7791466346153846 0.5058760683760684 0.7833533653846154 0.5261752136752137 0.7860576923076923 0.5299145299145299 0.7896634615384616 0.5293803418803419 0.7938701923076923 0.5170940170940171 0.7884615384615384 0.48664529914529914 0.7866586538461539 0.484508547008547 0.7827524038461539 0.48504273504273504
2 0.7737379807692307 0.46955128205128205 0.7734375 0.4738247863247863 0.7749399038461539 0.47702991452991456 0.7830528846153846 0.4797008547008547 0.7899639423076923 0.4519230769230769 0.7902644230769231 0.4423076923076923 0.7845552884615384 0.44017094017094016 0.7818509615384616 0.4428418803418803
2 0.7536057692307693 0.42788461538461536 0.7533052884615384 0.43536324786324787 0.7551081730769231 0.4375 0.7758413461538461 0.4497863247863248 0.7791466346153846 0.4481837606837607 0.7803485576923077 0.44497863247863245 0.7809495192307693 0.4321581196581197 0.7764423076923077 0.4268162393162393 0.7596153846153846 0.41933760683760685 0.7569110576923077 0.42094017094017094
2 0.16504747596153846 0.5600998931623932 0.17209104567307693 0.5529925213675214 0.17132962740384614 0.543855235042735 0.15724248798076923 0.5161036324786324 0.15172175480769232 0.5147499999999999 0.1494375 0.5188114316239316 0.1492469951923077 0.5245646367521367 0.1492469951923077 0.5313333333333333 0.15153155048076924 0.5404706196581196 0.16447626201923077 0.5604380341880343
2 0.14772415865384614 0.5276105769230769 0.13858653846153846 0.5025667735042735 0.13915775240384615 0.49512126068376067 0.14163251201923077 0.49072168803418803 0.14429747596153847 0.49072168803418803 0.14715294471153847 0.4937676282051282 0.1557196514423077 0.5150886752136752 0.1528641826923077 0.514411858974359 0.14905679086538462 0.5201650641025641
2 0.13649248798076924 0.43894230769230774 0.14467818509615385 0.4392804487179487 0.14543990384615385 0.4037457264957265 0.1431553485576923 0.3969770299145299 0.13763461538461538 0.3969770299145299 0.1353503605769231 0.40002297008547005 0.13382752403846154 0.4084834401709402 0.13344681490384616 0.4270972222222222 0.1349696514423077 0.43826549145299143
2 0.14353605769230768 0.3969770299145299 0.15000841346153845 0.370579594017094 0.1488662860576923 0.3638108974358974 0.14391676682692306 0.35941132478632476 0.14163251201923077 0.3644877136752137 0.13991917067307694 0.3678723290598291 0.13287560096153844 0.38919284188034187 0.13382752403846154 0.40273023504273503 0.13611177884615386 0.3986693376068376 0.13934795673076922 0.3969770299145299
2 0.15077013221153845 0.36685683760683757 0.1585751201923077 0.3435053418803419 0.15724248798076923 0.3353830128205128 0.1526736778846154 0.3326757478632479 0.15057962740384617 0.33402938034188034 0.14182271634615384 0.35839583333333336 0.14182271634615384 0.36144177350427353 0.14448798076923078 0.35941132478632476
2 0.16009795673076924 0.3424898504273504 0.16885486778846154 0.3181228632478632 0.16790294471153844 0.30966239316239313 0.16009795673076924 0.30593963675213676 0.1526736778846154 0.32895299145299145 0.15172175480769232 0.3313215811965812 0.15686177884615382 0.3353830128205128 0.1581944110576923 0.3418130341880342
1 0.2965745192307692 0.2168803418803419 0.2956730769230769 0.2206196581196581 0.30018028846153844 0.2329059829059829 0.31189903846153844 0.21794871794871795 0.3128004807692308 0.21367521367521367 0.3121995192307692 0.202991452991453 0.30709134615384615 0.20032051282051283 0.3004807692307692 0.2077991452991453
1 0.2746394230769231 0.23023504273504272 0.2761418269230769 0.24465811965811965 0.27794471153846156 0.24626068376068377 0.2956730769230769 0.2377136752136752 0.29897836538461536 0.23237179487179488 0.2959735576923077 0.2222222222222222 0.29356971153846156 0.2206196581196581 0.28275240384615385 0.22382478632478633
1 0.2509014423076923 0.23985042735042736 0.24969951923076922 0.2516025641025641 0.2527043269230769 0.2532051282051282 0.2683293269230769 0.2516025641025641 0.27524038461538464 0.24786324786324787 0.2743389423076923 0.23504273504273504 0.27283653846153844 0.23183760683760685 0.2581129807692308 0.23344017094017094 0.25240384615384615 0.2361111111111111
1 0.22626201923076922 0.24412393162393162 0.22596153846153846 0.25 0.22746394230769232 0.25267094017094016 0.25390625 0.2516025641025641 0.2512019230769231 0.24946581196581197 0.25060096153846156 0.2377136752136752 0.24519230769230768 0.23344017094017094 0.23076923076923078 0.23183760683760685 0.22746394230769232 0.23824786324786323
1 0.19501201923076922 0.2702991452991453 0.19441105769230768 0.2724358974358974 0.20012019230769232 0.27884615384615385 0.20612980769230768 0.2799145299145299 0.21754807692307693 0.26175213675213677 0.21844951923076922 0.2548076923076923 0.21364182692307693 0.24572649572649571 0.20853365384615385 0.24732905982905984 0.20222355769230768 0.2548076923076923
1 0.17457932692307693 0.3034188034188034 0.17277644230769232 0.31143162393162394 0.17848557692307693 0.3092948717948718 0.18209134615384615 0.31356837606837606 0.1856971153846154 0.3108974358974359 0.1932091346153846 0.29967948717948717 0.19471153846153846 0.2905982905982906 0.19140625 0.2831196581196581 0.1856971153846154 0.28365384615384615 0.18299278846153846 0.2857905982905983
1 0.1541466346153846 0.35683760683760685 0.15354567307692307 0.358974358974359 0.1544471153846154 0.3605769230769231 0.16105769230769232 0.3680555555555556 0.16436298076923078 0.36645299145299143 0.171875 0.34615384615384615 0.17307692307692307 0.33814102564102566 0.17037259615384615 0.33547008547008544 0.16856971153846154 0.3301282051282051 0.16496394230769232 0.3311965811965812
1 0.1463341346153846 0.38675213675213677 0.14573317307692307 0.39476495726495725 0.1544471153846154 0.3974358974358974 0.15775240384615385 0.38995726495726496 0.16135817307692307 0.37393162393162394 0.16075721153846154 0.36645299145299143 0.1544471153846154 0.3605769230769231 0.15324519230769232 0.36164529914529914 0.14963942307692307 0.3701923076923077
1 0.14362980769230768 0.4011752136752137 0.14362980769230768 0.41773504273504275 0.14513221153846154 0.42735042735042733 0.14453125 0.4358974358974359 0.1463341346153846 0.4391025641025641 0.15114182692307693 0.4391025641025641 0.15474759615384615 0.43002136752136755 0.15264423076923078 0.3995726495726496 0.15174278846153846 0.3974358974358974 0.14723557692307693 0.39636752136752135
1 0.15655048076923078 0.4326923076923077 0.15594951923076922 0.4407051282051282 0.15775240384615385 0.4513888888888889 0.18088942307692307 0.44925213675213677 0.18509615384615385 0.44604700854700857 0.1856971153846154 0.4428418803418803 0.18389423076923078 0.43162393162393164 0.18118990384615385 0.42895299145299143 0.1580528846153846 0.4310897435897436
1 0.18509615384615385 0.42788461538461536 0.1856971153846154 0.43963675213675213 0.1875 0.44337606837606836 0.20072115384615385 0.44017094017094016 0.21123798076923078 0.43536324786324787 0.21394230769230768 0.4321581196581197 0.21213942307692307 0.4182692307692308 0.21003605769230768 0.41613247863247865 0.18870192307692307 0.42254273504273504
1 0.21334134615384615 0.4155982905982906 0.21183894230769232 0.4182692307692308 0.2127403846153846 0.4321581196581197 0.21514423076923078 0.4342948717948718 0.23858173076923078 0.4252136752136752 0.2403846153846154 0.422008547008547 0.23888221153846154 0.4081196581196581 0.23677884615384615 0.406517094017094 0.23167067307692307 0.40705128205128205
1 0.23978365384615385 0.40705128205128205 0.2403846153846154 0.4182692307692308 0.24338942307692307 0.42414529914529914 0.2626201923076923 0.4182692307692308 0.26742788461538464 0.41452991452991456 0.2668269230769231 0.40384615384615385 0.2653245192307692 0.3995726495726496 0.2629206730769231 0.39797008547008544 0.24459134615384615 0.4033119658119658
1 0.26893028846153844 0.39636752136752135 0.26772836538461536 0.3974358974358974 0.26802884615384615 0.4049145299145299 0.26893028846153844 0.4113247863247863 0.27133413461538464 0.41399572649572647 0.29086538461538464 0.4097222222222222 0.29356971153846156 0.40705128205128205 0.2956730769230769 0.4011752136752137 0.2941706730769231 0.3920940170940171 0.29056490384615385 0.3894230769230769
1 0.3125 0.3920940170940171 0.31189903846153844 0.39903846153846156 0.31400240384615385 0.40384615384615385 0.33143028846153844 0.4075854700854701 0.3350360576923077 0.4049145299145299 0.3359375 0.3926282051282051 0.33383413461538464 0.3894230769230769 0.31700721153846156 0.38301282051282054 0.31400240384615385 0.38675213675213677
1 0.3368389423076923 0.39476495726495725 0.3368389423076923 0.4075854700854701 0.3542668269230769 0.41452991452991456 0.359375 0.41452991452991456 0.3602764423076923 0.41239316239316237 0.36117788461538464 0.39903846153846156 0.359375 0.3958333333333333 0.34224759615384615 0.3894230769230769 0.33774038461538464 0.390491452991453
1 0.36117788461538464 0.40384615384615385 0.36147836538461536 0.41399572649572647 0.36959134615384615 0.4188034188034188 0.3858173076923077 0.4166666666666667 0.3879206730769231 0.4129273504273504 0.38671875 0.4043803418803419 0.37950721153846156 0.40064102564102566 0.36478365384615385 0.39797008547008544 0.36268028846153844 0.39903846153846156
1 0.4176682692307692 0.4113247863247863 0.41556490384615385 0.4150641025641026 0.41646634615384615 0.41933760683760685 0.43569711538461536 0.42254273504273504 0.43900240384615385 0.4268162393162393 0.44200721153846156 0.42254273504273504 0.4417067307692308 0.4107905982905983 0.4402043269230769 0.4091880341880342 0.42427884615384615 0.40865384615384615
1 0.44290865384615385 0.41025641025641024 0.4426081730769231 0.4155982905982906 0.4456129807692308 0.41933760683760685 0.4645432692307692 0.4188034188034188 0.46634615384615385 0.41613247863247865 0.4657451923076923 0.40865384615384615 0.46424278846153844 0.40705128205128205 0.4456129807692308 0.4081196581196581
1 0.4675480769230769 0.4081196581196581 0.46724759615384615 0.4150641025641026 0.4696514423076923 0.4182692307692308 0.48287259615384615 0.41399572649572647 0.4912860576923077 0.41452991452991456 0.49068509615384615 0.4027777777777778
1 0.49158653846153844 0.4027777777777778 0.49158653846153844 0.41185897435897434 0.49459134615384615 0.4172008547008547 0.5132211538461539 0.4011752136752137 0.5141225961538461 0.3969017094017094 0.5123197115384616 0.39316239316239315 0.5075120192307693 0.3926282051282051 0.4948918269230769 0.39850427350427353
1 0.4582331730769231 0.2168803418803419 0.4579326923076923 0.22008547008547008 0.4597355769230769 0.22435897435897437 0.4738581730769231 0.23557692307692307 0.4774639423076923 0.22435897435897437 0.4678485576923077 0.21047008547008547 0.4639423076923077 0.2077991452991453 0.4597355769230769 0.2094017094017094
1 0.4753605769230769 0.2297008547008547 0.4735576923076923 0.234508547008547 0.4768629807692308 0.24252136752136752 0.4873798076923077 0.25267094017094016 0.49038461538461536 0.2516025641025641 0.4909855769230769 0.24626068376068377 0.4933894230769231 0.2419871794871795 0.4912860576923077 0.23664529914529914 0.48106971153846156 0.22596153846153846 0.47866586538461536 0.22596153846153846
1 0.5011989182692308 0.25787927350427353 0.0005138221153846154 0.0004594017094017094
1 0.49008413461538464 0.25 0.49038461538461536 0.2548076923076923 0.5015024038461539 0.2708333333333333 0.5048076923076923 0.27297008547008544 0.5078125 0.27136752136752135 0.5078125 0.265491452991453 0.5099158653846154 0.26175213675213677 0.5093149038461539 0.2590811965811966 0.4987980769230769 0.24412393162393162 0.49459134615384615 0.24145299145299146
1 0.5078125 0.26175213675213677 0.5066105769230769 0.2724358974358974 0.5090144230769231 0.27564102564102566 0.5225360576923077 0.28899572649572647 0.5279447115384616 0.28525641025641024 0.5288461538461539 0.2777777777777778 0.5270432692307693 0.2719017094017094 0.5123197115384616 0.25961538461538464 0.5090144230769231 0.25961538461538464
1 0.5399639423076923 0.27564102564102566 0.5393629807692307 0.2793803418803419 0.5432692307692307 0.2841880341880342 0.5534855769230769 0.28205128205128205 0.5618990384615384 0.27564102564102566 0.5628004807692307 0.26175213675213677 0.5567908653846154 0.25961538461538464 0.5447716346153846 0.26495726495726496 0.5414663461538461 0.2692307692307692
1 0.5649038461538461 0.25854700854700857 0.5625 0.26175213675213677 0.5634014423076923 0.27297008547008544 0.5679086538461539 0.2745726495726496 0.5784254807692307 0.26976495726495725 0.5832331730769231 0.265491452991453 0.5838341346153846 0.2516025641025641 0.5745192307692307 0.2516025641025641
1 0.5850360576923077 0.24893162393162394 0.5835336538461539 0.2516025641025641 0.5835336538461539 0.2590811965811966 0.5847355769230769 0.26335470085470086 0.6021634615384616 0.25961538461538464 0.60546875 0.2548076923076923 0.6042668269230769 0.24519230769230768 0.6024639423076923 0.24252136752136752 0.5907451923076923 0.24412393162393162
1 0.17361688701923078 0.3402596153846154 0.1822743389423077 0.31799679487179483 0.18103756009615385 0.3105758547008547 0.17454447115384616 0.30700320512820517 0.16604146634615385 0.32514262820512824 0.16387710336538464 0.3309145299145299 0.16851502403846153 0.3314642094017094
1 0.39013431490384615 0.3853178418803419 0.3972857572115384 0.4089845085470086 0.4059774639423077 0.40683279914529913 0.4042169471153846 0.3954887820512821 0.39684555288461537 0.3716266025641025 0.3910144230769231 0.37299572649572654
1 0.38947415865384616 0.38081944444444443 0.3826529447115385 0.3559791666666667 0.38232271634615383 0.34639476495726496 0.3885940504807692 0.3420918803418803 0.39585546875 0.3679102564102564 0.3969555288461538 0.3712350427350427 0.39057451923076925 0.373582264957265 0.38980438701923076 0.3823840811965812
1 0.3818828125 0.3520673076923077 0.37506129807692307 0.332116452991453 0.3747313701923077 0.3215544871794872 0.37957241586538465 0.3176426282051282 0.3889239783653846 0.3418963675213675 0.3826529447115385 0.3465902777777778
1 0.37462139423076923 0.3223370726495726 0.36768990384615385 0.3053205128205128 0.36857031250000005 0.2953450854700855 0.37330108173076926 0.2924113247863248 0.38353305288461537 0.31529540598290595 0.3836430288461538 0.32605341880341876 0.3796823918269231 0.31725160256410256
4 0.31881009615384615 0.19123931623931623 0.31850961538461536 0.1997863247863248 0.31971153846153844 0.202991452991453 0.3230168269230769 0.2045940170940171 0.33834134615384615 0.1987179487179487 0.3410456730769231 0.19604700854700854 0.3395432692307692 0.18536324786324787 0.3368389423076923 0.18215811965811965 0.32091346153846156 0.1858974358974359
4 0.34525240384615385 0.1794871794871795 0.34375 0.18215811965811965 0.34375 0.19284188034188035 0.34525240384615385 0.19497863247863248 0.3605769230769231 0.19284188034188035 0.36478365384615385 0.1891025641025641 0.3641826923076923 0.18002136752136752 0.3620793269230769 0.17681623931623933
4 0.3659855769230769 0.17574786324786323 0.36568509615384615 0.18856837606837606 0.3668870192307692 0.1907051282051282 0.3855168269230769 0.19123931623931623 0.38731971153846156 0.1891025641025641 0.38611778846153844 0.1752136752136752 0.3683894230769231 0.17414529914529914
4 0.38912259615384615 0.1762820512820513 0.38882211538461536 0.18856837606837606 0.3903245192307692 0.1907051282051282 0.4059495192307692 0.19337606837606838 0.41015625 0.19230769230769232 0.4104567307692308 0.18055555555555555 0.40805288461538464 0.1762820512820513 0.39663461538461536 0.17414529914529914 0.3909254807692308 0.17414529914529914
4 0.41256009615384615 0.17841880341880342 0.41225961538461536 0.18643162393162394 0.4137620192307692 0.19123931623931623 0.4221754807692308 0.19604700854700854 0.4305889423076923 0.19604700854700854 0.43209134615384615 0.1858974358974359 0.43028846153846156 0.18215811965811965 0.4182692307692308 0.1762820512820513 0.41466346153846156 0.17574786324786323
4 0.4323918269230769 0.18643162393162394 0.43179086538461536 0.19604700854700854 0.43299278846153844 0.19925213675213677 0.44591346153846156 0.2077991452991453 0.45132211538461536 0.20673076923076922 0.4528245192307692 0.20032051282051283 0.4528245192307692 0.19444444444444445 0.45132211538461536 0.19123931623931623 0.43900240384615385 0.1842948717948718 0.4347956730769231 0.18376068376068377
4 0.4684495192307692 0.20405982905982906 0.46875 0.2094017094017094 0.47325721153846156 0.21581196581196582 0.4870793269230769 0.2168803418803419 0.48978365384615385 0.21314102564102563 0.4894831730769231 0.202991452991453 0.4870793269230769 0.1997863247863248 0.4729567307692308 0.1987179487179487 0.47055288461538464 0.1997863247863248
4 0.49429086538461536 0.20726495726495728 0.4933894230769231 0.21367521367521367 0.4972956730769231 0.21901709401709402 0.5120192307692307 0.22275641025641027 0.5141225961538461 0.21741452991452992 0.5147235576923077 0.20993589743589744 0.5120192307692307 0.20512820512820512 0.4969951923076923 0.20245726495726496
4 0.5147235576923077 0.21314102564102563 0.5144230769230769 0.2232905982905983 0.5159254807692307 0.2248931623931624 0.5324519230769231 0.23023504273504272 0.5357572115384616 0.22756410256410256 0.5354567307692307 0.2168803418803419 0.5336538461538461 0.21367521367521367 0.5198317307692307 0.2094017094017094 0.5162259615384616 0.21047008547008547
4 0.5366586538461539 0.21794871794871795 0.5360576923076923 0.22756410256410256 0.5378605769230769 0.23076923076923078 0.5501802884615384 0.23397435897435898 0.5552884615384616 0.23397435897435898 0.5567908653846154 0.23130341880341881 0.5567908653846154 0.22008547008547008 0.5552884615384616 0.21848290598290598 0.5444711538461539 0.2152777777777778 0.5381610576923077 0.2152777777777778
4 0.5579927884615384 0.2232905982905983 0.5576923076923077 0.23076923076923078 0.5594951923076923 0.23504273504273504 0.5733173076923077 0.23931623931623933 0.5796274038461539 0.23824786324786323 0.5793269230769231 0.22702991452991453 0.5769230769230769 0.2232905982905983 0.5628004807692307 0.21901709401709402 0.5594951923076923 0.21955128205128205
4 0.5814302884615384 0.23023504273504272 0.5808293269230769 0.2377136752136752 0.5847355769230769 0.2419871794871795 0.5997596153846154 0.2419871794871795 0.6024639423076923 0.23985042735042736 0.6021634615384616 0.23130341880341881 0.5991586538461539 0.2264957264957265 0.5844350961538461 0.22435897435897437
4 0.6189903846153846 0.24412393162393162 0.6186899038461539 0.2483974358974359 0.6204927884615384 0.2516025641025641 0.6364182692307693 0.2569444444444444 0.6412259615384616 0.2553418803418803 0.6424278846153846 0.24465811965811965 0.6403245192307693 0.24091880341880342 0.6280048076923077 0.23557692307692307 0.6219951923076923 0.23664529914529914
4 0.6433293269230769 0.24786324786324787 0.6430288461538461 0.2564102564102564 0.64453125 0.2590811965811966 0.6577524038461539 0.26282051282051283 0.6646634615384616 0.2622863247863248 0.6664663461538461 0.2590811965811966 0.6655649038461539 0.2483974358974359 0.6622596153846154 0.24519230769230768 0.6469350961538461 0.24252136752136752 0.64453125 0.24412393162393162
4 0.75 0.22168803418803418 0.7496995192307693 0.22702991452991453 0.7509014423076923 0.23076923076923078 0.7548076923076923 0.234508547008547 0.7677283653846154 0.24252136752136752 0.7704326923076923 0.24145299145299146 0.7731370192307693 0.23717948717948717 0.7734375 0.23183760683760685 0.7722355769230769 0.22702991452991453 0.76171875 0.21901709401709402 0.7548076923076923 0.2152777777777778 0.7521033653846154 0.2168803418803419
4 0.7298677884615384 0.20192307692307693 0.7283653846153846 0.21047008547008547 0.7301682692307693 0.21581196581196582 0.7475961538461539 0.2264957264957265 0.7496995192307693 0.2248931623931624 0.7512019230769231 0.21367521367521367 0.7487980769230769 0.20886752136752137 0.734375 0.19925213675213677 0.7316706730769231 0.19925213675213677
4 0.7034254807692307 0.20245726495726496 0.7013221153846154 0.20673076923076922 0.7040264423076923 0.21741452991452992 0.7064302884615384 0.21901709401709402 0.7199519230769231 0.2110042735042735 0.7217548076923077 0.20673076923076922 0.7220552884615384 0.1987179487179487 0.7202524038461539 0.19497863247863248 0.7163461538461539 0.1955128205128205
4 0.6661658653846154 0.27510683760683763 0.6661658653846154 0.2857905982905983 0.6673677884615384 0.28739316239316237 0.6709735576923077 0.2863247863247863 0.6811899038461539 0.27564102564102566 0.6841947115384616 0.26976495726495725 0.6841947115384616 0.26175213675213677 0.6823918269230769 0.2590811965811966 0.6787860576923077 0.25961538461538464 0.6703725961538461 0.26816239316239315
4 0.6427283653846154 0.28365384615384615 0.6421274038461539 0.2863247863247863 0.64453125 0.296474358974359 0.6619591346153846 0.2922008547008547 0.6649639423076923 0.2900641025641026 0.6658653846153846 0.2863247863247863 0.6652644230769231 0.27724358974358976 0.6613581730769231 0.27510683760683763 0.6475360576923077 0.2777777777777778
4 0.5606971153846154 0.3936965811965812 0.5606971153846154 0.39797008547008544 0.57421875 0.39797008547008544 0.5809119591346155 0.3977478632478632 0.5825372596153846 0.40673664529914527 0.5843428485576923 0.4041682692307692 0.5841346153846154 0.3974358974358974 0.5844350961538461 0.38995726495726496 0.5823317307692307 0.38621794871794873 0.5667067307692307 0.3872863247863248 0.5625 0.3888888888888889
4 0.53515625 0.3872863247863248 0.5348557692307693 0.3936965811965812 0.5387620192307693 0.3958333333333333 0.5540865384615384 0.39636752136752135 0.5591947115384616 0.3942307692307692 0.5603966346153846 0.390491452991453 0.5603966346153846 0.38675213675213677 0.5570913461538461 0.37767094017094016 0.5432692307692307 0.3814102564102564
4 0.4597355769230769 0.4909188034188034 0.45913461538461536 0.5010683760683761 0.4612379807692308 0.5032051282051282 0.4651442307692308 0.5032051282051282 0.4840745192307692 0.49946581196581197 0.48587740384615385 0.49572649572649574 0.48617788461538464 0.48717948717948717 0.4840745192307692 0.4807692307692308 0.4801682692307692 0.4791666666666667 0.46274038461538464 0.483974358974359 0.46033653846153844 0.48664529914529914
4 0.43149038461538464 0.48878205128205127 0.43118990384615385 0.5048076923076923 0.4326923076923077 0.5074786324786325 0.4519230769230769 0.5053418803418803 0.4582331730769231 0.5010683760683761 0.4582331730769231 0.4877136752136752 0.4567307692307692 0.48504273504273504 0.4489182692307692 0.484508547008547
4 0.40174278846153844 0.4946581196581197 0.4014423076923077 0.5085470085470085 0.40384615384615385 0.5117521367521367 0.4260817307692308 0.5096153846153846 0.4293870192307692 0.5048076923076923 0.42908653846153844 0.4935897435897436 0.4260817307692308 0.48985042735042733 0.40444711538461536 0.4893162393162393
4 0.6278617788461538 0.3104294871794872 0.6455579927884615 0.2975886752136752 0.6453774038461538 0.2879577991452992 0.6415853365384615 0.2831426282051282 0.6240694110576922 0.2943787393162393 0.6238888221153847 0.2972676282051282 0.6264170673076923 0.3001570512820513
4 0.6117902644230769 0.33001228632478635 0.6069149639423077 0.3255176282051282 0.6069149639423077 0.3107505341880342 0.6229861778846153 0.2963044871794872 0.6276811899038461 0.30144123931623934 0.6275006009615385 0.3097873931623932 0.6228055889423078 0.3113926282051282 0.6190135216346154 0.31235576923076924 0.6173882211538462 0.3223076923076923
4 0.604928485576923 0.3685347222222222 0.6099846754807692 0.37367147435897435 0.62027734375 0.3569780982905983 0.6200967548076922 0.3463840811965812 0.6161240985576922 0.3422110042735043 0.6112487980769231 0.34831036324786324 0.6033034855769231 0.36275641025641026 0.6020393629807692 0.37238728632478635
4 0.59084375 0.3999951923076923 0.5955384615384616 0.4041682692307692 0.5968025841346154 0.4057735042735042 0.5991502403846154 0.4025635683760684 0.6096234975961539 0.3775235042735043 0.6094429086538462 0.3704610042735043 0.6042061298076923 0.3685347222222222 0.6007752403846154 0.37399252136752137 0.5917463942307692 0.3894011752136752
4 0.6726538461538462 0.25276495726495724 0.6788707932692308 0.25660950854700854 0.6907641225961538 0.23906944444444445 0.6910345552884615 0.22873824786324784 0.6861691706730769 0.2263354700854701 0.6748161057692308 0.24291399572649575
4 0.6914399038461538 0.23426442307692308 0.7027926682692307 0.22249091880341879 0.7031983173076923 0.21239957264957265 0.6996841947115384 0.20807478632478635 0.6852229567307693 0.22297168803418804 0.6848176081730769 0.2265758547008547 0.6861691706730769 0.2265758547008547 0.6910345552884615 0.22945886752136754
4 0.5045327524038462 0.4789150641025641 0.5130267427884616 0.4805929487179487 0.5197683293269231 0.449911858974359 0.5185549879807693 0.44032371794871794 0.5116784855769231 0.43912500000000004 0.5100606971153846 0.4458365384615385 0.5054762620192308 0.4674097222222222
4 0.5193638822115385 0.44343963675213677 0.5278581730769231 0.4180320512820513 0.5271838942307693 0.4096426282051282 0.5211165865384616 0.40604700854700854 0.5110045072115385 0.4333723290598291 0.5097908653846154 0.44320032051282054 0.5114089543269231 0.43888568376068376 0.5185549879807693 0.4400838675213675
3 0.2863581730769231 0.5550213675213675 0.28455528846153844 0.5625 0.28575721153846156 0.5705128205128205 0.2878605769230769 0.5742521367521367 0.3034855769230769 0.5833333333333334 0.3128004807692308 0.5838675213675214 0.3134014423076923 0.5667735042735043 0.3121995192307692 0.5641025641025641 0.29356971153846156 0.5534188034188035
3 0.3128004807692308 0.5694444444444444 0.3128004807692308 0.5849358974358975 0.33834134615384615 0.593482905982906 0.34164663461538464 0.5886752136752137 0.34194711538461536 0.5769230769230769 0.33834134615384615 0.5705128205128205 0.31820913461538464 0.5651709401709402 0.31430288461538464 0.5657051282051282
3 0.3428485576923077 0.5779914529914529 0.34224759615384615 0.5897435897435898 0.3434495192307692 0.5924145299145299 0.3524639423076923 0.592948717948718 0.3584735576923077 0.5982905982905983 0.359375 0.6020299145299145 0.36177884615384615 0.6041666666666666 0.36868990384615385 0.6036324786324786 0.3719951923076923 0.5988247863247863 0.37289663461538464 0.5918803418803419 0.3698918269230769 0.5838675213675214 0.34945913461538464 0.5737179487179487 0.34435096153846156 0.5753205128205128
3 0.3641826923076923 0.38835470085470086 0.3635817307692308 0.3952991452991453 0.36568509615384615 0.39850427350427353 0.38040865384615385 0.40010683760683763 0.3870192307692308 0.406517094017094 0.3897235576923077 0.40064102564102566 0.38882211538461536 0.3942307692307692 0.3864182692307692 0.39155982905982906 0.3671875 0.38621794871794873
3 0.34044471153846156 0.38354700854700857 0.33984375 0.38675213675213677 0.34164663461538464 0.38995726495726496 0.3590745192307692 0.3952991452991453 0.36268028846153844 0.39476495726495725 0.36538461538461536 0.38675213675213677 0.3641826923076923 0.38354700854700857 0.359375 0.38087606837606836 0.3428485576923077 0.3798076923076923
3 0.3164453125 0.374045405982906 0.3161057692307692 0.3803418803418803 0.3173076923076923 0.3840811965811966 0.33413461538461536 0.3894230769230769 0.3389423076923077 0.38835470085470086 0.34164663461538464 0.38087606837606836 0.34044471153846156 0.3766025641025641 0.3362379807692308 0.37446581196581197 0.32216346153846154 0.37242788461538456
3 0.4131610576923077 0.42574786324786323 0.4143629807692308 0.4326923076923077 0.41796875 0.4375 0.42427884615384615 0.4412393162393162 0.43539663461538464 0.4423076923076923 0.4371995192307692 0.4391025641025641 0.43810096153846156 0.4321581196581197 0.4375 0.4252136752136752 0.43569711538461536 0.42254273504273504 0.4182692307692308 0.41933760683760685 0.4152644230769231 0.4204059829059829
3 0.44320913461538464 0.421474358974359 0.4423076923076923 0.43536324786324787 0.44290865384615385 0.4391025641025641 0.44471153846153844 0.4407051282051282 0.4636418269230769 0.43963675213675213 0.46875 0.43536324786324787 0.46814903846153844 0.421474358974359 0.46634615384615385 0.41933760683760685 0.4450120192307692 0.4188034188034188
3 0.4690504807692308 0.41933760683760685 0.46935096153846156 0.4342948717948718 0.47115384615384615 0.43643162393162394 0.4912860576923077 0.4337606837606838 0.49429086538461536 0.42895299145299143 0.4933894230769231 0.4188034188034188 0.4909855769230769 0.41452991452991456 0.4765625 0.4155982905982906 0.47055288461538464 0.4172008547008547
3 0.4957932692307692 0.42094017094017094 0.4957932692307692 0.4305555555555556 0.5018028846153846 0.4321581196581197 0.5147235576923077 0.421474358974359 0.5201322115384616 0.4107905982905983 0.5204326923076923 0.4075854700854701 0.5183293269230769 0.4027777777777778 0.51171875 0.40224358974358976 0.5003004807692307 0.4113247863247863 0.4969951923076923 0.41613247863247865
3 0.5060096153846154 0.36324786324786323 0.5057091346153846 0.3803418803418803 0.5078125 0.38995726495726496 0.5129206730769231 0.39316239316239315 0.515625 0.3995726495726496 0.5189302884615384 0.4011752136752137 0.5222355769230769 0.3936965811965812 0.5126201923076923 0.3627136752136752 0.5078125 0.36164529914529914
3 0.5171274038461539 0.35202991452991456 0.5165264423076923 0.3627136752136752 0.5225360576923077 0.36645299145299143 0.5366586538461539 0.3573717948717949 0.5399639423076923 0.3488247863247863 0.5363581730769231 0.3386752136752137 0.5261418269230769 0.34294871794871795
3 0.5390625 0.3349358974358974 0.5366586538461539 0.3386752136752137 0.5417668269230769 0.34935897435897434 0.5501802884615384 0.34615384615384615 0.55859375 0.33814102564102566 0.5579927884615384 0.32745726495726496 0.5555889423076923 0.3247863247863248 0.5489783653846154 0.3269230769230769
3 0.5594951923076923 0.32264957264957267 0.5597956730769231 0.3349358974358974 0.5612980769230769 0.33814102564102566 0.5802283653846154 0.33974358974358976 0.5832331730769231 0.33814102564102566 0.5835336538461539 0.32425213675213677 0.5817307692307693 0.32104700854700857 0.5640024038461539 0.3189102564102564 0.5606971153846154 0.31997863247863245
3 0.5850360576923077 0.32264957264957267 0.5841346153846154 0.32425213675213677 0.5841346153846154 0.33814102564102566 0.5856370192307693 0.3402777777777778 0.6015625 0.3450854700854701 0.6057692307692307 0.344017094017094 0.6072716346153846 0.3408119658119658 0.6078725961538461 0.33066239316239315 0.6060697115384616 0.3269230769230769 0.5955528846153846 0.3231837606837607
3 0.6183894230769231 0.3178418803418803 0.6180889423076923 0.32745726495726496 0.6195913461538461 0.3295940170940171 0.6231971153846154 0.3295940170940171 0.6259014423076923 0.32532051282051283 0.6403245192307693 0.32104700854700857 0.6415264423076923 0.31677350427350426 0.6403245192307693 0.31036324786324787 0.6325120192307693 0.30982905982905984 0.6246995192307693 0.31143162393162394 0.6201923076923077 0.3141025641025641
3 0.640625 0.30982905982905984 0.6409254807692307 0.31356837606837606 0.6439302884615384 0.3189102564102564 0.6496394230769231 0.3157051282051282 0.6622596153846154 0.3157051282051282 0.6640625 0.3141025641025641 0.6634615384615384 0.30822649572649574 0.6616586538461539 0.30502136752136755 0.6436298076923077 0.3071581196581197
3 0.66796875 0.3087606837606838 0.6673677884615384 0.3141025641025641 0.6682692307692307 0.3162393162393162 0.6832932692307693 0.31517094017094016 0.6890024038461539 0.3178418803418803 0.69140625 0.3108974358974359 0.6911057692307693 0.3076923076923077 0.6893028846153846 0.3055555555555556 0.6763822115384616 0.30395299145299143 0.6709735576923077 0.30395299145299143
3 0.7079326923076923 0.3092948717948718 0.7082331730769231 0.3162393162393162 0.7133413461538461 0.3189102564102564 0.7175480769230769 0.31303418803418803 0.7283653846153846 0.30448717948717946 0.7292668269230769 0.29273504273504275 0.7271634615384616 0.2916666666666667 0.7166466346153846 0.2986111111111111 0.7091346153846154 0.3055555555555556
3 0.7325363581730768 0.3026565170940171 0.7470072115384615 0.2883883547008547 0.7467641225961539 0.2829834401709402 0.7426295072115384 0.2771469017094017 0.7279155649038462 0.2920635683760684 0.7298611778846154 0.29919764957264955 0.7311989182692307 0.30416987179487176 0.7322932692307693 0.30416987179487176
3 0.37544591346153844 0.593528311965812 0.38545252403846153 0.5951458333333334 0.39052103365384616 0.5574871794871795 0.3888314302884615 0.5491698717948719 0.3833731971153846 0.5496319444444445 0.38012439903846157 0.5556388888888889 0.3789549278846154 0.5602590811965812
3 0.37804507211538463 0.549400641025641 0.38259344951923074 0.5103557692307692 0.38402313701923074 0.5082767094017094 0.38987109375 0.5094316239316239 0.3915606971153846 0.5149764957264957 0.38805168269230766 0.5498627136752137 0.3832433894230769 0.5498627136752137 0.3802545072115385 0.5547147435897436 0.3771355168269231 0.5526351495726495
3 0.38454296875 0.49487660256410254 0.39364002403846154 0.4971869658119658 0.39870823317307696 0.46368696581196583 0.3961090745192308 0.4549075854700855 0.3902611177884615 0.45398344017094017 0.3887016225961538 0.46253151709401713
3 0.39792848557692306 0.4588349358974359 0.4002677283653846 0.4327280982905983 0.3984483173076923 0.4207142094017094 0.39208052884615385 0.4197900641025641 0.39091075721153845 0.42764529914529914 0.3888314302884615 0.45860416666666665 0.39078094951923076 0.45421420940170937 0.39441977163461533 0.4544455128205128 0.39636899038461537 0.45513835470085473
3 0.32476262019230767 0.37312126068376067 0.33619891826923076 0.35486965811965815 0.3329501201923077 0.34424198717948723 0.32983112980769236 0.34216239316239316 0.31462620192307694 0.3620315170940171 0.31371634615384614 0.3756623931623932 0.3154056490384616 0.3788969017094017 0.3169651442307692 0.37450747863247863 0.3222935697115385 0.37173504273504276
3 0.3369786658653846 0.3527900641025641 0.35218359375 0.3301485042735043 0.3503641826923077 0.32067628205128207 0.3455558894230769 0.316286858974359 0.33100060096153844 0.3354626068376068 0.3299609375 0.34285576923076927 0.3330799278846154 0.3460902777777778 0.3358091947115385 0.35325213675213674
3 0.35426292067307696 0.3264519230769231 0.36569921875 0.30588995726495727 0.3641397235576923 0.29480021367521364 0.35894140625 0.2913349358974359 0.3484149639423077 0.3095865384615385 0.34776502403846155 0.31697970085470084 0.350234375 0.32067628205128207 0.3515339543269231 0.32714529914529916
3 0.3625802283653846 0.2878691239316239 0.35192367788461537 0.26684508547008545 0.35335336538461537 0.25644871794871793 0.35686207932692304 0.2543691239316239 0.35894140625 0.2543691239316239 0.3607608173076923 0.25644871794871793 0.3686881009615384 0.27423824786324785 0.37050751201923077 0.28347970085470087 0.37050751201923077 0.286482905982906 0.3632298677884615 0.2894866452991453
3 0.35088401442307693 0.2670763888888889 0.33944771634615384 0.25067254273504275 0.3395778245192308 0.23750373931623933 0.3441262019230769 0.23426923076923079 0.3571219951923077 0.2522900641025641 0.3575120192307692 0.25367628205128206 0.35439302884615387 0.2548311965811966 0.3517938701923077 0.2576036324786325
3 0.3373686899038461 0.25067254273504275 0.3267121394230769 0.23195886752136752 0.3281415264423077 0.22202457264957265 0.331390625 0.21855876068376068 0.3338596754807692 0.2187900641025641 0.34464603365384616 0.23450053418803418 0.34035757211538464 0.23773504273504276 0.33931790865384615 0.2502104700854701
3 0.3255423677884615 0.23080395299145298 0.31319651442307694 0.21763461538461537 0.31358653846153844 0.20700694444444445 0.31774489182692306 0.20238621794871797 0.3315204326923077 0.21486217948717948 0.33230018028846153 0.21717254273504275 0.3293112980769231 0.21994497863247864 0.3264522235576923 0.23080395299145298
0 0.19170673076923078 0.5363247863247863 0.19080528846153846 0.5395299145299145 0.19140625 0.5491452991452992 0.19981971153846154 0.5539529914529915 0.21754807692307693 0.5496794871794872 0.21754807692307693 0.5443376068376068 0.22025240384615385 0.5384615384615384 0.2208533653846154 0.5325854700854701 0.21754807692307693 0.5299145299145299 0.203125 0.530982905982906 0.19501201923076922 0.5325854700854701
0 0.22115384615384615 0.5331196581196581 0.2193380408653846 0.5504545940170941 0.24609375 0.5539529914529915 0.24879807692307693 0.5528846153846154 0.25060096153846156 0.5470085470085471 0.24969951923076922 0.5363247863247863 0.24489182692307693 0.5325854700854701 0.22265625 0.531517094017094
0 0.25600961538461536 0.5422008547008547 0.25540865384615385 0.5470085470085471 0.25721153846153844 0.5534188034188035 0.27554086538461536 0.561965811965812 0.28335336538461536 0.5587606837606838 0.28725961538461536 0.5470085470085471 0.28665865384615385 0.5438034188034188 0.27944711538461536 0.5395299145299145 0.27133413461538464 0.5379273504273504 0.2620192307692308 0.5331196581196581 0.25841346153846156 0.5347222222222222
0 0.2815504807692308 0.531517094017094 0.2800480769230769 0.5363247863247863 0.2803485576923077 0.5395299145299145 0.2863581730769231 0.5475427350427351 0.3004807692307692 0.5336538461538461 0.3073918269230769 0.5224358974358975 0.3073918269230769 0.5186965811965812 0.3034855769230769 0.5096153846153846 0.2998798076923077 0.5101495726495726
0 0.3203125 0.47649572649572647 0.3203125 0.48344017094017094 0.3245192307692308 0.48824786324786323 0.3278245192307692 0.48878205128205127 0.34194711538461536 0.4674145299145299 0.3425480769230769 0.4599358974358974 0.33834134615384615 0.4545940170940171 0.33533653846153844 0.4551282051282051 0.32752403846153844 0.46314102564102566
0 0.3034855769230769 0.5053418803418803 0.30228365384615385 0.5101495726495726 0.30528846153846156 0.5128205128205128 0.30691796875 0.5187638888888889 0.30924338942307694 0.5211752136752137 0.3245192307692308 0.49893162393162394 0.3270694110576923 0.492928952991453 0.32421875 0.48717948717948717 0.32091346153846156 0.483974358974359 0.3176081730769231 0.48504273504273504 0.31039663461538464 0.4935897435897436
0 0.33804086538461536 0.4465811965811966 0.33834134615384615 0.4551282051282051 0.34555288461538464 0.4594017094017094 0.35216346153846156 0.4561965811965812 0.36388221153846156 0.44551282051282054 0.3623798076923077 0.4326923076923077 0.3605769230769231 0.4305555555555556 0.35606971153846156 0.4305555555555556 0.34224759615384615 0.44017094017094016
0 0.3641826923076923 0.4284188034188034 0.36388221153846156 0.4407051282051282 0.36538461538461536 0.44497863247863245 0.38341346153846156 0.43856837606837606 0.38822115384615385 0.4358974358974359 0.3894230769230769 0.4326923076923077 0.38882211538461536 0.422008547008547 0.3870192307692308 0.41773504273504275 0.36899038461538464 0.4230769230769231
0 0.40294471153846156 0.4342948717948718 0.4026442307692308 0.44337606837606836 0.40414663461538464 0.4465811965811966 0.41556490384615385 0.46100427350427353 0.4182692307692308 0.46314102564102566 0.42247596153846156 0.46153846153846156 0.4254807692307692 0.44925213675213677 0.42367788461538464 0.44337606837606836 0.40835336538461536 0.4268162393162393 0.40444711538461536 0.4284188034188034
0 0.4227764423076923 0.46047008547008544 0.4230769230769231 0.4658119658119658 0.42518028846153844 0.469017094017094 0.43930288461538464 0.47702991452991456 0.44591346153846156 0.4791666666666667 0.44711538461538464 0.4775641025641026 0.4480168269230769 0.46314102564102566 0.4426081730769231 0.4561965811965812 0.43209134615384615 0.45032051282051283 0.4266826923076923 0.4497863247863248 0.42518028846153844 0.45085470085470086
0 0.44741586538461536 0.4732905982905983 0.44711538461538464 0.47702991452991456 0.4495192307692308 0.4813034188034188 0.45913461538461536 0.48344017094017094 0.4723557692307692 0.4807692307692308 0.4751030649038462 0.47673931623931626 0.47335907451923076 0.46812767094017094 0.47055288461538464 0.46634615384615385 0.453125 0.46100427350427353 0.4489182692307692 0.46314102564102566
0 0.4774639423076923 0.468482905982906 0.47596153846153844 0.47702991452991456 0.48377403846153844 0.4807692307692308 0.48768028846153844 0.4877136752136752 0.5 0.48878205128205127 0.5021033653846154 0.4855769230769231 0.5030048076923077 0.47702991452991456 0.5027043269230769 0.46955128205128205 0.5015024038461539 0.4668803418803419 0.4801682692307692 0.4636752136752137
0 0.5315504807692307 0.4049145299145299 0.53125 0.41239316239316237 0.5330528846153846 0.41613247863247865 0.5504807692307693 0.4166666666666667 0.5552884615384616 0.41399572649572647 0.5561899038461539 0.40064102564102566 0.5552884615384616 0.3974358974358974 0.5363581730769231 0.39636752136752135 0.5330528846153846 0.39797008547008544
0 0.5567908653846154 0.40064102564102566 0.5561899038461539 0.41239316239316237 0.5570913461538461 0.4150641025641026 0.5793269230769231 0.41613247863247865 0.5817307692307693 0.41452991452991456 0.5826322115384616 0.4043803418803419 0.5799278846153846 0.39903846153846156 0.5606971153846154 0.39636752136752135
0 0.5964543269230769 0.4182692307692308 0.5955528846153846 0.4321581196581197 0.5970552884615384 0.43482905982905984 0.6198918269230769 0.43536324786324787 0.6207932692307693 0.4198717948717949 0.6192908653846154 0.4172008547008547 0.5988581730769231 0.4150641025641026
0 0.6216947115384616 0.42254273504273504 0.6213942307692307 0.42735042735042733 0.6183894230769231 0.43482905982905984 0.6189903846153846 0.4358974358974359 0.640625 0.44497863247863245 0.6439302884615384 0.44497863247863245 0.6466346153846154 0.43963675213675213 0.6472355769230769 0.43482905982905984 0.6460336538461539 0.4284188034188034 0.6415264423076923 0.42254273504273504 0.6280048076923077 0.4188034188034188 0.6240985576923077 0.41933760683760685
0 0.6640625 0.4252136752136752 0.6631610576923077 0.4358974358974359 0.6643629807692307 0.4391025641025641 0.6688701923076923 0.44017094017094016 0.6865985576923077 0.42948717948717946 0.6887019230769231 0.4252136752136752 0.6887019230769231 0.4188034188034188 0.6853966346153846 0.4107905982905983 0.6673677884615384 0.42094017094017094
0 0.6868990384615384 0.4081196581196581 0.6856971153846154 0.4113247863247863 0.6890024038461539 0.4236111111111111 0.7085336538461539 0.4182692307692308 0.7109375 0.4150641025641026 0.7115384615384616 0.4097222222222222 0.7112379807692307 0.4049145299145299 0.7067307692307693 0.40010683760683763 0.6920072115384616 0.40384615384615385
0 0.7127403846153846 0.41185897435897434 0.7124399038461539 0.41452991452991456 0.7154447115384616 0.4182692307692308 0.7358774038461539 0.421474358974359 0.7379807692307693 0.421474358974359 0.7409855769230769 0.4155982905982906 0.7397836538461539 0.4043803418803419 0.7379807692307693 0.4017094017094017 0.7220552884615384 0.39797008547008544 0.7163461538461539 0.40010683760683763
0 0.6219951923076923 0.327991452991453 0.6198918269230769 0.3317307692307692 0.6198918269230769 0.3386752136752137 0.6222956730769231 0.3450854700854701 0.6403245192307693 0.3392094017094017 0.6433293269230769 0.3349358974358974 0.6430288461538461 0.3231837606837607 0.640625 0.32051282051282054 0.6262019230769231 0.3247863247863248
0 0.6439302884615384 0.3194444444444444 0.6439302884615384 0.33547008547008544 0.6628605769230769 0.3344017094017094 0.6682692307692307 0.3311965811965812 0.6676682692307693 0.32104700854700857 0.6640625 0.31517094017094016 0.6508413461538461 0.3157051282051282
0 0.66796875 0.31974305555555554 0.6682692307692307 0.33202938034188034 0.6896033653846154 0.33523450854700854 0.6923076923076923 0.3293584401709402 0.6920072115384616 0.32134561965811964 0.6892686298076923 0.31605021367521363 0.6871995192307693 0.31493536324786325 0.6823918269230769 0.3170721153846154 0.6775841346153846 0.3144011752136752 0.6691706730769231 0.3170721153846154
0 0.7568176081730769 0.4200058760683761 0.7704281850961539 0.39879647435897436 0.7702602163461538 0.390133547008547 0.7658912259615385 0.3856527777777778 0.7509365985576923 0.40686217948717945 0.7494242788461538 0.41701869658119656 0.7549693509615385 0.42388942307692307
0 0.7719405048076923 0.39610844017094016 0.7823584735576923 0.37698985042735045 0.7821905048076924 0.3662355769230769 0.777485576923077 0.3644433760683761 0.7662274639423077 0.3832628205128205 0.7660594951923076 0.38595138888888886 0.7687478966346154 0.38774412393162394
0 0.7754690504807692 0.35578044871794867 0.7690838341346153 0.33218108974358973 0.7700922475961539 0.32381677350427346 0.777485576923077 0.32112820512820517 0.7837028245192308 0.34711752136752133 0.7826947115384615 0.36026121794871796 0.7753010817307693 0.3584690170940171
0 0.767235576923077 0.32770032051282055 0.761018329326923 0.30469871794871795 0.7628668870192308 0.2924508547008547 0.7682436899038462 0.2918536324786325 0.7753010817307693 0.3181410256410256 0.7742929687500001 0.3220245726495727 0.7699239783653845 0.32381677350427346 0.7687478966346154 0.3306875
0 0.7364855769230769 0.3172451923076923 0.7511045673076923 0.3029065170940171 0.7519447115384617 0.29036004273504273 0.7484158653846154 0.28737286324786326 0.7327890625000001 0.3017115384615384 0.7324528245192308 0.3052959401709402
0 0.7146415264423077 0.33247970085470085 0.7349732572115385 0.3190373931623932 0.7349732572115385 0.308582264957265 0.7322848557692307 0.3044001068376068 0.7131292067307692 0.31575160256410256 0.7106087740384616 0.3235181623931624
0 0.6998368389423076 0.3205865384615385 0.6896045673076923 0.2969316239316239 0.6917890624999999 0.287073717948718 0.6973341346153846 0.284982905982906 0.7069119591346154 0.3052959401709402 0.7067439903846153 0.3163488247863248
0 0.6904447115384615 0.2882686965811966 0.6854038461538461 0.26765705128205125 0.688260516826923 0.255409188034188 0.6926292067307693 0.255409188034188 0.6981742788461538 0.2775149572649573 0.6983422475961538 0.284982905982906