0 0.21935096153846154 0.5779914529914529 0.21935096153846154 0.5918803418803419 0.22325721153846154 0.594551282051282 0.24759615384615385 0.5908119658119658 0.25060096153846156 0.5886752136752137 0.2512019230769231 0.5854700854700855 0.25060096153846156 0.5705128205128205 0.24879807692307693 0.5689102564102564 0.22385817307692307 0.5726495726495726
0 0.2509014423076923 0.5705128205128205 0.2509014423076923 0.5881410256410257 0.2527043269230769 0.5897435897435898 0.2782451923076923 0.5897435897435898 0.2815504807692308 0.5881410256410257 0.28305288461538464 0.5844017094017094 0.28275240384615385 0.5742521367521367 0.27974759615384615 0.5694444444444444 0.26742788461538464 0.5683760683760684
0 0.28846153846153844 0.5785256410256411 0.2881610576923077 0.5860042735042735 0.2893629807692308 0.5886752136752137 0.31039663461538464 0.5961538461538461 0.3176081730769231 0.593482905982906 0.3203125 0.5849358974358975 0.3191105769230769 0.5790598290598291 0.3058894230769231 0.5705128205128205 0.29236778846153844 0.5689102564102564 0.2899639423076923 0.5710470085470085
0 0.38912259615384615 0.44337606837606836 0.39002403846153844 0.4551282051282051 0.39393028846153844 0.45726495726495725 0.4140625 0.44711538461538464 0.4152644230769231 0.44551282051282054 0.41586538461538464 0.4391025641025641 0.4143629807692308 0.4321581196581197 0.41075721153846156 0.4284188034188034 0.39242788461538464 0.43803418803418803
0 0.36478365384615385 0.46314102564102566 0.3641826923076923 0.4738247863247863 0.3674879807692308 0.47596153846153844 0.36959134615384615 0.4807692307692308 0.3719951923076923 0.47649572649572647 0.3798076923076923 0.47115384615384615 0.3894230769230769 0.4599358974358974 0.38852163461538464 0.44604700854700857 0.3876201923076923 0.4444444444444444 0.3828125 0.44497863247863245 0.36959134615384615 0.4561965811965812
0 0.3488581730769231 0.5 0.3488581730769231 0.5064102564102564 0.34975961538461536 0.5074786324786325 0.3557692307692308 0.5101495726495726 0.35877403846153844 0.5074786324786325 0.3671875 0.4909188034188034 0.3698918269230769 0.4807692307692308 0.3659855769230769 0.47649572649572647 0.3620793269230769 0.4754273504273504 0.35546875 0.48504273504273504
0 0.3347355769230769 0.5336538461538461 0.3347355769230769 0.5373931623931624 0.34194711538461536 0.5454059829059829 0.35306490384615385 0.5267094017094017 0.35606971153846156 0.5186965811965812 0.3563701923076923 0.5096153846153846 0.3488581730769231 0.5085470085470085 0.34525240384615385 0.5122863247863247
0 0.43118990384615385 0.44017094017094016 0.4296875 0.44551282051282054 0.4296875 0.452991452991453 0.4308894230769231 0.4567307692307692 0.4465144230769231 0.47435897435897434 0.45102163461538464 0.4732905982905983 0.45462740384615385 0.46314102564102566 0.45252403846153844 0.4545940170940171 0.4365985576923077 0.4375 0.43359375 0.4375
0 0.45492788461538464 0.4668803418803419 0.453125 0.47702991452991456 0.45552884615384615 0.4807692307692308 0.47475961538461536 0.49038461538461536 0.47866586538461536 0.49038461538461536 0.47986778846153844 0.48824786324786323 0.4801682692307692 0.4738247863247863 0.47716346153846156 0.4700854700854701 0.46033653846153844 0.46100427350427353 0.45763221153846156 0.4620726495726496
0 0.4807692307692308 0.4754273504273504 0.47896634615384615 0.4877136752136752 0.47986778846153844 0.4909188034188034 0.48257211538461536 0.4930555555555556 0.50390625 0.4967948717948718 0.5072115384615384 0.49252136752136755 0.5075120192307693 0.4807692307692308 0.5054086538461539 0.4775641025641026 0.4846754807692308 0.4732905982905983
0 0.5090144230769231 0.47863247863247865 0.5081129807692307 0.49198717948717946 0.5087139423076923 0.4946581196581197 0.5108173076923077 0.49572649572649574 0.5330528846153846 0.49732905982905984 0.5363581730769231 0.4877136752136752 0.5354567307692307 0.4791666666666667 0.5330528846153846 0.47596153846153844 0.5120192307692307 0.4738247863247863
0 0.3148118990384615 0.5752425213675214 0.3201316105769231 0.5799716880341881 0.3403161057692307 0.5515988247863248 0.3378125 0.5429759615384615 0.3332749399038461 0.5379690170940171 0.3140294471153846 0.5691228632478632
0 0.5567908653846154 0.3995726495726496 0.5558894230769231 0.41185897435897434 0.5573918269230769 0.4155982905982906 0.56640625 0.4166666666666667 0.5790264423076923 0.41452991452991456 0.5823317307692307 0.41185897435897434 0.5823317307692307 0.3974358974358974 0.5805288461538461 0.3942307692307692 0.5603966346153846 0.3952991452991453
0 0.5823317307692307 0.3974358974358974 0.58203125 0.4113247863247863 0.5838341346153846 0.41346153846153844 0.6018629807692307 0.4129273504273504 0.6057692307692307 0.4113247863247863 0.6066706730769231 0.4081196581196581 0.6066706730769231 0.39797008547008544 0.6024639423076923 0.3920940170940171 0.5847355769230769 0.3936965811965812
0 0.6222956730769231 0.4236111111111111 0.6216947115384616 0.42895299145299143 0.6246995192307693 0.4337606837606838 0.6448317307692307 0.43322649572649574 0.6466346153846154 0.43162393162393164 0.6481370192307693 0.41773504273504275 0.6472355769230769 0.41452991452991456 0.6442307692307693 0.41346153846153844 0.6295072115384616 0.4129273504273504 0.6246995192307693 0.4155982905982906
0 0.6487379807692307 0.4182692307692308 0.6448317307692307 0.4321581196581197 0.6682692307692307 0.4407051282051282 0.671875 0.43963675213675213 0.6727764423076923 0.43696581196581197 0.6739783653846154 0.4284188034188034 0.671875 0.421474358974359 0.6676682692307693 0.4188034188034188 0.6547475961538461 0.41613247863247865
0 0.7325721153846154 0.38675213675213677 0.7334735576923077 0.40064102564102566 0.7370793269230769 0.4043803418803419 0.7527043269230769 0.4033119658119658 0.7557091346153846 0.3995726495726496 0.7578125 0.39155982905982906 0.7575120192307693 0.38675213675213677 0.7554086538461539 0.38247863247863245 0.7376802884615384 0.38301282051282054
0 0.7091346153846154 0.4011752136752137 0.7085336538461539 0.4043803418803419 0.7157451923076923 0.41399572649572647 0.7268629807692307 0.4097222222222222 0.7331730769230769 0.40384615384615385 0.7325721153846154 0.3926282051282051 0.7313701923076923 0.3894230769230769 0.7133413461538461 0.3958333333333333
0 0.708063701923077 0.4048007478632479 0.7115841346153846 0.4113434829059829 0.7122241586538463 0.4176020299145299 0.6927025240384614 0.43438568376068376 0.688862079326923 0.42869658119658116 0.6909423076923077 0.4193087606837607
0 0.7719350961538461 0.4017094017094017 0.7722355769230769 0.406517094017094 0.7758413461538461 0.41025641025641024 0.7809495192307693 0.406517094017094 0.7899639423076923 0.3888888888888889 0.7899639423076923 0.38087606837606836 0.7830528846153846 0.3803418803418803
0 0.7827524038461539 0.3701923076923077 0.7827524038461539 0.3782051282051282 0.7860576923076923 0.3798076923076923 0.7896634615384616 0.3787393162393162 0.796875 0.3680555555555556 0.8016826923076923 0.35523504273504275 0.8001802884615384 0.35202991452991456 0.796875 0.35149572649572647 0.7911658653846154 0.3547008547008547 0.7863581730769231 0.3611111111111111
0 0.7445913461538461 0.2841880341880342 0.7448918269230769 0.28899572649572647 0.7478966346153846 0.2954059829059829 0.7515024038461539 0.2938034188034188 0.7596153846153846 0.2831196581196581 0.7614182692307693 0.2761752136752137 0.7605168269230769 0.26816239316239315 0.7587139423076923 0.266025641025641 0.7563100961538461 0.2670940170940171
0 0.7256610576923077 0.3002136752136752 0.7253605769230769 0.30502136752136755 0.7268629807692307 0.31143162393162394 0.7307692307692307 0.31303418803418803 0.7418870192307693 0.30502136752136755 0.7457932692307693 0.29914529914529914 0.7478966346153846 0.29273504273504275 0.7457932692307693 0.28685897435897434 0.7409855769230769 0.2863247863247863
0 0.6595552884615384 0.30662393162393164 0.66015625 0.31677350427350426 0.6628605769230769 0.32104700854700857 0.6796875 0.31837606837606836 0.6820913461538461 0.3173076923076923 0.6832932692307693 0.3141025641025641 0.6829927884615384 0.30662393162393164 0.6787860576923077 0.3002136752136752 0.6640625 0.3018162393162393
0 0.6376201923076923 0.3194444444444444 0.6376201923076923 0.327991452991453 0.6400240384615384 0.3311965811965812 0.6577524038461539 0.32585470085470086 0.6613581730769231 0.32104700854700857 0.6580528846153846 0.30662393162393164 0.6421274038461539 0.3141025641025641
0 0.6838942307692307 0.3034188034188034 0.6832932692307693 0.3141025641025641 0.6856971153846154 0.3162393162393162 0.7040264423076923 0.3162393162393162 0.70703125 0.3141025641025641 0.7076322115384616 0.3002136752136752 0.7055288461538461 0.29754273504273504 0.6896033653846154 0.2986111111111111
0 0.7915585937499999 0.33823557692307693 0.7885958533653846 0.33892254273504274 0.7901415264423076 0.32953311965811966 0.7826703725961538 0.3036559829059829 0.7855042067307692 0.300678952991453 0.7891111778846154 0.30113728632478637 0.7965823317307692 0.3258691239316239 0.7951652644230769 0.3370902777777778
0 0.782283954326923 0.30159508547008546 0.7880805288461539 0.299534188034188 0.7885958533653846 0.2896869658119658 0.7782905649038461 0.2677029914529914 0.7723653846153845 0.2706800213675214 0.7708194110576922 0.2777788461538461 0.7794501201923077 0.29541185897435895 0.7800940504807692 0.30022115384615383 0.7817686298076924 0.30136591880341884
2 0.7746394230769231 0.4155982905982906 0.7752403846153846 0.4252136752136752 0.7932692307692307 0.43643162393162394 0.7971754807692307 0.4375 0.8010817307692307 0.4305555555555556 0.80078125 0.4198717948717949 0.7965745192307693 0.4150641025641026 0.7794471153846154 0.4075854700854701 0.7770432692307693 0.4091880341880342
2 0.7962740384615384 0.4567307692307692 0.7962740384615384 0.46314102564102566 0.7986778846153846 0.4674145299145299 0.8037860576923077 0.468482905982906 0.8055889423076923 0.46634615384615385 0.8112980769230769 0.4326923076923077 0.8106971153846154 0.4284188034188034 0.8067908653846154 0.42788461538461536 0.8022836538461539 0.4326923076923077 0.7989783653846154 0.43963675213675213
2 0.8031850961538461 0.4829059829059829 0.8025841346153846 0.49038461538461536 0.8091947115384616 0.5154914529914529 0.8140024038461539 0.5213675213675214 0.8170072115384616 0.5197649572649573 0.8197115384615384 0.5154914529914529 0.8206129807692307 0.5090811965811965 0.8128004807692307 0.47702991452991456 0.8106971153846154 0.47489316239316237 0.8067908653846154 0.47649572649572647
2 0.8158052884615384 0.5208333333333334 0.8149038461538461 0.5261752136752137 0.8170072115384616 0.5357905982905983 0.8248197115384616 0.5576923076923077 0.828125 0.5603632478632479 0.8317307692307693 0.5603632478632479 0.8359375 0.5550213675213675 0.8365384615384616 0.5443376068376068 0.8257211538461539 0.5149572649572649 0.8212139423076923 0.5133547008547008
2 0.8302283653846154 0.561965811965812 0.8299278846153846 0.5678418803418803 0.8314302884615384 0.5731837606837606 0.8452524038461539 0.5998931623931624 0.8488581730769231 0.6009615384615384 0.8557692307692307 0.5892094017094017 0.8551682692307693 0.5854700854700855 0.8407451923076923 0.5571581196581197 0.8386418269230769 0.5550213675213675 0.8353365384615384 0.5560897435897436
2 0.8488581730769231 0.6004273504273504 0.8485576923076923 0.6025641025641025 0.8515625 0.6105769230769231 0.8692908653846154 0.6372863247863247 0.8734975961538461 0.6356837606837606 0.8774038461538461 0.6266025641025641 0.8774038461538461 0.6180555555555556 0.8596754807692307 0.5902777777777778 0.8557692307692307 0.5902777777777778
2 0.8395432692307693 0.6228632478632479 0.8356370192307693 0.6298076923076923 0.8383413461538461 0.6367521367521367 0.8587740384615384 0.6613247863247863 0.8626802884615384 0.6618589743589743 0.8674879807692307 0.6543803418803419 0.8668870192307693 0.6426282051282052 0.8617788461538461 0.6330128205128205 0.8494591346153846 0.6212606837606838 0.8419471153846154 0.6196581196581197
2 0.8103966346153846 0.6025641025641025 0.8100961538461539 0.6068376068376068 0.8140024038461539 0.6127136752136753 0.8311298076923077 0.6271367521367521 0.8350360576923077 0.6292735042735043 0.8401442307692307 0.6196581196581197 0.8371394230769231 0.6063034188034188 0.8314302884615384 0.5993589743589743 0.8278245192307693 0.5998931623931624 0.8170072115384616 0.5924145299145299 0.8143028846153846 0.593482905982906
2 0.7806490384615384 0.5849358974358975 0.7800480769230769 0.5881410256410257 0.7821514423076923 0.5913461538461539 0.8043870192307693 0.6052350427350427 0.8079927884615384 0.6052350427350427 0.8125 0.5950854700854701 0.8118990384615384 0.5881410256410257 0.8091947115384616 0.5838675213675214 0.7881610576923077 0.5726495726495726 0.7842548076923077 0.5737179487179487
2 0.7542067307692307 0.5705128205128205 0.7524038461538461 0.5737179487179487 0.7524038461538461 0.5881410256410257 0.7545072115384616 0.5902777777777778 0.7782451923076923 0.5897435897435898 0.7800480769230769 0.5860042735042735 0.7818509615384616 0.5747863247863247 0.7797475961538461 0.5710470085470085 0.7761418269230769 0.5699786324786325 0.7581129807692307 0.5689102564102564
2 0.7268629807692307 0.5860042735042735 0.7271634615384616 0.6025641025641025 0.7310697115384616 0.6041666666666666 0.7503004807692307 0.5918803418803419 0.7521033653846154 0.5870726495726496 0.7518028846153846 0.5763888888888888 0.7493990384615384 0.5737179487179487 0.7454927884615384 0.5742521367521367 0.7310697115384616 0.5817307692307693
2 0.7007211538461539 0.6127136752136753 0.7001201923076923 0.6191239316239316 0.7022235576923077 0.624465811965812 0.7067307692307693 0.6260683760683761 0.7103365384615384 0.6239316239316239 0.7256610576923077 0.6057692307692307 0.7265625 0.5982905982905983 0.7253605769230769 0.5924145299145299 0.7238581730769231 0.5897435897435898 0.7175480769230769 0.5913461538461539 0.7046274038461539 0.6052350427350427
2 0.6586538461538461 0.5747863247863247 0.6577524038461539 0.5779914529914529 0.6586538461538461 0.5844017094017094 0.6724759615384616 0.6095085470085471 0.6760817307692307 0.6116452991452992 0.6814903846153846 0.6063034188034188 0.6811899038461539 0.5918803418803419 0.6682692307692307 0.5683760683760684 0.6652644230769231 0.5657051282051282 0.6628605769230769 0.5662393162393162
2 0.6376201923076923 0.5389957264957265 0.6373197115384616 0.5432692307692307 0.6391225961538461 0.5496794871794872 0.6493389423076923 0.5742521367521367 0.6544471153846154 0.5753205128205128 0.6592548076923077 0.5705128205128205 0.66015625 0.563034188034188 0.6586538461538461 0.5566239316239316 0.6472355769230769 0.5293803418803419 0.6430288461538461 0.5293803418803419
2 0.6198918269230769 0.5048076923076923 0.6195913461538461 0.5085470085470085 0.6207932692307693 0.5117521367521367 0.6322115384615384 0.5341880341880342 0.6370192307692307 0.5357905982905983 0.6421274038461539 0.5283119658119658 0.6421274038461539 0.5165598290598291 0.6292067307692307 0.49145299145299143 0.6262019230769231 0.48985042735042733 0.6231971153846154 0.49252136752136755
2 0.5817307692307693 0.48664529914529914 0.5814302884615384 0.4967948717948718 0.5847355769230769 0.49893162393162394 0.6048677884615384 0.4946581196581197 0.6069711538461539 0.4935897435897436 0.6087740384615384 0.48824786324786323 0.6081730769230769 0.4780982905982906 0.6057692307692307 0.47435897435897434 0.5847355769230769 0.4791666666666667 0.5829326923076923 0.4807692307692308
2 0.5555889423076923 0.48183760683760685 0.5543870192307693 0.49252136752136755 0.5564903846153846 0.4983974358974359 0.578125 0.49732905982905984 0.5808293269230769 0.4935897435897436 0.5814302884615384 0.48023504273504275 0.5802283653846154 0.47702991452991456 0.5597956730769231 0.47702991452991456 0.5573918269230769 0.4780982905982906
2 0.5462740384615384 0.5048076923076923 0.5456730769230769 0.5154914529914529 0.5480769230769231 0.5395299145299145 0.5501802884615384 0.5422008547008547 0.5534855769230769 0.5416666666666666 0.5582932692307693 0.5363247863247863 0.5552884615384616 0.5016025641025641 0.5537860576923077 0.49893162393162394 0.5501802884615384 0.49786324786324787
2 0.5519831730769231 0.5432692307692307 0.5519831730769231 0.5534188034188035 0.5582932692307693 0.5811965811965812 0.5637019230769231 0.5849358974358975 0.5685096153846154 0.5822649572649573 0.5697115384615384 0.5779914529914529 0.5688100961538461 0.5673076923076923 0.5615985576923077 0.5422008547008547 0.5570913461538461 0.5357905982905983
2 0.5372596153846154 0.5956196581196581 0.5360576923076923 0.6020299145299145 0.5375600961538461 0.6084401709401709 0.5393629807692307 0.6105769230769231 0.5606971153846154 0.6084401709401709 0.5637019230769231 0.6068376068376068 0.5652043269230769 0.6030982905982906 0.5649038461538461 0.5897435897435898 0.5615985576923077 0.5865384615384616 0.5432692307692307 0.5881410256410257 0.5390625 0.5908119658119658
2 0.5054086538461539 0.6079059829059829 0.5054086538461539 0.6191239316239316 0.5069110576923077 0.6233974358974359 0.5087139423076923 0.624465811965812 0.5324519230769231 0.6169871794871795 0.5342548076923077 0.6132478632478633 0.5345552884615384 0.6052350427350427 0.5321514423076923 0.5982905982905983 0.5258413461538461 0.5966880341880342 0.5090144230769231 0.6020299145299145
2 0.47506009615384615 0.6143162393162394 0.4753605769230769 0.6276709401709402 0.47986778846153844 0.6303418803418803 0.4990985576923077 0.6266025641025641 0.5042067307692307 0.6228632478632479 0.50390625 0.6089743589743589 0.4996995192307692 0.6052350427350427 0.4807692307692308 0.6073717948717948 0.4768629807692308 0.6095085470085471
2 0.44471153846153844 0.6298076923076923 0.4444110576923077 0.6346153846153846 0.44591346153846156 0.6415598290598291 0.45072115384615385 0.6452991452991453 0.47205528846153844 0.6372863247863247 0.47415865384615385 0.6330128205128205 0.47445913461538464 0.625534188034188 0.47325721153846156 0.6196581196581197 0.4699519230769231 0.6169871794871795 0.4600360576923077 0.6185897435897436 0.4522235576923077 0.6223290598290598 0.44681490384615385 0.625534188034188
2 0.3719951923076923 0.6420940170940171 0.37259615384615385 0.6543803418803419 0.3762019230769231 0.6591880341880342 0.3996394230769231 0.6511752136752137 0.40294471153846156 0.6447649572649573 0.4026442307692308 0.6367521367521367 0.40084134615384615 0.6298076923076923 0.39903846153846156 0.6276709401709402 0.37710336538461536 0.6340811965811965 0.3737980769230769 0.6367521367521367
2 0.34044471153846156 0.6511752136752137 0.3401442307692308 0.6666666666666666 0.3410456730769231 0.6714743589743589 0.3662860576923077 0.6650641025641025 0.3713942307692308 0.6607905982905983 0.37049278846153844 0.6474358974358975 0.36658653846153844 0.6426282051282052 0.34525240384615385 0.6474358974358975
2 0.3088942307692308 0.6517094017094017 0.3076923076923077 0.6634615384615384 0.30859375 0.6682692307692307 0.33413461538461536 0.6736111111111112 0.33834134615384615 0.6714743589743589 0.33924278846153844 0.6682692307692307 0.3389423076923077 0.6543803418803419 0.3362379807692308 0.6506410256410257 0.3121995192307692 0.6469017094017094 0.31039663461538464 0.6474358974358975
2 0.2776442307692308 0.6458333333333334 0.27734375 0.6543803418803419 0.27944711538461536 0.6586538461538461 0.3037860576923077 0.6672008547008547 0.3073918269230769 0.6645299145299145 0.3094951923076923 0.6474358974358975 0.28275240384615385 0.6340811965811965 0.27914663461538464 0.6351495726495726
2 0.24879807692307693 0.6260683760683761 0.24579326923076922 0.6378205128205128 0.24699519230769232 0.6426282051282052 0.26893028846153844 0.655448717948718 0.27554086538461536 0.6538461538461539 0.27734375 0.6404914529914529 0.2800480769230769 0.6356837606837606 0.2800480769230769 0.6335470085470085 0.2761418269230769 0.6287393162393162 0.2605168269230769 0.6223290598290598 0.2512019230769231 0.6217948717948718
2 0.21905048076923078 0.5988247863247863 0.21604567307692307 0.6089743589743589 0.21814903846153846 0.6148504273504274 0.22325721153846154 0.6223290598290598 0.23768028846153846 0.6378205128205128 0.24158653846153846 0.6372863247863247 0.24579326923076922 0.6298076923076923 0.24669471153846154 0.6233974358974359 0.24549278846153846 0.6191239316239316 0.23557692307692307 0.6052350427350427 0.2265625 0.5966880341880342 0.22235576923076922 0.5961538461538461
2 0.16947115384615385 0.563034188034188 0.16826923076923078 0.5641025641025641 0.16826923076923078 0.5673076923076923 0.17157451923076922 0.5774572649572649 0.18689903846153846 0.6025641025641025 0.19050480769230768 0.6036324786324786 0.1935096153846154 0.6020299145299145 0.19891826923076922 0.5918803418803419 0.19200721153846154 0.5779914529914529 0.17848557692307693 0.5598290598290598 0.17487980769230768 0.5587606837606838
2 0.15504807692307693 0.5325854700854701 0.15655048076923078 0.5464743589743589 0.16466346153846154 0.561965811965812 0.17548076923076922 0.5592948717948718 0.17668269230769232 0.5571581196581197 0.1739783653846154 0.5464743589743589 0.16436298076923078 0.5299145299145299 0.16105769230769232 0.5272435897435898
2 0.14543269230769232 0.4877136752136752 0.14543269230769232 0.5042735042735043 0.14813701923076922 0.5112179487179487 0.15174278846153846 0.5277777777777778 0.1544471153846154 0.531517094017094 0.1619591346153846 0.5261752136752137 0.16256009615384615 0.5197649572649573 0.15564903846153846 0.49038461538461536 0.14993990384615385 0.48504273504273504 0.14723557692307693 0.484508547008547
2 0.13912259615384615 0.43322649572649574 0.14002403846153846 0.4642094017094017 0.14813701923076922 0.46634615384615385 0.15204326923076922 0.4636752136752137 0.15114182692307693 0.4444444444444444 0.14813701923076922 0.42094017094017094 0.140625 0.4230769230769231 0.13942307692307693 0.4252136752136752
2 0.16105769230769232 0.30395299145299143 0.15925480769230768 0.30982905982905984 0.15985576923076922 0.31356837606837606 0.16466346153846154 0.32211538461538464 0.16796875 0.32051282051282054 0.17247596153846154 0.30395299145299143 0.17698317307692307 0.2938034188034188 0.1775841346153846 0.28899572649572647 0.17247596153846154 0.2841880341880342 0.1697716346153846 0.28525641025641024 0.16466346153846154 0.2938034188034188
2 0.18209134615384615 0.2606837606837607 0.1817908653846154 0.26655982905982906 0.18299278846153846 0.2702991452991453 0.1893028846153846 0.2745726495726496 0.19381009615384615 0.2745726495726496 0.1932091346153846 0.26495726495726496 0.2010216346153846 0.24091880341880342 0.19771634615384615 0.23504273504273504 0.19230769230769232 0.234508547008547 0.18509615384615385 0.24946581196581197
2 0.20162259615384615 0.2152777777777778 0.2010216346153846 0.2280982905982906 0.20282451923076922 0.2329059829059829 0.20823317307692307 0.2329059829059829 0.21123798076923078 0.23076923076923078 0.21424278846153846 0.20993589743589744 0.21394230769230768 0.202991452991453 0.21153846153846154 0.19604700854700854 0.20552884615384615 0.19604700854700854
2 0.22385817307692307 0.18215811965811965 0.22355769230769232 0.19391025641025642 0.22686298076923078 0.19818376068376067 0.24489182692307693 0.1971153846153846 0.24849759615384615 0.1955128205128205 0.24939903846153846 0.19230769230769232 0.2481971153846154 0.18215811965811965 0.24459134615384615 0.17735042735042736 0.2265625 0.17841880341880342
2 0.25210336538461536 0.17735042735042736 0.25240384615384615 0.19284188034188035 0.2551081730769231 0.1955128205128205 0.2734375 0.19230769230769232 0.2764423076923077 0.1891025641025641 0.27493990384615385 0.1752136752136752 0.2731370192307692 0.17254273504273504 0.2548076923076923 0.17467948717948717
2 0.2803485576923077 0.1778846153846154 0.27944711538461536 0.18963675213675213 0.2824519230769231 0.19284188034188035 0.29627403846153844 0.19230769230769232 0.3037860576923077 0.18215811965811965 0.30288461538461536 0.1752136752136752 0.30018028846153844 0.17307692307692307 0.28305288461538464 0.17307692307692307 0.2809495192307692 0.17467948717948717
2 0.14825540865384615 0.41986858974358976 0.1525381610576923 0.3867264957264957 0.14913731971153846 0.3791132478632479 0.14359495192307692 0.3797847222222222 0.13918629807692307 0.4026255341880342 0.13641526442307692 0.41292628205128207 0.13805258413461538 0.42546688034188035 0.14032001201923078 0.4225555555555556
2 0.14258743990384615 0.3786650641025641 0.14850751201923076 0.3488824786324786 0.15556129807692307 0.34865865384615385 0.15795462740384617 0.35336111111111107 0.15795462740384617 0.3609748931623932 0.15291616586538462 0.38493536324786326 0.14926322115384616 0.37933707264957267
2 0.14901141826923078 0.3475389957264957 0.15593900240384617 0.34821100427350427 0.15871033653846153 0.3558242521367521 0.16425240384615383 0.32313087606837604 0.1605997596153846 0.31551709401709405 0.15556129807692307 0.3157409188034188
0 0.7131802884615385 0.3032836538461538 0.7202575120192307 0.2982067307692308 0.7202575120192307 0.28849465811965813 0.7080895432692308 0.2635523504273504 0.7038680889423077 0.2673044871794872 0.7017575120192308 0.2750304487179487
0 0.7012608173076923 0.26752510683760683 0.6946802884615385 0.24765972222222224 0.6949284855769231 0.2416997863247863 0.6974116586538461 0.2337537393162393 0.7016331129807691 0.23265010683760684 0.708462139423077 0.2549439102564103 0.7085862379807693 0.2628899572649573
1 0.29356971153846156 0.20352564102564102 0.29296875 0.20726495726495728 0.29627403846153844 0.21794871794871795 0.30018028846153844 0.21901709401709402 0.30919471153846156 0.202991452991453 0.31009615384615385 0.1891025641025641 0.30709134615384615 0.18482905982905984 0.30018028846153844 0.1875
1 0.27193509615384615 0.22008547008547008 0.2734375 0.23557692307692307 0.27584134615384615 0.23664529914529914 0.29086538461538464 0.22863247863247863 0.29747596153846156 0.22008547008547008 0.2932692307692308 0.20833333333333334 0.2890625 0.20833333333333334 0.2803485576923077 0.2126068376068376
1 0.24699519230769232 0.23076923076923078 0.24699519230769232 0.24412393162393162 0.2503004807692308 0.24572649572649571 0.2692307692307692 0.2419871794871795 0.2731370192307692 0.23717948717948717 0.27193509615384615 0.22542735042735043 0.27013221153846156 0.2206196581196581 0.25150240384615385 0.22596153846153846
1 0.22025240384615385 0.23397435897435898 0.21935096153846154 0.24145299145299146 0.22115384615384615 0.24572649572649571 0.24278846153846154 0.24519230769230768 0.24669471153846154 0.2419871794871795 0.24609375 0.2297008547008547 0.24248798076923078 0.22542735042735043 0.22355769230769232 0.22542735042735043 0.22145432692307693 0.22702991452991453
1 0.19411057692307693 0.25801282051282054 0.19260817307692307 0.265491452991453 0.19290865384615385 0.2724358974358974 0.19441105769230768 0.27564102564102566 0.19951923076923078 0.2783119658119658 0.2109375 0.25854700854700857 0.21153846153846154 0.24519230769230768 0.20643028846153846 0.2387820512820513 0.203125 0.2403846153846154
1 0.17127403846153846 0.30822649572649574 0.17157451923076922 0.3162393162393162 0.18209134615384615 0.31677350427350426 0.19020432692307693 0.30074786324786323 0.19110576923076922 0.296474358974359 0.19020432692307693 0.2879273504273504 0.18629807692307693 0.2841880341880342 0.17998798076923078 0.2863247863247863
1 0.15084134615384615 0.41773504273504275 0.1505408653846154 0.4337606837606838 0.15324519230769232 0.46314102564102566 0.15715144230769232 0.46794871794871795 0.1619591346153846 0.4668803418803419 0.16496394230769232 0.46314102564102566 0.16496394230769232 0.4594017094017094 0.16135817307692307 0.4284188034188034 0.1580528846153846 0.41773504273504275
1 0.1541466346153846 0.38247863247863245 0.15084134615384615 0.4155982905982906 0.16105769230769232 0.4155982905982906 0.16376201923076922 0.3840811965811966 0.16105769230769232 0.3819444444444444
1 0.16826923076923078 0.4620726495726496 0.16856971153846154 0.47702991452991456 0.17127403846153846 0.4813034188034188 0.19411057692307693 0.47702991452991456 0.19801682692307693 0.47435897435897434 0.20012019230769232 0.4700854700854701 0.1974158653846154 0.4577991452991453 0.19441105769230768 0.45566239316239315 0.17247596153846154 0.45886752136752135
1 0.19831730769230768 0.4519230769230769 0.19951923076923078 0.4658119658119658 0.20192307692307693 0.4700854700854701 0.21123798076923078 0.4668803418803419 0.2286658653846154 0.4561965811965812 0.22746394230769232 0.44177350427350426 0.22506009615384615 0.43803418803418803 0.21995192307692307 0.43856837606837606 0.2052283653846154 0.44551282051282054 0.19951923076923078 0.44925213675213677
1 0.22926682692307693 0.4358974358974359 0.22716346153846154 0.44017094017094016 0.2286658653846154 0.452991452991453 0.23046875 0.4567307692307692 0.23497596153846154 0.4561965811965812 0.2569110576923077 0.4423076923076923 0.2551081730769231 0.4252136752136752 0.25180288461538464 0.42414529914529914
1 0.25600961538461536 0.42467948717948717 0.2566105769230769 0.4391025641025641 0.2581129807692308 0.4428418803418803 0.26352163461538464 0.4428418803418803 0.27974759615384615 0.43536324786324787 0.28365384615384615 0.4326923076923077 0.28515625 0.4284188034188034 0.28275240384615385 0.41346153846153844 0.2605168269230769 0.42094017094017094
1 0.28455528846153844 0.41346153846153844 0.2863581730769231 0.42788461538461536 0.2881610576923077 0.43002136752136755 0.31039663461538464 0.4236111111111111 0.3125 0.421474358974359 0.31400240384615385 0.41452991452991456 0.3128004807692308 0.40705128205128205 0.30799278846153844 0.4027777777777778 0.2926682692307692 0.4075854700854701
1 0.32992788461538464 0.4033119658119658 0.32962740384615385 0.4107905982905983 0.33143028846153844 0.41346153846153844 0.3506610576923077 0.4182692307692308 0.3563701923076923 0.4172008547008547 0.3563701923076923 0.4027777777777778 0.3551682692307692 0.40064102564102566 0.3347355769230769 0.39476495726495725 0.3317307692307692 0.39636752136752135
1 0.35727163461538464 0.4043803418803419 0.35727163461538464 0.4182692307692308 0.3762019230769231 0.4252136752136752 0.38131009615384615 0.42467948717948717 0.3831129807692308 0.42094017094017094 0.3837139423076923 0.4107905982905983 0.3828125 0.4075854700854701 0.3635817307692308 0.4011752136752137 0.359375 0.4011752136752137
1 0.38461538461538464 0.4155982905982906 0.38431490384615385 0.42414529914529914 0.3870192307692308 0.4268162393162393 0.4053485576923077 0.42948717948717946 0.4092548076923077 0.42788461538461536 0.4113581730769231 0.42414529914529914 0.4113581730769231 0.4172008547008547 0.40955528846153844 0.4113247863247863 0.4074519230769231 0.41025641025641024 0.38822115384615385 0.40705128205128205 0.3855168269230769 0.4097222222222222
1 0.44200721153846156 0.4236111111111111 0.44200721153846156 0.42895299145299143 0.45643028846153844 0.42788461538461536 0.46304086538461536 0.4321581196581197 0.46694711538461536 0.4321581196581197 0.4690504807692308 0.4182692307692308 0.46694711538461536 0.4155982905982906 0.44591346153846156 0.4172008547008547
1 0.4696514423076923 0.4182692307692308 0.47025240384615385 0.42788461538461536 0.4933894230769231 0.422008547008547 0.49278846153846156 0.4150641025641026 0.4885817307692308 0.41185897435897434 0.47325721153846156 0.4150641025641026
1 0.49429086538461536 0.4129273504273504 0.4933894230769231 0.41452991452991456 0.49399038461538464 0.421474358974359 0.4969951923076923 0.4236111111111111 0.5138221153846154 0.4182692307692308 0.5174278846153846 0.4150641025641026 0.5159254807692307 0.406517094017094
1 0.5171274038461539 0.4043803418803419 0.5183293269230769 0.41452991452991456 0.5225360576923077 0.4188034188034188 0.5375600961538461 0.4033119658119658 0.5399639423076923 0.3974358974358974 0.5378605769230769 0.39316239316239315 0.5327524038461539 0.39316239316239315
1 0.5943509615384616 0.23076923076923078 0.5925480769230769 0.23397435897435898 0.5946514423076923 0.23557692307692307 0.5955528846153846 0.24412393162393162 0.5973557692307693 0.24519230769230768 0.6102764423076923 0.24091880341880342 0.6159855769230769 0.23397435897435898 0.6150841346153846 0.2248931623931624 0.61328125 0.22168803418803418 0.6027644230769231 0.22382478632478633
1 0.5748197115384616 0.24412393162393162 0.5745192307692307 0.25267094017094016 0.5757211538461539 0.25801282051282054 0.5913461538461539 0.25106837606837606 0.5946514423076923 0.24626068376068377 0.5958533653846154 0.23076923076923078 0.5847355769230769 0.23504273504273504
1 0.5522836538461539 0.25961538461538464 0.5519831730769231 0.266025641025641 0.5561899038461539 0.2686965811965812 0.5631009615384616 0.2670940170940171 0.5709134615384616 0.2622863247863248 0.57421875 0.2590811965811966 0.5757211538461539 0.2548076923076923 0.5745192307692307 0.24465811965811965 0.5709134615384616 0.24305555555555555 0.5606971153846154 0.24732905982905984 0.5555889423076923 0.2516025641025641
1 0.5189302884615384 0.25 0.5189302884615384 0.25854700854700857 0.5288461538461539 0.26976495726495725 0.5363581730769231 0.27564102564102566 0.5402644230769231 0.27136752136752135 0.5414663461538461 0.2622863247863248 0.5405649038461539 0.25854700854700857 0.5375600961538461 0.2548076923076923 0.5234375 0.24358974358974358 0.5204326923076923 0.24465811965811965
1 0.5 0.23397435897435898 0.49939903846153844 0.23717948717948717 0.5036057692307693 0.24465811965811965 0.5132211538461539 0.2564102564102564 0.5189302884615384 0.25854700854700857 0.5183293269230769 0.2548076923076923 0.5210336538461539 0.24465811965811965 0.5192307692307693 0.24091880341880342 0.5087139423076923 0.2280982905982906 0.5051081730769231 0.22596153846153846 0.5027043269230769 0.22702991452991453
1 0.48197115384615385 0.2142094017094017 0.48197115384615385 0.22008547008547008 0.484375 0.22435897435897437 0.49819711538461536 0.2361111111111111 0.50390625 0.22702991452991453 0.50390625 0.22382478632478633 0.49939903846153844 0.2168803418803419 0.49068509615384615 0.20886752136752137 0.4840745192307692 0.20726495726495728
1 0.4639423076923077 0.19604700854700854 0.46304086538461536 0.202991452991453 0.46424278846153844 0.20619658119658119 0.47716346153846156 0.2168803418803419 0.48106971153846156 0.21741452991452992 0.48377403846153844 0.20619658119658119 0.4807692307692308 0.19818376068376067 0.47085336538461536 0.1891025641025641 0.46664663461538464 0.18963675213675213
1 0.4216998197115384 0.4164636752136752 0.4285853365384616 0.4121111111111111 0.4282794471153846 0.40204647435897434 0.4163443509615385 0.3734839743589744 0.41129507211538463 0.3753883547008547 0.40976502403846154 0.3819166666666667 0.4220060096153846 0.4164636752136752
1 0.40869381009615385 0.3830048076923077 0.41068299278846154 0.3743002136752137 0.41619140625 0.3721239316239316 0.4062457932692308 0.34465010683760683 0.4007373798076923 0.34655395299145303 0.3996661658653846 0.3533547008547009
1 0.3996661658653846 0.35281089743589744 0.4008903245192308 0.3438338675213675 0.4051745793269231 0.3427457264957265 0.3949227764423077 0.31826388888888885 0.3886493389423077 0.322616452991453 0.3886493389423077 0.3286009615384615 0.39951322115384613 0.35362660256410255
1 0.39109765625000004 0.31962393162393166 0.39706490384615384 0.3198963675213675 0.39706490384615384 0.31282371794871794 0.3952289663461538 0.30765544871794875 0.3846709735576923 0.2883418803418803 0.3793155048076923 0.2905181623931624 0.3796216947115385 0.3022147435897436 0.38773137019230763 0.322616452991453
1 0.16436207932692307 0.38409348290598294 0.1732947716346154 0.3512740384615385 0.17043629807692307 0.34682745726495723 0.1632899639423077 0.34598076923076926 0.15507181490384614 0.37498878205128205 0.15507181490384614 0.380917735042735 0.16197986778846152 0.38155288461538467
1 0.1729375 0.34852136752136753 0.18079807692307692 0.3214188034188034 0.17686778846153844 0.317607905982906 0.17186538461538461 0.31443162393162394 0.1700790264423077 0.31633707264957267 0.16602944711538464 0.33158226495726495 0.16281370192307693 0.34492200854700855 0.16650570913461538 0.34492200854700855
3 0.3230168269230769 0.5892094017094017 0.32241586538461536 0.5961538461538461 0.3230168269230769 0.6057692307692307 0.32421875 0.6084401709401709 0.3449519230769231 0.6185897435897436 0.34945913461538464 0.6185897435897436 0.3512620192307692 0.6164529914529915 0.3518629807692308 0.6014957264957265 0.3506610576923077 0.5982905982905983 0.33203125 0.5870726495726496 0.32572115384615385 0.5870726495726496
3 0.35306490384615385 0.6052350427350427 0.3524639423076923 0.6159188034188035 0.35366586538461536 0.6191239316239316 0.3740985576923077 0.6260683760683761 0.38131009615384615 0.625 0.38431490384615385 0.6105769230769231 0.37950721153846156 0.6041666666666666 0.36087740384615385 0.5982905982905983 0.35486778846153844 0.5993589743589743
3 0.38611778846153844 0.6121794871794872 0.3837139423076923 0.6233974358974359 0.3837139423076923 0.6282051282051282 0.38491586538461536 0.6298076923076923 0.3909254807692308 0.6298076923076923 0.39783653846153844 0.6266025641025641 0.4053485576923077 0.6356837606837606 0.41165865384615385 0.6372863247863247 0.41466346153846156 0.6335470085470085 0.41586538461538464 0.6207264957264957 0.4140625 0.6148504273504274 0.3918269230769231 0.6063034188034188 0.3879206730769231 0.6079059829059829
3 0.4176682692307692 0.5918803418803419 0.4182692307692308 0.6095085470085471 0.4167668269230769 0.6196581196581197 0.4227764423076923 0.6239316239316239 0.42728365384615385 0.6228632478632479 0.4284855769230769 0.6196581196581197 0.4293870192307692 0.6047008547008547 0.4293870192307692 0.5747863247863247 0.42518028846153844 0.5726495726495726 0.42007211538461536 0.5779914529914529
3 0.41556490384615385 0.561965811965812 0.4152644230769231 0.5731837606837606 0.4182692307692308 0.5790598290598291 0.4221754807692308 0.5790598290598291 0.4269831730769231 0.5742521367521367 0.42758413461538464 0.5357905982905983 0.42518028846153844 0.5251068376068376 0.4215745192307692 0.5251068376068376 0.42127403846153844 0.5288461538461539 0.4182692307692308 0.532051282051282
3 0.3870192307692308 0.3974358974358974 0.38611778846153844 0.4043803418803419 0.38912259615384615 0.406517094017094 0.4014423076923077 0.40865384615384615 0.4110576923076923 0.4129273504273504 0.4128605769230769 0.40865384615384615 0.41195913461538464 0.4017094017094017 0.4089543269230769 0.39903846153846156 0.39122596153846156 0.39476495726495725
3 0.3602764423076923 0.390491452991453 0.35997596153846156 0.39797008547008544 0.36177884615384615 0.40064102564102566 0.3831129807692308 0.40705128205128205 0.3870192307692308 0.4043803418803419 0.38671875 0.3942307692307692 0.38431490384615385 0.38995726495726496 0.36268028846153844 0.38835470085470086
3 0.3332331730769231 0.38514957264957267 0.3323317307692308 0.3872863247863248 0.33413461538461536 0.3942307692307692 0.35486778846153844 0.3995726495726496 0.3596754807692308 0.3974358974358974 0.35997596153846156 0.38675213675213677 0.35757211538461536 0.38301282051282054 0.3410456730769231 0.3814102564102564
3 0.33022836538461536 0.3701923076923077 0.32872596153846156 0.3803418803418803 0.33143028846153844 0.38461538461538464 0.34314903846153844 0.3803418803418803 0.34585336538461536 0.36912393162393164 0.34975961538461536 0.36217948717948717 0.3506610576923077 0.35363247863247865 0.34555288461538464 0.3466880341880342 0.34194711538461536 0.34775641025641024
3 0.43990384615384615 0.4321581196581197 0.43990384615384615 0.43856837606837606 0.4456129807692308 0.4465811965811966 0.45552884615384615 0.4513888888888889 0.46484375 0.44925213675213677 0.4660456730769231 0.43856837606837606 0.4651442307692308 0.4342948717948718 0.46243990384615385 0.4305555555555556 0.4426081730769231 0.42788461538461536
3 0.4696514423076923 0.4337606837606838 0.46935096153846156 0.4428418803418803 0.47325721153846156 0.44871794871794873 0.4909855769230769 0.4465811965811966 0.4957932692307692 0.4423076923076923 0.49549278846153844 0.4284188034188034 0.4918870192307692 0.4236111111111111 0.4723557692307692 0.42735042735042733 0.47055288461538464 0.42895299145299143
3 0.49669471153846156 0.4252136752136752 0.4963942307692308 0.43963675213675213 0.4972956730769231 0.4423076923076923 0.5189302884615384 0.43803418803418803 0.5216346153846154 0.43536324786324787 0.5222355769230769 0.4310897435897436 0.5216346153846154 0.4204059829059829 0.5171274038461539 0.4172008547008547 0.5009014423076923 0.421474358974359
3 0.5231370192307693 0.42414529914529914 0.5219350961538461 0.43536324786324787 0.5291466346153846 0.43536324786324787 0.5417668269230769 0.42254273504273504 0.5462740384615384 0.4107905982905983 0.5462740384615384 0.4075854700854701 0.54296875 0.40224358974358976 0.5396634615384616 0.40224358974358976 0.5246394230769231 0.4182692307692308
3 0.52734375 0.358974358974359 0.5285456730769231 0.36324786324786323 0.5270432692307693 0.3733974358974359 0.5291466346153846 0.38301282051282054 0.5327524038461539 0.391025641025641 0.5384615384615384 0.39316239316239315 0.5432692307692307 0.3995726495726496 0.5456730769230769 0.3920940170940171 0.5393629807692307 0.3696581196581197 0.5330528846153846 0.358974358974359
3 0.6015625 0.31303418803418803 0.6018629807692307 0.32745726495726496 0.6030649038461539 0.32905982905982906 0.6192908653846154 0.3327991452991453 0.6231971153846154 0.3327991452991453 0.6256009615384616 0.3301282051282051 0.6259014423076923 0.31997863247863245 0.6240985576923077 0.31517094017094016 0.6060697115384616 0.3108974358974359
3 0.5769230769230769 0.31463675213675213 0.5763221153846154 0.3173076923076923 0.5778245192307693 0.3247863247863248 0.5817307692307693 0.327991452991453 0.5988581730769231 0.32905982905982906 0.6009615384615384 0.3269230769230769 0.6018629807692307 0.32104700854700857 0.6015625 0.3141025641025641 0.5985576923076923 0.3108974358974359 0.5814302884615384 0.30982905982905984
3 0.6319110576923077 0.3087606837606838 0.6322115384615384 0.3141025641025641 0.6370192307692307 0.3178418803418803 0.6436298076923077 0.31303418803418803 0.6577524038461539 0.3076923076923077 0.6592548076923077 0.3034188034188034 0.6565504807692307 0.2948717948717949 0.6532451923076923 0.29433760683760685 0.6379206730769231 0.2986111111111111 0.6337139423076923 0.3034188034188034
3 0.6574519230769231 0.2938034188034188 0.6577524038461539 0.30128205128205127 0.6613581730769231 0.30448717948717946 0.6664663461538461 0.30128205128205127 0.6787860576923077 0.30074786324786323 0.6796875 0.2932692307692308 0.6742788461538461 0.28899572649572647
3 0.6820913461538461 0.2932692307692308 0.6811899038461539 0.3002136752136752 0.6823918269230769 0.30128205128205127 0.6908052884615384 0.2986111111111111 0.7064302884615384 0.2980769230769231 0.7055288461538461 0.2900641025641026 0.703125 0.28685897435897434 0.6862980769230769 0.2879273504273504
3 0.7403846153846154 0.2686965811965812 0.7388822115384616 0.2724358974358974 0.7403846153846154 0.28044871794871795 0.7445913461538461 0.281517094017094 0.7512019230769231 0.2745726495726496 0.7572115384615384 0.26495726495726496 0.7551081730769231 0.25854700854700857 0.7512019230769231 0.25747863247863245
3 0.4186727764423077 0.5141212606837606 0.4268885216346154 0.5141212606837606 0.4268885216346154 0.5006837606837606 0.4277100360576923 0.4729332264957265 0.4252454927884616 0.4682590811965812 0.4211376201923077 0.4697200854700855 0.41883713942307693 0.4732254273504274 0.418015625 0.48198878205128204
3 0.4185087139423077 0.47205662393162395 0.41752253605769235 0.4448899572649572 0.41785126201923073 0.43145299145299143 0.4244239783653846 0.42970032051282053 0.42606700721153845 0.44284508547008544 0.4262313701923077 0.467090811965812 0.42064453125 0.4708883547008547
3 0.35212560096153844 0.35112126068376065 0.36477764423076925 0.330965811965812 0.36247746394230773 0.3224941239316239 0.36017698317307695 0.31665170940170945 0.35656219951923074 0.3151912393162393 0.3439098557692307 0.3385603632478632 0.3447313701923077 0.3470320512820513 0.3506466346153846 0.35258226495726497
3 0.36527073317307696 0.3259994658119658 0.3752938701923077 0.30116987179487176 0.37447235576923077 0.29152991452991456 0.3697073317307692 0.28597970085470087 0.35951983173076923 0.3137307692307692
3 0.3805519831730769 0.27663247863247864 0.372171875 0.28247435897435896 0.3588623798076923 0.2634871794871795 0.35984825721153846 0.24946581196581197 0.36609224759615383 0.24742094017094018
3 0.3580408653846154 0.2585213675213675 0.3417737379807692 0.2407024572649573 0.34358112980769234 0.22930982905982905 0.3473605769230769 0.22434401709401708 0.351796875 0.22901762820512822 0.36527073317307696 0.24479166666666666 0.3585339543269231 0.25092628205128203
3 0.3419381009615385 0.23807318376068376 0.3258353365384616 0.2185016025641026 0.3273140024038461 0.20973824786324785 0.3332295673076923 0.20564850427350426 0.3471962139423077 0.22317521367521367 0.34243088942307687 0.22814155982905984
3 0.3251781850961538 0.21470405982905982 0.31038972355769234 0.20185096153846155 0.3107184495192307 0.18958226495726496 0.316140625 0.18841399572649573 0.3327364783653846 0.2027275641025641
3 0.5404780649038462 0.36363247863247866 0.5600255408653847 0.3467943376068376 0.5608314302884615 0.3374797008547008 0.5563981370192308 0.33103098290598293 0.5376568509615385 0.34607799145299145 0.5366490384615384 0.35467628205128204
3 0.5606301081730769 0.34142040598290596 0.5793713942307692 0.32673183760683766 0.5773563701923077 0.3202831196581197 0.5733257211538462 0.31311805555555555 0.5559951923076923 0.3295977564102564
3 0.7243587740384616 0.30216933760683756 0.7206286057692307 0.29825854700854704 0.7231153846153846 0.287715811965812 0.7383236177884616 0.2736020299145299 0.7417671274038462 0.2778530982905983 0.7413846153846154 0.28618536324786326 0.728376201923077 0.2968979700854701