0 0.2551081730769231 0.5576923076923077 0.25450721153846156 0.5699786324786325 0.2578125 0.5737179487179487 0.2761418269230769 0.5710470085470085 0.28515625 0.5673076923076923 0.28515625 0.5534188034188035 0.28305288461538464 0.5486111111111112 0.2590144230769231 0.5523504273504274
0 0.28575721153846156 0.5528846153846154 0.2860576923076923 0.5667735042735043 0.28846153846153844 0.5689102564102564 0.3128004807692308 0.5694444444444444 0.31640625 0.5667735042735043 0.3161057692307692 0.5534188034188035 0.31400240384615385 0.5491452991452992 0.2887620192307692 0.5486111111111112 0.2863581730769231 0.5502136752136753
0 0.32361778846153844 0.5598290598290598 0.32421875 0.5678418803418803 0.33143028846153844 0.5710470085470085 0.34705528846153844 0.5747863247863247 0.35306490384615385 0.5694444444444444 0.3527644230769231 0.5603632478632479 0.34615384615384615 0.5523504273504274 0.32752403846153844 0.5480769230769231 0.32572115384615385 0.5502136752136753
0 0.3485576923076923 0.5454059829059829 0.34705528846153844 0.5502136752136753 0.3488581730769231 0.5534188034188035 0.35606971153846156 0.5566239316239316 0.36388221153846156 0.5443376068376068 0.36959134615384615 0.532051282051282 0.3701923076923077 0.5224358974358975 0.3662860576923077 0.5170940170940171 0.36268028846153844 0.5197649572649573
0 0.4113581730769231 0.42628205128205127 0.4098557692307692 0.42895299145299143 0.4110576923076923 0.43963675213675213 0.41256009615384615 0.4423076923076923 0.4152644230769231 0.4428418803418803 0.4332932692307692 0.4321581196581197 0.4344951923076923 0.4284188034188034 0.4344951923076923 0.42094017094017094 0.4326923076923077 0.4172008547008547 0.42788461538461536 0.4155982905982906
0 0.3894230769230769 0.44604700854700857 0.38852163461538464 0.4545940170940171 0.3942307692307692 0.46153846153846156 0.4074519230769231 0.44925213675213677 0.4110576923076923 0.4423076923076923 0.4092548076923077 0.43162393162393164 0.4074519230769231 0.43002136752136755 0.39302884615384615 0.4407051282051282
0 0.3792067307692308 0.4732905982905983 0.37710336538461536 0.4807692307692308 0.3837139423076923 0.48664529914529914 0.390625 0.47702991452991456 0.3948317307692308 0.4599358974358974 0.3870192307692308 0.452991452991453
0 0.44861778846153844 0.4310897435897436 0.44771634615384615 0.43803418803418803 0.4489182692307692 0.44177350427350426 0.46243990384615385 0.4567307692307692 0.4678485576923077 0.4594017094017094 0.47025240384615385 0.4583333333333333 0.4723557692307692 0.45405982905982906 0.4735576923076923 0.44551282051282054 0.4714543269230769 0.43963675213675213 0.4582331730769231 0.42735042735042733 0.45643028846153844 0.42254273504273504 0.4504206730769231 0.4252136752136752
0 0.47115384615384615 0.4583333333333333 0.4714543269230769 0.4620726495726496 0.47325721153846156 0.46474358974358976 0.49038461538461536 0.4738247863247863 0.49789663461538464 0.4738247863247863 0.4990985576923077 0.4674145299145299 0.49939903846153844 0.4594017094017094 0.49789663461538464 0.4561965811965812 0.47986778846153844 0.44604700854700857 0.47596153846153844 0.44604700854700857
0 0.4987980769230769 0.4668803418803419 0.49849759615384615 0.4738247863247863 0.5030048076923077 0.4775641025641026 0.5213341346153846 0.4807692307692308 0.5234375 0.4797008547008547 0.5246394230769231 0.47596153846153844 0.5243389423076923 0.4642094017094017 0.5192307692307693 0.46047008547008544 0.5027043269230769 0.4583333333333333 0.5 0.4599358974358974
0 0.5267427884615384 0.4599358974358974 0.5258413461538461 0.47489316239316237 0.5279447115384616 0.4791666666666667 0.5474759615384616 0.48023504273504275 0.5513822115384616 0.4738247863247863 0.5501802884615384 0.4620726495726496 0.5471754807692307 0.4567307692307692
0 0.3683894230769231 0.5048076923076923 0.3662860576923077 0.5133547008547008 0.37289663461538464 0.5224358974358975 0.3801081730769231 0.5085470085470085 0.38461538461538464 0.4909188034188034 0.38431490384615385 0.484508547008547 0.38070913461538464 0.4855769230769231 0.37650240384615385 0.4823717948717949
0 0.5634014423076923 0.391025641025641 0.5628004807692307 0.40064102564102566 0.5637019230769231 0.40544871794871795 0.5652043269230769 0.406517094017094 0.5844350961538461 0.40384615384615385 0.5865384615384616 0.4011752136752137 0.5871394230769231 0.3872863247863248 0.5856370192307693 0.38621794871794873 0.5685096153846154 0.38675213675213677
0 0.5874399038461539 0.38995726495726496 0.5871394230769231 0.4011752136752137 0.5892427884615384 0.4033119658119658 0.6033653846153846 0.40384615384615385 0.609375 0.40064102564102566 0.6096754807692307 0.38995726495726496 0.6063701923076923 0.3856837606837607 0.5913461538461539 0.38621794871794873 0.5886418269230769 0.3872863247863248
0 0.6240985576923077 0.4113247863247863 0.6237980769230769 0.4182692307692308 0.6256009615384616 0.42254273504273504 0.6448317307692307 0.42254273504273504 0.6481370192307693 0.42094017094017094 0.6493389423076923 0.40705128205128205 0.6463341346153846 0.40384615384615385 0.6298076923076923 0.4033119658119658 0.6259014423076923 0.40544871794871795
0 0.6463341346153846 0.4188034188034188 0.6457331730769231 0.421474358974359 0.6520432692307693 0.4252136752136752 0.6682692307692307 0.42948717948717946 0.6703725961538461 0.4252136752136752 0.6709735576923077 0.4166666666666667 0.6703725961538461 0.4107905982905983 0.6688701923076923 0.4097222222222222 0.6517427884615384 0.405982905982906 0.6493389423076923 0.4081196581196581
0 0.68359375 0.41452991452991456 0.6829927884615384 0.421474358974359 0.6859975961538461 0.4236111111111111 0.69140625 0.4230769230769231 0.69921875 0.41452991452991456 0.7052283653846154 0.4043803418803419 0.6995192307692307 0.39636752136752135 0.6884014423076923 0.405982905982906
0 0.7007211538461539 0.3942307692307692 0.6995192307692307 0.3974358974358974 0.7064302884615384 0.4043803418803419 0.7175480769230769 0.4011752136752137 0.7211538461538461 0.3942307692307692 0.7208533653846154 0.38301282051282054 0.7049278846153846 0.3894230769230769
0 0.7214543269230769 0.3798076923076923 0.7193509615384616 0.3840811965811966 0.7220552884615384 0.3974358974358974 0.7379807692307693 0.39850427350427353 0.7415865384615384 0.391025641025641 0.7421875 0.38354700854700857 0.7379807692307693 0.37767094017094016 0.7256610576923077 0.37767094017094016
0 0.6316105769230769 0.32051282051282054 0.6313100961538461 0.32532051282051283 0.6334134615384616 0.3317307692307692 0.6475360576923077 0.32532051282051283 0.6514423076923077 0.32104700854700857 0.6511418269230769 0.31036324786324787 0.6466346153846154 0.3092948717948718 0.6358173076923077 0.31303418803418803
0 0.65234375 0.3060897435897436 0.6517427884615384 0.3173076923076923 0.6535456730769231 0.32051282051282054 0.6688701923076923 0.31837606837606836 0.6712740384615384 0.3141025641025641 0.6706730769230769 0.3071581196581197 0.6649639423076923 0.30128205128205127
0 0.671875 0.30662393162393164 0.6715745192307693 0.31517094017094016 0.6730769230769231 0.3173076923076923 0.6890024038461539 0.3173076923076923 0.69140625 0.31303418803418803 0.6920072115384616 0.30395299145299143 0.6890024038461539 0.2980769230769231 0.6781850961538461 0.3002136752136752 0.6739783653846154 0.30288461538461536
0 0.7530048076923077 0.3958333333333333 0.7548076923076923 0.4017094017094017 0.7587139423076923 0.4027777777777778 0.7602163461538461 0.4011752136752137 0.7680288461538461 0.38621794871794873 0.76953125 0.37553418803418803 0.7647235576923077 0.37446581196581197 0.7620192307692307 0.37606837606837606
0 0.7644230769230769 0.3605769230769231 0.7608173076923077 0.3696581196581197 0.7620192307692307 0.37606837606837606 0.7689302884615384 0.3717948717948718 0.7770432692307693 0.3547008547008547 0.7755408653846154 0.35096153846153844 0.7716346153846154 0.34989316239316237
0 0.7581129807692307 0.30502136752136755 0.7572115384615384 0.3076923076923077 0.7632211538461539 0.3247863247863248 0.7650240384615384 0.33814102564102566 0.7689302884615384 0.33760683760683763 0.7707331730769231 0.3311965811965812 0.7689302884615384 0.31997863247863245 0.765625 0.31036324786324787 0.7620192307692307 0.30502136752136755
0 0.7454927884615384 0.2783119658119658 0.7448918269230769 0.2831196581196581 0.7551081730769231 0.3034188034188034 0.7584134615384616 0.30662393162393164 0.7608173076923077 0.3034188034188034 0.7611177884615384 0.29594017094017094 0.7551081730769231 0.28205128205128205 0.7515024038461539 0.2767094017094017
0 0.6760817307692307 0.24572649572649571 0.6766826923076923 0.2606837606837607 0.6796875 0.26816239316239315 0.6847956730769231 0.2745726495726496 0.6887019230769231 0.2719017094017094 0.6899038461538461 0.26976495726495725 0.6893028846153846 0.2622863247863248 0.68359375 0.24465811965811965 0.6811899038461539 0.2419871794871795 0.6784855769230769 0.24252136752136752
0 0.6844951923076923 0.2777777777777778 0.6847956730769231 0.28525641025641024 0.6926081730769231 0.30128205128205127 0.6962139423076923 0.30288461538461536 0.7007211538461539 0.3002136752136752 0.7010216346153846 0.28952991452991456 0.6926081730769231 0.27297008547008544 0.6868990384615384 0.27297008547008544
0 0.71049609375 0.31402190170940175 0.7243870192307693 0.3036388888888889 0.7248605769230768 0.2960619658119658 0.7228085937500001 0.29157211538461536 0.7087596153846154 0.30111324786324783 0.7063918269230769 0.30672596153846154 0.7070231370192308 0.3114962606837607
0 0.7253341346153845 0.3002713675213675 0.7349630408653846 0.28792361111111114 0.7368572716346153 0.27922435897435893 0.7333846153846154 0.2750149572649572 0.7243870192307693 0.28792361111111114 0.7235976562499999 0.29157211538461536 0.7245447716346154 0.29662339743589744
2 0.2809495192307692 0.17414529914529914 0.28125 0.18536324786324787 0.2956730769230769 0.18803418803418803 0.2998798076923077 0.18643162393162394 0.30408653846153844 0.1762820512820513 0.30288461538461536 0.16987179487179488 0.29927884615384615 0.16826923076923078 0.28275240384615385 0.16773504273504272
2 0.25240384615384615 0.17254273504273504 0.25210336538461536 0.18536324786324787 0.2548076923076923 0.18856837606837606 0.2731370192307692 0.1858974358974359 0.27584134615384615 0.18482905982905984 0.2770432692307692 0.18215811965811965 0.27584134615384615 0.16933760683760685 0.2725360576923077 0.1655982905982906 0.2548076923076923 0.16773504273504272
2 0.22415865384615385 0.17307692307692307 0.22415865384615385 0.18376068376068377 0.22716346153846154 0.18963675213675213 0.24609375 0.1891025641025641 0.24939903846153846 0.18536324786324787 0.24849759615384615 0.17467948717948717 0.24609375 0.16987179487179488 0.22686298076923078 0.16987179487179488
2 0.2052283653846154 0.1971153846153846 0.20462740384615385 0.2168803418803419 0.20552884615384615 0.21955128205128205 0.20943509615384615 0.2222222222222222 0.21514423076923078 0.2206196581196581 0.21424278846153846 0.2126068376068376 0.21514423076923078 0.19658119658119658 0.21334134615384615 0.1875 0.2109375 0.18482905982905984 0.20793269230769232 0.1858974358974359
2 0.18840144230769232 0.25 0.18810096153846154 0.2548076923076923 0.19020432692307693 0.2590811965811966 0.19621394230769232 0.26175213675213677 0.1971153846153846 0.25427350427350426 0.20372596153846154 0.234508547008547 0.20342548076923078 0.2264957264957265 0.20012019230769232 0.22275641025641027 0.19681490384615385 0.22435897435897437 0.19200721153846154 0.2361111111111111
2 0.16917067307692307 0.296474358974359 0.16826923076923078 0.3002136752136752 0.17518028846153846 0.30822649572649574 0.17818509615384615 0.3055555555555556 0.18509615384615385 0.2793803418803419 0.18389423076923078 0.2724358974358974 0.18209134615384615 0.26976495726495725 0.1778846153846154 0.27136752136752135
2 0.15985576923076922 0.4081196581196581 0.15985576923076922 0.422008547008547 0.16436298076923078 0.44871794871794873 0.16736778846153846 0.45085470085470086 0.17337740384615385 0.44871794871794873 0.1739783653846154 0.44177350427350426 0.16826923076923078 0.4113247863247863 0.16496394230769232 0.4043803418803419
2 0.17097355769230768 0.46955128205128205 0.17157451923076922 0.4877136752136752 0.17638221153846154 0.4983974358974359 0.17998798076923078 0.5117521367521367 0.1856971153846154 0.5154914529914529 0.19110576923076922 0.5096153846153846 0.19170673076923078 0.5053418803418803 0.1893028846153846 0.4946581196581197 0.18118990384615385 0.4738247863247863 0.17668269230769232 0.46794871794871795 0.171875 0.4674145299145299
2 0.1856971153846154 0.5165598290598291 0.1853966346153846 0.5235042735042735 0.18659855769230768 0.5277777777777778 0.19951923076923078 0.5470085470085471 0.203125 0.5496794871794872 0.2052283653846154 0.5454059829059829 0.21123798076923078 0.5400641025641025 0.20853365384615385 0.5325854700854701 0.19260817307692307 0.5106837606837606 0.18900240384615385 0.5112179487179487
2 0.20432692307692307 0.5486111111111112 0.20582932692307693 0.5571581196581197 0.2091346153846154 0.5635683760683761 0.22265625 0.5817307692307693 0.22956730769230768 0.5806623931623932 0.23377403846153846 0.5715811965811965 0.23046875 0.5635683760683761 0.21394230769230768 0.5422008547008547 0.20973557692307693 0.5405982905982906
2 0.2542067307692308 0.5806623931623932 0.25390625 0.5918803418803419 0.2578125 0.5972222222222222 0.27914663461538464 0.6159188034188035 0.28335336538461536 0.6100427350427351 0.2842548076923077 0.5982905982905983 0.2800480769230769 0.5897435897435898 0.2629206730769231 0.5747863247863247 0.2569110576923077 0.5753205128205128
2 0.2890625 0.6041666666666666 0.2860576923076923 0.6169871794871795 0.28695913461538464 0.6196581196581197 0.2932692307692308 0.6233974358974359 0.31099759615384615 0.6303418803418803 0.31700721153846156 0.6266025641025641 0.31881009615384615 0.6196581196581197 0.31881009615384615 0.6095085470085471 0.31400240384615385 0.6047008547008547 0.2941706730769231 0.5982905982905983 0.29086538461538464 0.5993589743589743
2 0.3173076923076923 0.6266025641025641 0.31700721153846156 0.6303418803418803 0.31850961538461536 0.6335470085470085 0.3464543269230769 0.6410256410256411 0.3485576923076923 0.6372863247863247 0.34945913461538464 0.6233974358974359 0.3464543269230769 0.6196581196581197 0.33743990384615385 0.6153846153846154 0.32271634615384615 0.6116452991452992 0.3200120192307692 0.6153846153846154
2 0.34945913461538464 0.6292735042735043 0.3488581730769231 0.6404914529914529 0.35096153846153844 0.6436965811965812 0.37650240384615385 0.6469017094017094 0.37950721153846156 0.6420940170940171 0.3792067307692308 0.6292735042735043 0.37740384615384615 0.625534188034188 0.35366586538461536 0.6217948717948718 0.3506610576923077 0.6228632478632479
2 0.38040865384615385 0.6266025641025641 0.3801081730769231 0.6378205128205128 0.38221153846153844 0.6436965811965812 0.4059495192307692 0.6378205128205128 0.4098557692307692 0.6330128205128205 0.40835336538461536 0.6191239316239316 0.4053485576923077 0.6169871794871795 0.38461538461538464 0.6217948717948718
2 0.41015625 0.6127136752136753 0.4092548076923077 0.6233974358974359 0.4110576923076923 0.6319444444444444 0.43539663461538464 0.625 0.4375 0.6223290598290598 0.43930288461538464 0.6132478632478633 0.4387019230769231 0.6089743589743589 0.43569711538461536 0.6036324786324786 0.42337740384615385 0.6047008547008547
2 0.47806490384615385 0.6020299145299145 0.47716346153846156 0.6116452991452992 0.48046875 0.6191239316239316 0.5021033653846154 0.6105769230769231 0.5051081730769231 0.6057692307692307 0.50390625 0.5950854700854701 0.5015024038461539 0.5913461538461539 0.4813701923076923 0.5977564102564102
2 0.5048076923076923 0.5881410256410257 0.5048076923076923 0.5993589743589743 0.5078125 0.6041666666666666 0.5300480769230769 0.5988247863247863 0.5324519230769231 0.5950854700854701 0.5321514423076923 0.5817307692307693 0.5303485576923077 0.5795940170940171 0.5087139423076923 0.5822649572649573 0.5063100961538461 0.5838675213675214
2 0.5345552884615384 0.5779914529914529 0.5327524038461539 0.5833333333333334 0.5333533653846154 0.594017094017094 0.53515625 0.5966880341880342 0.5525841346153846 0.5918803418803419 0.5579927884615384 0.5886752136752137 0.5594951923076923 0.5849358974358975 0.55859375 0.5747863247863247 0.5540865384615384 0.5710470085470085
2 0.5600961538461539 0.5710470085470085 0.5603966346153846 0.5827991452991453 0.5631009615384616 0.5854700854700855 0.58203125 0.5817307692307693 0.5868389423076923 0.5753205128205128 0.5865384615384616 0.5641025641025641 0.5832331730769231 0.5614316239316239 0.5652043269230769 0.5641025641025641 0.5615985576923077 0.5673076923076923
2 0.5718149038461539 0.5181623931623932 0.5694110576923077 0.5224358974358975 0.5700120192307693 0.5363247863247863 0.5727163461538461 0.5416666666666666 0.5778245192307693 0.5603632478632479 0.5850360576923077 0.5608974358974359 0.5892427884615384 0.5539529914529915 0.5892427884615384 0.5486111111111112 0.5862379807692307 0.5379273504273504 0.578125 0.5170940170940171 0.5745192307692307 0.5144230769230769
2 0.5618990384615384 0.48717948717948717 0.5618990384615384 0.49946581196581197 0.5643028846153846 0.5160256410256411 0.5682091346153846 0.5219017094017094 0.5754206730769231 0.5154914529914529 0.5757211538461539 0.5080128205128205 0.5721153846153846 0.4946581196581197 0.5712139423076923 0.483974358974359 0.5667067307692307 0.4797008547008547 0.5640024038461539 0.48183760683760685
2 0.5682091346153846 0.4674145299145299 0.5679086538461539 0.47702991452991456 0.5709134615384616 0.4813034188034188 0.5904447115384616 0.4807692307692308 0.5928485576923077 0.47702991452991456 0.5934495192307693 0.4652777777777778 0.5925480769230769 0.4620726495726496 0.5904447115384616 0.46100427350427353 0.5754206730769231 0.46100427350427353 0.5703125 0.4620726495726496
2 0.5934495192307693 0.4700854700854701 0.5931490384615384 0.48023504273504275 0.5991586538461539 0.48183760683760685 0.6138822115384616 0.4775641025641026 0.6171875 0.4732905982905983 0.6174879807692307 0.46794871794871795 0.6156850961538461 0.4599358974358974 0.6114783653846154 0.45886752136752135 0.5961538461538461 0.46314102564102566 0.5943509615384616 0.46474358974358976
2 0.6277043269230769 0.484508547008547 0.6274038461538461 0.4877136752136752 0.6292067307692307 0.4930555555555556 0.6403245192307693 0.5128205128205128 0.6439302884615384 0.5154914529914529 0.6475360576923077 0.5128205128205128 0.6496394230769231 0.5085470085470085 0.6508413461538461 0.5037393162393162 0.6502403846153846 0.49786324786324787 0.6448317307692307 0.48664529914529914 0.6364182692307693 0.47489316239316237 0.6325120192307693 0.47435897435897434
2 0.6469350961538461 0.5192307692307693 0.6475360576923077 0.5261752136752137 0.6592548076923077 0.5502136752136753 0.6637620192307693 0.5512820512820513 0.6670673076923077 0.5480769230769231 0.6688701923076923 0.5411324786324786 0.6685697115384616 0.5363247863247863 0.6574519230769231 0.5128205128205128 0.6544471153846154 0.5096153846153846 0.6508413461538461 0.5101495726495726
2 0.6676682692307693 0.5507478632478633 0.6670673076923077 0.5571581196581197 0.6682692307692307 0.5603632478632479 0.6811899038461539 0.5822649572649573 0.6862980769230769 0.5827991452991453 0.6911057692307693 0.5747863247863247 0.6908052884615384 0.5667735042735043 0.6769831730769231 0.5432692307692307 0.671875 0.5432692307692307
2 0.7073317307692307 0.5849358974358975 0.7085336538461539 0.5950854700854701 0.71484375 0.5950854700854701 0.7295673076923077 0.5747863247863247 0.7286658653846154 0.563034188034188 0.7265625 0.5614316239316239 0.7205528846153846 0.5646367521367521
2 0.7301682692307693 0.5587606837606838 0.7292668269230769 0.5603632478632479 0.7301682692307693 0.5737179487179487 0.7319711538461539 0.5747863247863247 0.7496995192307693 0.5641025641025641 0.7512019230769231 0.5534188034188035 0.7496995192307693 0.5486111111111112 0.74609375 0.5480769230769231
2 0.7515024038461539 0.5459401709401709 0.7509014423076923 0.5614316239316239 0.7518028846153846 0.563034188034188 0.7713341346153846 0.563034188034188 0.7737379807692307 0.5603632478632479 0.7752403846153846 0.5518162393162394 0.7746394230769231 0.5464743589743589 0.7701322115384616 0.5443376068376068 0.7545072115384616 0.5438034188034188
2 0.7749399038461539 0.5566239316239316 0.7746394230769231 0.5603632478632479 0.7764423076923077 0.5641025641025641 0.796875 0.5774572649572649 0.8001802884615384 0.5753205128205128 0.8037860576923077 0.5641025641025641 0.80078125 0.5582264957264957 0.7830528846153846 0.5464743589743589 0.7770432692307693 0.5480769230769231
2 0.8022836538461539 0.5710470085470085 0.8010817307692307 0.5779914529914529 0.8031850961538461 0.5811965811965812 0.8209134615384616 0.5966880341880342 0.8239182692307693 0.5966880341880342 0.8299278846153846 0.5854700854700855 0.8251201923076923 0.5769230769230769 0.8137019230769231 0.5662393162393162 0.8058894230769231 0.5651709401709402
2 0.8251201923076923 0.5950854700854701 0.8245192307692307 0.5988247863247863 0.8263221153846154 0.6025641025641025 0.84375 0.6223290598290598 0.8473557692307693 0.6233974358974359 0.8509615384615384 0.6196581196581197 0.8521634615384616 0.6057692307692307 0.8392427884615384 0.5913461538461539 0.8314302884615384 0.5870726495726496
2 0.8383413461538461 0.5625 0.8311298076923077 0.5705128205128205 0.8338341346153846 0.5774572649572649 0.8491586538461539 0.5998931623931624 0.8512620192307693 0.6014957264957265 0.85546875 0.6004273504273504 0.8590745192307693 0.5918803418803419 0.8587740384615384 0.5860042735042735 0.8431490384615384 0.563034188034188
2 0.8161057692307693 0.5357905982905983 0.8140024038461539 0.5400641025641025 0.81640625 0.5491452991452992 0.8275240384615384 0.5683760683760684 0.8317307692307693 0.5726495726495726 0.8386418269230769 0.5641025641025641 0.8380408653846154 0.5571581196581197 0.8239182692307693 0.5331196581196581 0.8206129807692307 0.530982905982906
2 0.7992788461538461 0.5010683760683761 0.7989783653846154 0.5053418803418803 0.8028846153846154 0.5181623931623932 0.8106971153846154 0.5352564102564102 0.8146033653846154 0.5357905982905983 0.8194110576923077 0.531517094017094 0.8197115384615384 0.5197649572649573 0.8100961538461539 0.49786324786324787 0.8037860576923077 0.49412393162393164
2 0.7860576923076923 0.468482905982906 0.7860576923076923 0.4738247863247863 0.79296875 0.4962606837606838 0.7965745192307693 0.5010683760683761 0.80078125 0.5 0.8031850961538461 0.49412393162393164 0.8034855769230769 0.48824786324786323 0.7962740384615384 0.4636752136752137 0.7935697115384616 0.46100427350427353 0.7905649038461539 0.46153846153846156
2 0.7785456730769231 0.43856837606837606 0.7791466346153846 0.4513888888888889 0.7824519230769231 0.4551282051282051 0.7863581730769231 0.4545940170940171 0.7908653846153846 0.42574786324786323 0.7899639423076923 0.41933760683760685 0.7857572115384616 0.4172008547008547 0.7833533653846154 0.4198717948717949 0.7794471153846154 0.42895299145299143
2 0.7575120192307693 0.40865384615384615 0.7575120192307693 0.41452991452991456 0.7587139423076923 0.41613247863247865 0.7755408653846154 0.4268162393162393 0.7791466346153846 0.42628205128205127 0.7824519230769231 0.4182692307692308 0.7800480769230769 0.4097222222222222 0.765625 0.40010683760683763 0.7602163461538461 0.4017094017094017
2 0.15954296874999999 0.41138621794871794 0.1558407451923077 0.40659935897435895 0.15735516826923077 0.37398771367521366 0.15971153846153846 0.3671063034188034 0.1661066706730769 0.3656100427350428 0.16879927884615384 0.3715940170940171 0.16778966346153845 0.4033082264957265 0.16829447115384613 0.41078792735042735 0.1656015625 0.4030090811965812
2 0.16947235576923078 0.367704594017094 0.17182872596153848 0.34167521367521364 0.1691358173076923 0.33479380341880344 0.16290895432692307 0.33389636752136753 0.1588698918269231 0.36680715811965814 0.16105769230769232 0.3671063034188034 0.16644320913461538 0.3656100427350428 0.16829447115384613 0.3700982905982906
2 0.17233353365384613 0.33479380341880344 0.1745213341346154 0.31175587606837607 0.17367998798076922 0.30337873931623927 0.16627493990384618 0.30188301282051283 0.16223587740384618 0.3326992521367521 0.16223587740384618 0.3356912393162393 0.16391887019230772 0.33419551282051285 0.16980919471153846 0.335392094017094 0.17199699519230768 0.34077724358974354
1 0.2965745192307692 0.1971153846153846 0.29627403846153844 0.20085470085470086 0.2998798076923077 0.21207264957264957 0.3034855769230769 0.20993589743589744 0.3097956730769231 0.19604700854700854 0.31009615384615385 0.18215811965811965 0.3073918269230769 0.1794871794871795 0.3037860576923077 0.1794871794871795
1 0.2770432692307692 0.2110042735042735 0.2761418269230769 0.21741452991452992 0.2776442307692308 0.2264957264957265 0.27914663461538464 0.22863247863247863 0.296875 0.22008547008547008 0.2998798076923077 0.21367521367521367 0.2998798076923077 0.20993589743589744 0.29627403846153844 0.20192307692307693 0.2899639423076923 0.202991452991453
1 0.25210336538461536 0.22382478632478633 0.25180288461538464 0.234508547008547 0.2542067307692308 0.23717948717948717 0.2731370192307692 0.23344017094017094 0.2761418269230769 0.23130341880341881 0.27734375 0.22702991452991453 0.2761418269230769 0.2168803418803419 0.2737379807692308 0.21367521367521367 0.2551081730769231 0.21848290598290598 0.2530048076923077 0.22008547008547008
1 0.2247596153846154 0.22542735042735043 0.2247596153846154 0.23397435897435898 0.22686298076923078 0.23557692307692307 0.24849759615384615 0.23557692307692307 0.2509014423076923 0.23130341880341881 0.2503004807692308 0.21901709401709402 0.24579326923076922 0.2152777777777778 0.22716346153846154 0.21634615384615385
1 0.19861778846153846 0.25106837606837606 0.1974158653846154 0.26175213675213677 0.20012019230769232 0.265491452991453 0.20643028846153846 0.2670940170940171 0.21544471153846154 0.24786324786324787 0.2169471153846154 0.2419871794871795 0.2166466346153846 0.23237179487179488 0.2109375 0.22863247863247863 0.20643028846153846 0.23023504273504272
1 0.1814903846153846 0.29594017094017094 0.18118990384615385 0.3002136752136752 0.18239182692307693 0.30288461538461536 0.1893028846153846 0.30395299145299143 0.19230769230769232 0.30074786324786323 0.19771634615384615 0.28899572649572647 0.19861778846153846 0.2783119658119658 0.1974158653846154 0.2724358974358974 0.19591346153846154 0.2708333333333333 0.1893028846153846 0.2724358974358974
1 0.19260817307692307 0.4481837606837607 0.19230769230769232 0.4599358974358974 0.1932091346153846 0.46314102564102566 0.19591346153846154 0.4652777777777778 0.21995192307692307 0.4599358974358974 0.22295673076923078 0.45726495726495725 0.22385817307692307 0.453525641025641 0.22175480769230768 0.4412393162393162 0.21754807692307693 0.43856837606837606 0.19591346153846154 0.4428418803418803
1 0.22325721153846154 0.43536324786324787 0.22235576923076922 0.43963675213675213 0.22385817307692307 0.44925213675213677 0.2265625 0.45405982905982906 0.25060096153846156 0.4423076923076923 0.25180288461538464 0.43963675213675213 0.2512019230769231 0.42948717948717946 0.2481971153846154 0.4230769230769231 0.23046875 0.43002136752136755
1 0.2509014423076923 0.4236111111111111 0.2527043269230769 0.4391025641025641 0.2551081730769231 0.4412393162393162 0.27914663461538464 0.4284188034188034 0.2785456730769231 0.41613247863247865 0.27674278846153844 0.41185897435897434 0.2746394230769231 0.4107905982905983 0.2647235576923077 0.41452991452991456
1 0.27884615384615385 0.4097222222222222 0.27794471153846156 0.41185897435897434 0.27944711538461536 0.4252136752136752 0.2821514423076923 0.4284188034188034 0.30288461538461536 0.4198717948717949 0.3058894230769231 0.4150641025641026 0.3055889423076923 0.4043803418803419 0.3037860576923077 0.40010683760683763 0.2893629807692308 0.40384615384615385
1 0.30618990384615385 0.3995726495726496 0.30709134615384615 0.41399572649572647 0.3088942307692308 0.4155982905982906 0.32602163461538464 0.4113247863247863 0.33143028846153844 0.40865384615384615 0.33353365384615385 0.4049145299145299 0.33143028846153844 0.391025641025641 0.3284254807692308 0.3888888888888889 0.30859375 0.39636752136752135
1 0.35006009615384615 0.38782051282051283 0.34945913461538464 0.3974358974358974 0.35216346153846156 0.40224358974358976 0.36959134615384615 0.40544871794871795 0.375 0.4043803418803419 0.3753004807692308 0.38995726495726496 0.37439903846153844 0.38835470085470086 0.3563701923076923 0.3814102564102564 0.35216346153846156 0.3814102564102564
1 0.3762019230769231 0.3926282051282051 0.37650240384615385 0.40544871794871795 0.39633413461538464 0.41239316239316237 0.4014423076923077 0.41025641025641024 0.4020432692307692 0.3974358974358974 0.3996394230769231 0.3926282051282051 0.38221153846153844 0.3888888888888889 0.3777043269230769 0.3894230769230769
1 0.40294471153846156 0.3969017094017094 0.4026442307692308 0.4113247863247863 0.40444711538461536 0.41346153846153844 0.4215745192307692 0.4172008547008547 0.42638221153846156 0.4155982905982906 0.4284855769230769 0.4113247863247863 0.42788461538461536 0.4017094017094017 0.4230769230769231 0.3974358974358974 0.41195913461538464 0.3942307692307692 0.40414663461538464 0.39476495726495725
1 0.38731971153846156 0.28952991452991456 0.3870192307692308 0.2938034188034188 0.38912259615384615 0.30128205128205127 0.3975360576923077 0.3162393162393162 0.40084134615384615 0.3157051282051282 0.4059495192307692 0.31036324786324787 0.4050480769230769 0.3034188034188034 0.40084134615384615 0.2932692307692308 0.39453125 0.28365384615384615 0.390625 0.2825854700854701
1 0.45883413461538464 0.41025641025641024 0.45853365384615385 0.41452991452991456 0.4597355769230769 0.4155982905982906 0.47085336538461536 0.4155982905982906 0.48046875 0.4198717948717949 0.48287259615384615 0.4166666666666667 0.48287259615384615 0.40705128205128205 0.48106971153846156 0.4049145299145299 0.4621394230769231 0.4049145299145299 0.46033653846153844 0.405982905982906
1 0.48377403846153844 0.40705128205128205 0.4840745192307692 0.4155982905982906 0.5054086538461539 0.41185897435897434 0.5072115384615384 0.4081196581196581 0.5048076923076923 0.40064102564102566 0.4870793269230769 0.40384615384615385
1 0.5081129807692307 0.4011752136752137 0.5081129807692307 0.4091880341880342 0.5120192307692307 0.41346153846153844 0.5168269230769231 0.40865384615384615 0.5333533653846154 0.4043803418803419 0.5306490384615384 0.4033119658119658 0.5285456730769231 0.39476495726495725
1 0.5288461538461539 0.3936965811965812 0.5282451923076923 0.3974358974358974 0.5297475961538461 0.39903846153846156 0.5306490384615384 0.4043803418803419 0.5339543269230769 0.405982905982906 0.5402644230769231 0.4011752136752137 0.5486778846153846 0.3894230769230769 0.5465745192307693 0.38354700854700857 0.5426682692307693 0.38354700854700857
1 0.46153846153846156 0.19391025641025642 0.4600360576923077 0.202991452991453 0.4618389423076923 0.20619658119658119 0.47716346153846156 0.21955128205128205 0.4807692307692308 0.21314102564102563 0.48106971153846156 0.20566239316239315 0.4762620192307692 0.1987179487179487 0.4675480769230769 0.19017094017094016 0.46334134615384615 0.19123931623931623
1 0.48197115384615385 0.21047008547008547 0.4795673076923077 0.21634615384615385 0.4795673076923077 0.2206196581196581 0.48106971153846156 0.22382478632478633 0.4909855769230769 0.234508547008547 0.49759615384615385 0.2377136752136752 0.4990985576923077 0.2361111111111111 0.5012019230769231 0.2264957264957265 0.49849759615384615 0.21955128205128205 0.4846754807692308 0.20886752136752137
1 0.5012019230769231 0.2297008547008547 0.49849759615384615 0.23717948717948717 0.5009014423076923 0.24412393162393162 0.5120192307692307 0.2569444444444444 0.5162259615384616 0.25801282051282054 0.5192307692307693 0.24786324786324787 0.5189302884615384 0.24465811965811965 0.5054086538461539 0.2280982905982906
1 0.5171274038461539 0.25427350427350426 0.5168269230769231 0.25801282051282054 0.5189302884615384 0.26175213675213677 0.5324519230769231 0.27403846153846156 0.5363581730769231 0.2745726495726496 0.5384615384615384 0.26976495726495725 0.5378605769230769 0.25854700854700857 0.5258413461538461 0.2467948717948718 0.5198317307692307 0.24626068376068377
1 0.5486778846153846 0.26175213675213677 0.5483774038461539 0.265491452991453 0.5510817307692307 0.2692307692307692 0.5612980769230769 0.26655982905982906 0.5697115384615384 0.25854700854700857 0.5697115384615384 0.24786324786324787 0.5676081730769231 0.24626068376068377 0.5552884615384616 0.25053418803418803 0.5510817307692307 0.2548076923076923
1 0.5913461538461539 0.23076923076923078 0.5865384615384616 0.23717948717948717 0.5868389423076923 0.24465811965811965 0.5883413461538461 0.2483974358974359 0.6006610576923077 0.24465811965811965 0.6042668269230769 0.2377136752136752 0.6024639423076923 0.22863247863247863
1 0.18994651442307695 0.31325213675213676 0.1863698918269231 0.3396907051282051 0.1844873798076923 0.33299732905982904 0.17752193509615385 0.33299732905982904 0.1756394230769231 0.3416987179487179 0.1794044471153846 0.3092355769230769 0.18279296875 0.30354647435897436 0.1863698918269231 0.30354647435897436
1 0.18373437499999998 0.3570940170940171 0.18618149038461537 0.3406949786324786 0.1842989783653846 0.3319935897435897 0.17902794471153843 0.3319935897435897 0.1746983173076923 0.34270299145299143 0.16999188701923076 0.3694764957264957 0.17243900240384613 0.36512606837606837 0.1773338341346154 0.3644567307692308 0.17902794471153843 0.3694764957264957
1 0.18091045673076925 0.4059556623931624 0.18091045673076925 0.3718194444444445 0.17714543269230767 0.3647911324786325 0.17036838942307692 0.3654604700854701 0.16942698317307692 0.40963728632478635 0.17243900240384613 0.4059556623931624 0.1773338341346154 0.4062905982905983 0.17883984375 0.4089679487179487
1 0.18561688701923076 0.4417654914529915 0.17846334134615385 0.40963728632478635 0.1748864182692308 0.4052863247863248 0.17112139423076922 0.40829861111111115 0.17112139423076922 0.41700000000000004 0.1714978966346154 0.4257013888888889 0.17959284855769228 0.45381356837606834 0.18674639423076922 0.4487938034188034 0.1863698918269231 0.44578151709401714
1 0.4112983774038461 0.3472200854700855 0.3988245192307692 0.32443643162393165 0.3993371394230769 0.3147152777777778 0.40480498798076925 0.3119813034188034 0.4179624399038462 0.33476495726495725 0.4179624399038462 0.3387142094017094 0.41403245192307697 0.3417521367521367 0.41300721153846154 0.34630876068376065
1 0.4126652644230769 0.35177670940170935 0.42462680288461535 0.37850908119658117 0.4258227163461538 0.3690918803418804 0.4311198918269231 0.3651431623931624 0.4196712740384615 0.3378028846153846 0.4145450721153846 0.3417521367521367
1 0.4249684495192308 0.3788130341880342 0.43692968750000005 0.4043306623931624 0.4435940504807692 0.400988782051282 0.44308143028846153 0.3894455128205128 0.43077824519230773 0.36483920940170944 0.4261646634615385 0.36818055555555557
1 0.5708966346153846 0.2609465811965812 0.5864462139423077 0.2503141025641026 0.5876424278846154 0.24150480769230767 0.5849083533653846 0.23664423076923077 0.5702130408653846 0.24484615384615382 0.5683332331730769 0.24758012820512823 0.5697004206730769 0.25122542735042735
4 0.3389423076923077 0.1581196581196581 0.3386418269230769 0.1672008547008547 0.34194711538461536 0.1736111111111111 0.3605769230769231 0.16826923076923078 0.3605769230769231 0.15651709401709402 0.35877403846153844 0.15331196581196582 0.34314903846153844 0.15384615384615385
4 0.36147836538461536 0.15384615384615385 0.36147836538461536 0.16826923076923078 0.38100961538461536 0.16933760683760685 0.3831129807692308 0.16773504273504272 0.38221153846153844 0.1543803418803419 0.38040865384615385 0.15224358974358973 0.36568509615384615 0.15117521367521367
4 0.3855168269230769 0.15384615384615385 0.38521634615384615 0.16773504273504272 0.38611778846153844 0.16880341880341881 0.40234375 0.172008547008547 0.4059495192307692 0.17147435897435898 0.4065504807692308 0.16933760683760685 0.4065504807692308 0.15758547008547008 0.4050480769230769 0.15491452991452992 0.3909254807692308 0.15117521367521367
4 0.40835336538461536 0.16025641025641027 0.40805288461538464 0.16666666666666666 0.41015625 0.17094017094017094 0.42518028846153844 0.1778846153846154 0.4293870192307692 0.17574786324786323 0.4299879807692308 0.16452991452991453 0.4269831730769231 0.16025641025641027 0.41256009615384615 0.15331196581196582 0.41015625 0.1543803418803419
4 0.4308894230769231 0.16773504273504272 0.43028846153846156 0.1752136752136752 0.43209134615384615 0.1794871794871795 0.4426081730769231 0.18643162393162394 0.4495192307692308 0.18856837606837606 0.4501201923076923 0.18696581196581197 0.45132211538461536 0.18002136752136752 0.4501201923076923 0.17147435897435898 0.43599759615384615 0.16452991452991453 0.43209134615384615 0.16506410256410256
4 0.4690504807692308 0.18482905982905984 0.46875 0.1891025641025641 0.47115384615384615 0.19337606837606838 0.47716346153846156 0.1987179487179487 0.48828125 0.19925213675213677 0.48978365384615385 0.19658119658119658 0.4891826923076923 0.1858974358974359 0.4855769230769231 0.18215811965811965 0.4735576923076923 0.18055555555555555
4 0.49399038461538464 0.19123931623931623 0.49278846153846156 0.19604700854700854 0.49399038461538464 0.20085470085470086 0.51171875 0.20619658119658119 0.5141225961538461 0.20352564102564102 0.5162259615384616 0.19284188034188035 0.5123197115384616 0.18803418803418803 0.5024038461538461 0.18482905982905984 0.4969951923076923 0.18536324786324787
4 0.5147235576923077 0.202991452991453 0.5144230769230769 0.20673076923076922 0.5165264423076923 0.2094017094017094 0.5357572115384616 0.21314102564102563 0.5360576923076923 0.1997863247863248 0.5342548076923077 0.19818376068376067 0.5183293269230769 0.19284188034188035 0.5168269230769231 0.19444444444444445
4 0.5366586538461539 0.20512820512820512 0.5360576923076923 0.21314102564102563 0.5393629807692307 0.2152777777777778 0.5498798076923077 0.21848290598290598 0.5543870192307693 0.21848290598290598 0.5564903846153846 0.2152777777777778 0.5567908653846154 0.20619658119658119 0.5540865384615384 0.20192307692307693 0.5393629807692307 0.1997863247863248 0.5372596153846154 0.2013888888888889
4 0.5576923076923077 0.20619658119658119 0.5570913461538461 0.2168803418803419 0.5597956730769231 0.22008547008547008 0.5736177884615384 0.22435897435897437 0.5766225961538461 0.22382478632478633 0.578125 0.2206196581196581 0.578125 0.2094017094017094 0.5606971153846154 0.202991452991453
4 0.5790264423076923 0.21581196581196582 0.5790264423076923 0.22382478632478633 0.5850360576923077 0.22756410256410256 0.5919471153846154 0.22863247863247863 0.5988581730769231 0.2264957264957265 0.6000600961538461 0.22435897435897437 0.5991586538461539 0.21634615384615385 0.5949519230769231 0.21153846153846154 0.58203125 0.20993589743589744
4 0.6147836538461539 0.23023504273504272 0.6144831730769231 0.23397435897435898 0.6165865384615384 0.2377136752136752 0.6331129807692307 0.24305555555555555 0.6364182692307693 0.24091880341880342 0.6373197115384616 0.23130341880341881 0.6349158653846154 0.2264957264957265 0.6219951923076923 0.2206196581196581 0.6183894230769231 0.22168803418803418
4 0.6382211538461539 0.23130341880341881 0.6370192307692307 0.23985042735042736 0.6388221153846154 0.24465811965811965 0.6550480769230769 0.24732905982905984 0.6571514423076923 0.24572649572649571 0.6589543269230769 0.24091880341880342 0.6586538461538461 0.2377136752136752 0.6547475961538461 0.23237179487179488 0.6448317307692307 0.2297008547008547
4 0.6838942307692307 0.1891025641025641 0.6820913461538461 0.19230769230769232 0.6820913461538461 0.19604700854700854 0.6856971153846154 0.20405982905982906 0.6944110576923077 0.19925213675213677 0.6980168269230769 0.19337606837606838 0.6986177884615384 0.18696581196581197 0.6974158653846154 0.18376068376068377 0.6947115384615384 0.18269230769230768
4 0.7037259615384616 0.19337606837606838 0.7034254807692307 0.1997863247863248 0.7046274038461539 0.20192307692307693 0.7163461538461539 0.21047008547008547 0.7217548076923077 0.21207264957264957 0.7241586538461539 0.20726495726495728 0.7247596153846154 0.202991452991453 0.7238581730769231 0.1997863247863248 0.7184495192307693 0.19230769230769232 0.7067307692307693 0.1875
4 0.7235576923076923 0.21153846153846154 0.7241586538461539 0.2168803418803419 0.7373798076923077 0.22702991452991453 0.7424879807692307 0.2264957264957265 0.7445913461538461 0.22168803418803418 0.7445913461538461 0.2168803418803419 0.7430889423076923 0.21314102564102563 0.7310697115384616 0.20405982905982906 0.7265625 0.20405982905982906
4 0.7358774038461539 0.2857905982905983 0.7358774038461539 0.29273504273504275 0.7448918269230769 0.30822649572649574 0.7484975961538461 0.3092948717948718 0.7545072115384616 0.30448717948717946 0.75390625 0.3002136752136752 0.7427884615384616 0.2799145299145299 0.7376802884615384 0.2793803418803419
4 0.7475961538461539 0.30662393162393164 0.7481971153846154 0.3173076923076923 0.7545072115384616 0.3349358974358974 0.7581129807692307 0.33974358974358976 0.7638221153846154 0.33814102564102566 0.7647235576923077 0.3344017094017094 0.7635216346153846 0.3263888888888889 0.7569110576923077 0.30822649572649574 0.7515024038461539 0.30288461538461536
4 0.7548076923076923 0.3557692307692308 0.7545072115384616 0.36004273504273504 0.7578125 0.3643162393162393 0.7587139423076923 0.3680555555555556 0.7671274038461539 0.3466880341880342 0.7668269230769231 0.3418803418803419 0.7644230769230769 0.3402777777777778 0.7584134615384616 0.34134615384615385
4 0.7445913461538461 0.38514957264957267 0.7442908653846154 0.390491452991453 0.7463942307692307 0.3942307692307692 0.7518028846153846 0.3952991452991453 0.7536057692307693 0.38301282051282054 0.7563100961538461 0.37713675213675213 0.7584134615384616 0.36645299145299143 0.7566105769230769 0.3605769230769231 0.7548076923076923 0.36004273504273504 0.7512019230769231 0.36378205128205127 0.7481971153846154 0.3701923076923077
4 0.69921875 0.5560897435897436 0.69921875 0.5817307692307693 0.7064302884615384 0.5849358974358975 0.7097355769230769 0.5779914529914529 0.7088341346153846 0.5646367521367521 0.7097355769230769 0.5470085470085471 0.703125 0.5384615384615384
4 0.7166466346153846 0.4775641025641026 0.7164540264423077 0.4853755341880342 0.7205528846153846 0.48985042735042733 0.7277644230769231 0.47489316239316237 0.7295673076923077 0.4594017094017094 0.7271634615384616 0.45566239316239315 0.7235576923076923 0.4551282051282051 0.7214543269230769 0.45886752136752135
4 0.621864483173077 0.31409561965811966 0.6271439302884616 0.302028311965812 0.6329894831730769 0.29700000000000004 0.6329894831730769 0.29063087606837607 0.629783954326923 0.28459668803418803 0.6180931490384616 0.3010224358974359 0.6160192307692308 0.3094027777777778
4 0.6344978966346153 0.29465331196581196 0.6475084134615384 0.2822505341880342 0.646 0.2742051282051282 0.6431715745192308 0.2695122863247863 0.6290297475961538 0.2822505341880342 0.6312923677884614 0.28727884615384613
4 0.6476968149038461 0.2812446581196581 0.6625928485576923 0.27655181623931624 0.6631586538461539 0.26884188034188033 0.6616502403846154 0.2624727564102564 0.6448683894230769 0.26481944444444444 0.6427944711538461 0.2678360042735043 0.643737079326923 0.27219391025641027 0.646 0.27655181623931624
4 0.6648557692307692 0.27152350427350425 0.6754149639423077 0.25777991452991456 0.6763578725961538 0.24906410256410255 0.6739065504807692 0.2440357905982906 0.6620273437499999 0.2601260683760684 0.6624044471153846 0.2664951923076923 0.6631586538461539 0.27252938034188035
4 0.6693810096153846 0.23900801282051282 0.6773004807692308 0.21721901709401711 0.6763578725961538 0.21185523504273504 0.670889423076923 0.21185523504273504 0.6676841947115384 0.21923023504273503 0.6644786658653847 0.2286159188034188 0.6631586538461539 0.23867254273504274 0.6667412860576923 0.24168963675213676
4 0.6776775841346154 0.21587820512820513 0.6837115384615384 0.2064919871794872 0.6842770432692308 0.1977767094017094 0.6806947115384615 0.19475961538461536 0.6697581129807693 0.2091736111111111 0.6678725961538461 0.21654861111111112 0.6686268028846154 0.21855982905982907 0.6714552283653846 0.21252564102564103 0.676169170673077 0.21152029914529916
4 0.7389591346153845 0.2510753205128205 0.7421643629807692 0.23632585470085468 0.74555859375 0.22593429487179487 0.7519696514423077 0.22761057692307693 0.7502725360576924 0.2359909188034188 0.7476328124999999 0.2500699786324786 0.7448043870192307 0.24906410256410255 0.7417872596153846 0.24973450854700854
4 0.7357536057692309 0.2731997863247863 0.7432959735576923 0.27655181623931624 0.7478212139423076 0.25174572649572646 0.7463128004807692 0.24872916666666667 0.7421643629807692 0.2477232905982906 0.7400904447115385 0.24973450854700854 0.7391475360576922 0.2550982905982906 0.7376391225961538 0.2591207264957265
4 0.7114059495192309 0.5460619658119658 0.714126201923077 0.5144439102564102 0.7076397235576923 0.509980235042735 0.7038734975961538 0.5159321581196581 0.7032457932692308 0.5300673076923077 0.7017809495192308 0.5423424145299145 0.7045012019230769 0.5427142094017094 0.709313701923077 0.544946047008547
4 0.7149630408653846 0.5140721153846154 0.7227049278846154 0.4902654914529915 0.7199846754807692 0.4854300213675214 0.7168461538461539 0.48431410256410257 0.7124522235576923 0.48914957264957265 0.7084765625 0.5021688034188034 0.7051289062499999 0.5125844017094017 0.7095228365384615 0.5129561965811966
4 0.7241694711538462 0.44786004273504276 0.7367235576923077 0.4277735042735043 0.738606670673077 0.41773023504273504 0.7350498798076923 0.4132665598290598 0.7277265624999999 0.41959027777777774 0.7201938100961538 0.43670085470085473 0.7201938100961538 0.4448846153846154
4 0.7409083533653846 0.4262857905982906 0.7515796274038462 0.4095464743589744 0.7540904447115384 0.40173504273504274 0.7482316706730768 0.39689957264957265 0.7421637620192307 0.40247916666666667 0.7356775841346154 0.4095464743589744 0.7348404447115384 0.4169861111111111 0.736514423076923 0.42107799145299146 0.7369329927884615 0.4281452991452992
4 0.5513515625 0.46812660256410255 0.5513515625 0.4409951923076923 0.5547430889423077 0.4341047008547009 0.5620102163461538 0.4336736111111111 0.5607989783653846 0.46812660256410255 0.5581343149038461 0.4745865384615385 0.5532893629807693 0.47286378205128204
4 0.5503825120192307 0.4302286324786325 0.5525628004807692 0.4065422008547009 0.5557118389423077 0.397928952991453 0.5595877403846153 0.39879059829059826 0.5617680288461538 0.40180502136752133 0.5595877403846153 0.4297980769230769 0.5578921274038462 0.43496581196581197 0.552078125 0.43152083333333335
3 0.36658653846153844 0.24519230769230768 0.36388221153846156 0.2516025641025641 0.36388221153846156 0.2548076923076923 0.3746995192307692 0.2724358974358974 0.3792067307692308 0.2767094017094017 0.38341346153846156 0.27564102564102566 0.38491586538461536 0.27297008547008544 0.38521634615384615 0.265491452991453 0.3840144230769231 0.26175213675213677 0.37650240384615385 0.24786324786324787 0.36959134615384615 0.24091880341880342
3 0.35336538461538464 0.3766025641025641 0.35366586538461536 0.38087606837606836 0.359375 0.38301282051282054 0.3740985576923077 0.38621794871794873 0.37650240384615385 0.38247863247863245 0.37650240384615385 0.37606837606837606 0.37319711538461536 0.3712606837606838 0.3584735576923077 0.36912393162393164 0.3557692307692308 0.3712606837606838
3 0.37740384615384615 0.38301282051282054 0.37710336538461536 0.38675213675213677 0.37890625 0.38835470085470086 0.40024038461538464 0.39316239316239315 0.4020432692307692 0.3920940170940171 0.4032451923076923 0.3856837606837607 0.4026442307692308 0.3803418803418803 0.40084134615384615 0.3782051282051282 0.3855168269230769 0.3766025641025641 0.37950721153846156 0.3766025641025641
3 0.40444711538461536 0.38675213675213677 0.40444711538461536 0.39476495726495725 0.42908653846153844 0.39797008547008544 0.4287860576923077 0.391025641025641 0.4254807692307692 0.38675213675213677 0.40835336538461536 0.38301282051282054 0.4059495192307692 0.38354700854700857
3 0.4567307692307692 0.4182692307692308 0.45552884615384615 0.421474358974359 0.4567307692307692 0.4252136752136752 0.47025240384615385 0.4375 0.48227163461538464 0.43536324786324787 0.48287259615384615 0.42628205128205127 0.48046875 0.41933760683760685 0.4600360576923077 0.4150641025641026
3 0.48497596153846156 0.42094017094017094 0.48497596153846156 0.4305555555555556 0.4873798076923077 0.43536324786324787 0.5063100961538461 0.4326923076923077 0.5102163461538461 0.42895299145299143 0.5102163461538461 0.41452991452991456 0.5072115384615384 0.41239316239316237 0.4909855769230769 0.41399572649572647 0.48617788461538464 0.4166666666666667
3 0.5108173076923077 0.41399572649572647 0.5108173076923077 0.4284188034188034 0.5120192307692307 0.42948717948717946 0.5300480769230769 0.42574786324786323 0.5342548076923077 0.422008547008547 0.5342548076923077 0.41025641025641024 0.5330528846153846 0.4081196581196581 0.5171274038461539 0.4091880341880342
3 0.5348557692307693 0.41239316239316237 0.5348557692307693 0.42254273504273504 0.5420673076923077 0.422008547008547 0.5504807692307693 0.4129273504273504 0.5564903846153846 0.3974358974358974 0.5492788461538461 0.39155982905982906 0.5360576923076923 0.406517094017094
3 0.5345552884615384 0.36164529914529914 0.5342548076923077 0.36645299145299143 0.5399639423076923 0.38087606837606836 0.5465745192307693 0.38354700854700857 0.5501802884615384 0.38835470085470086 0.5525841346153846 0.38675213675213677 0.5531850961538461 0.38301282051282054 0.55078125 0.37286324786324787 0.5438701923076923 0.3579059829059829 0.5390625 0.3547008547008547 0.5357572115384616 0.3579059829059829
3 0.44471153846153844 0.5117521367521367 0.4444110576923077 0.5464743589743589 0.44591346153846156 0.5539529914529915 0.4495192307692308 0.5582264957264957 0.4558293269230769 0.5502136752136753 0.4534254807692308 0.5122863247863247 0.45252403846153844 0.5085470085470085 0.44981971153846156 0.5064102564102564 0.4462139423076923 0.5064102564102564
3 0.4483173076923077 0.5614316239316239 0.44981971153846156 0.5950854700854701 0.45252403846153844 0.5982905982905983 0.45703125 0.5982905982905983 0.4606370192307692 0.5924145299145299 0.45913461538461536 0.5571581196581197 0.45643028846153844 0.5507478632478633 0.453125 0.5528846153846154
3 0.41947115384615385 0.5913461538461539 0.4188701923076923 0.6004273504273504 0.41977163461538464 0.6025641025641025 0.42758413461538464 0.6036324786324786 0.4338942307692308 0.6020299145299145 0.4417067307692308 0.6111111111111112 0.4462139423076923 0.6105769230769231 0.44861778846153844 0.5993589743589743 0.44771634615384615 0.5913461538461539 0.44471153846153844 0.5881410256410257 0.42578125 0.5822649572649573 0.4215745192307692 0.5844017094017094
3 0.38852163461538464 0.5827991452991453 0.3876201923076923 0.5918803418803419 0.3894230769230769 0.5956196581196581 0.4104567307692308 0.6020299145299145 0.41736778846153844 0.6009615384615384 0.4182692307692308 0.5876068376068376 0.4170673076923077 0.5817307692307693 0.41556490384615385 0.5801282051282052 0.39302884615384615 0.5753205128205128 0.3897235576923077 0.5774572649572649
3 0.3590745192307692 0.5710470085470085 0.35877403846153844 0.5833333333333334 0.36268028846153844 0.5886752136752137 0.38131009615384615 0.5956196581196581 0.3858173076923077 0.5950854700854701 0.3870192307692308 0.5924145299145299 0.3879206730769231 0.5779914529914529 0.3840144230769231 0.5737179487179487 0.3635817307692308 0.5657051282051282
3 0.5766225961538461 0.31143162393162394 0.5760216346153846 0.3162393162393162 0.5784254807692307 0.32425213675213677 0.5943509615384616 0.3269230769230769 0.5982572115384616 0.32425213675213677 0.5991586538461539 0.3108974358974359 0.5967548076923077 0.3087606837606838 0.5811298076923077 0.3076923076923077
3 0.5988581730769231 0.31517094017094016 0.5985576923076923 0.3247863247863248 0.6027644230769231 0.327991452991453 0.6171875 0.33066239316239315 0.6195913461538461 0.328525641025641 0.6207932692307693 0.3215811965811966 0.6204927884615384 0.3173076923076923 0.6183894230769231 0.31356837606837606 0.6135817307692307 0.3108974358974359 0.6012620192307693 0.31036324786324787
3 0.625 0.3071581196581197 0.6246995192307693 0.31356837606837606 0.6301081730769231 0.31677350427350426 0.6352163461538461 0.31143162393162394 0.6472355769230769 0.30662393162393164 0.6475360576923077 0.296474358974359 0.6334134615384616 0.29754273504273504 0.6265024038461539 0.3034188034188034
3 0.6676682692307693 0.2954059829059829 0.6673677884615384 0.30074786324786323 0.6715745192307693 0.3034188034188034 0.6899038461538461 0.2980769230769231 0.6893028846153846 0.2938034188034188 0.6859975961538461 0.2900641025641026 0.6730769230769231 0.2905982905982906 0.6694711538461539 0.2922008547008547
4 0.3126769831730769 0.16911698717948717 0.3123765024038461 0.17819818376068375 0.3135784254807692 0.18140331196581197 0.32109044471153847 0.18140331196581197 0.33491256009615383 0.17445886752136752 0.33671544471153847 0.17071955128205127 0.3358140024038461 0.16056997863247863 0.33341015625 0.15736485042735043 0.31538131009615383 0.1632409188034188
3 0.31286117788461537 0.1982371794871795 0.3273479567307692 0.21075961538461538 0.3296072716346154 0.20461645299145298 0.3337274639423077 0.20107211538461536 0.33359435096153844 0.19681944444444446 0.3161838942307692 0.18122489316239315 0.31259525240384617 0.1828787393162393 0.3123296274038462 0.1894946581196581 0.3119308894230769 0.19918215811965814
3 0.32880979567307694 0.21241346153846152 0.34595462740384614 0.23509615384615387 0.3480811298076923 0.223991452991453 0.3520685096153846 0.2206832264957265 0.3487457932692308 0.2147761752136752 0.3353224158653846 0.1987094017094017 0.3309362980769231 0.20107211538461536 0.32907572115384615 0.21028685897435898
3 0.3474167668269231 0.23415117521367523 0.3487457932692308 0.22540865384615383 0.35286598557692306 0.22115598290598293 0.36815024038461536 0.23793162393162395 0.3686817908653846 0.24171207264957265 0.3648275240384615 0.2523445512820513 0.3630997596153846 0.2556522435897436
3 0.4501526442307692 0.49551976495726496 0.4501526442307692 0.48517574786324785 0.44925751201923075 0.4555363247863248 0.44668389423076926 0.4523530982905983 0.44321514423076924 0.4527510683760684 0.44019411057692304 0.45513835470085473 0.4403058894230769 0.4630950854700855 0.4418725961538461 0.49551976495726496
3 0.4395228365384615 0.4553370726495726 0.43549459134615387 0.4312676282051282 0.4373966346153846 0.4193317307692308 0.4414248798076923 0.41614903846153845 0.44455799278846153 0.41793963675213675 0.44825060096153846 0.4499663461538462 0.4475790264423077 0.4527510683760684 0.4403058894230769 0.45513835470085473
3 0.5460838341346154 0.35611004273504276 0.5616219951923077 0.3424647435897436 0.5623707932692308 0.33664049145299146 0.5599371995192308 0.32782104700854703 0.5575970552884615 0.3271554487179487 0.5433692908653847 0.33963568376068376 0.5414035456730769 0.3486217948717949 0.5414972956730769 0.35228258547008545
3 0.5640555889423077 0.3386372863247863 0.5758497596153846 0.3266559829059829 0.5769729567307692 0.31766987179487177 0.5750072115384616 0.3138429487179487 0.5733224158653847 0.3126778846153846 0.558907451923077 0.3239935897435897 0.5584396033653847 0.32698878205128207 0.5612475961538462 0.3306495726495727 0.5620901442307692 0.3358082264957265 0.5629323918269231 0.33913675213675215
3 0.6499861778846154 0.3068087606837607 0.6524381009615384 0.3033514957264957 0.6553975360576924 0.30320085470085467 0.6663900240384616 0.3018477564102564 0.6666436298076923 0.29748878205128204 0.6650369591346154 0.29207692307692307 0.6465192307692308 0.2962863247863248 0.6477875600961538 0.29944284188034187 0.6488022836538462 0.30515491452991456 0.6490558894230769 0.30740972222222224
3 0.7026697716346154 0.3008952991452991 0.7046643629807693 0.29251495726495724 0.7159960937500001 0.28010523504273505 0.7202569110576923 0.2822003205128205 0.7210730168269232 0.28913034188034187 0.7199849759615385 0.29138675213675214 0.7118260216346154 0.29912232905982905 0.707565204326923 0.30476335470085475 0.7064774639423077 0.3075032051282051
3 0.7209822716346154 0.2876800213675214 0.7301385216346153 0.2743028846153846 0.7305916466346154 0.26898450854700856 0.7295039062500001 0.265116452991453 0.7258777043269231 0.26559989316239313 0.7238831129807692 0.26995138888888887 0.716540264423077 0.2794604700854701 0.7189879807692308 0.28155555555555556 0.7211634615384616 0.28494017094017093