2 0.2644230769230769 0.22863247863247863 0.2644230769230769 0.23931623931623933 0.26802884615384615 0.2403846153846154 0.2785456730769231 0.2377136752136752 0.2863581730769231 0.22702991452991453 0.28305288461538464 0.22008547008547008 0.2785456730769231 0.22008547008547008 0.26712740384615385 0.2232905982905983
2 0.23948317307692307 0.234508547008547 0.2403846153846154 0.2483974358974359 0.24519230769230768 0.2483974358974359 0.2614182692307692 0.2419871794871795 0.26412259615384615 0.2377136752136752 0.2608173076923077 0.22702991452991453 0.2590144230769231 0.2248931623931624 0.2439903846153846 0.22916666666666666
2 0.21514423076923078 0.2419871794871795 0.21514423076923078 0.25106837606837606 0.21724759615384615 0.2569444444444444 0.23407451923076922 0.25267094017094016 0.23858173076923078 0.24786324786324787 0.23677884615384615 0.2377136752136752 0.23317307692307693 0.23504273504273504 0.21995192307692307 0.2377136752136752
2 0.19501201923076922 0.2783119658119658 0.19471153846153846 0.2863247863247863 0.19591346153846154 0.29113247863247865 0.19951923076923078 0.2922008547008547 0.20432692307692307 0.28952991452991456 0.20703125 0.26976495726495725 0.20673076923076922 0.2638888888888889 0.20462740384615385 0.25854700854700857 0.19861778846153846 0.25854700854700857
2 0.17487980769230768 0.3173076923076923 0.17487980769230768 0.3247863247863248 0.17608173076923078 0.327991452991453 0.17848557692307693 0.33066239316239315 0.18058894230769232 0.3295940170940171 0.18389423076923078 0.3141025641025641 0.19110576923076922 0.3002136752136752 0.19020432692307693 0.297008547008547 0.18599759615384615 0.29433760683760685 0.18449519230769232 0.2954059829059829 0.18088942307692307 0.30074786324786323
2 0.15114182692307693 0.3696581196581197 0.15084134615384615 0.37393162393162394 0.1544471153846154 0.38087606837606836 0.15775240384615385 0.37606837606837606 0.16736778846153846 0.3525641025641026 0.16736778846153846 0.3466880341880342 0.16556490384615385 0.34455128205128205 0.16015625 0.34615384615384615
2 0.14122596153846154 0.3974358974358974 0.14152644230769232 0.4049145299145299 0.14753605769230768 0.40544871794871795 0.15264423076923078 0.3942307692307692 0.15504807692307693 0.38354700854700857 0.15504807692307693 0.37713675213675213 0.15114182692307693 0.3717948717948718 0.14753605769230768 0.37553418803418803
2 0.12650240384615385 0.48023504273504275 0.1268028846153846 0.5074786324786325 0.12950721153846154 0.5101495726495726 0.13671875 0.5085470085470085 0.13701923076923078 0.500534188034188 0.13431490384615385 0.4807692307692308 0.1346153846153846 0.46955128205128205 0.13311298076923078 0.46794871794871795 0.12800480769230768 0.4700854700854701
2 0.12800480769230768 0.5256410256410257 0.12860576923076922 0.5438034188034188 0.1307091346153846 0.5571581196581197 0.1328125 0.5625 0.13762019230769232 0.5646367521367521 0.14122596153846154 0.5603632478632479 0.14152644230769232 0.5566239316239316 0.13731971153846154 0.530448717948718 0.13040865384615385 0.5235042735042735
2 0.18118990384615385 0.6180555555555556 0.18058894230769232 0.6303418803418803 0.18479567307692307 0.6378205128205128 0.19831730769230768 0.6506410256410257 0.2010216346153846 0.6511752136752137 0.20342548076923078 0.6490384615384616 0.2049278846153846 0.6367521367521367 0.20252403846153846 0.6324786324786325 0.18599759615384615 0.6153846153846154 0.18209134615384615 0.6159188034188035
2 0.20462740384615385 0.6469017094017094 0.20432692307692307 0.6506410256410257 0.20703125 0.655982905982906 0.22415865384615385 0.6639957264957265 0.22806490384615385 0.6613247863247863 0.23076923076923078 0.6442307692307693 0.22776442307692307 0.6404914529914529 0.2091346153846154 0.6356837606837606 0.20612980769230768 0.6383547008547008
2 0.23046875 0.6442307692307693 0.22926682692307693 0.6591880341880342 0.23076923076923078 0.6645299145299145 0.25150240384615385 0.6720085470085471 0.2548076923076923 0.6714743589743589 0.2551081730769231 0.6543803418803419 0.25330528846153844 0.6511752136752137 0.23497596153846154 0.6442307692307693
2 0.2548076923076923 0.655982905982906 0.25450721153846156 0.6682692307692307 0.2581129807692308 0.6736111111111112 0.28064903846153844 0.6746794871794872 0.2839543269230769 0.6714743589743589 0.28335336538461536 0.6591880341880342 0.2809495192307692 0.6538461538461539 0.2581129807692308 0.6522435897435898
2 0.28335336538461536 0.6538461538461539 0.28455528846153844 0.6714743589743589 0.28575721153846156 0.6725427350427351 0.31069711538461536 0.6634615384615384 0.3134014423076923 0.6613247863247863 0.31460336538461536 0.6575854700854701 0.31310096153846156 0.6474358974358975 0.3082932692307692 0.6426282051282052 0.28665865384615385 0.6501068376068376
2 0.3137019230769231 0.6367521367521367 0.3128004807692308 0.6436965811965812 0.3152043269230769 0.6543803418803419 0.31700721153846156 0.656517094017094 0.32662259615384615 0.6543803418803419 0.34044471153846156 0.6474358974358975 0.34375 0.6436965811965812 0.3428485576923077 0.6324786324786325 0.3389423076923077 0.625534188034188 0.32752403846153844 0.6287393162393162
2 0.38341346153846156 0.6196581196581197 0.3825120192307692 0.6233974358974359 0.3837139423076923 0.6335470085470085 0.3864182692307692 0.6372863247863247 0.40775240384615385 0.6271367521367521 0.4113581730769231 0.6228632478632479 0.4098557692307692 0.6095085470085471 0.4053485576923077 0.6063034188034188 0.38731971153846156 0.6153846153846154
2 0.41225961538461536 0.6052350427350427 0.41225961538461536 0.6137820512820513 0.4137620192307692 0.6191239316239316 0.41616586538461536 0.6212606837606838 0.4384014423076923 0.6127136752136753 0.44140625 0.6089743589743589 0.4411057692307692 0.5977564102564102 0.4378004807692308 0.5918803418803419 0.43118990384615385 0.5918803418803419 0.41796875 0.5961538461538461 0.4149639423076923 0.5982905982905983
2 0.44350961538461536 0.5892094017094017 0.4423076923076923 0.5918803418803419 0.4426081730769231 0.5988247863247863 0.44320913461538464 0.6063034188034188 0.4450120192307692 0.6089743589743589 0.4675480769230769 0.6004273504273504 0.4699519230769231 0.5988247863247863 0.47085336538461536 0.5950854700854701 0.46694711538461536 0.5806623931623932 0.45162259615384615 0.5844017094017094
2 0.4738581730769231 0.5801282051282052 0.4735576923076923 0.5886752136752137 0.4762620192307692 0.5956196581196581 0.47806490384615385 0.5961538461538461 0.4996995192307692 0.5870726495726496 0.5012019230769231 0.5844017094017094 0.5012019230769231 0.5747863247863247 0.5 0.5678418803418803 0.49609375 0.5657051282051282 0.4765625 0.5710470085470085
2 0.5003004807692307 0.4642094017094017 0.5003004807692307 0.4754273504273504 0.5018028846153846 0.4807692307692308 0.5222355769230769 0.47702991452991456 0.5264423076923077 0.4738247863247863 0.5255408653846154 0.4599358974358974 0.5225360576923077 0.45726495726495725 0.5054086538461539 0.4599358974358974
2 0.5270432692307693 0.46260683760683763 0.5267427884615384 0.4738247863247863 0.5288461538461539 0.4775641025641026 0.5504807692307693 0.4706196581196581 0.5534855769230769 0.4652777777777778 0.5531850961538461 0.4599358974358974 0.5504807692307693 0.4513888888888889 0.5405649038461539 0.452991452991453 0.5300480769230769 0.4577991452991453
2 0.5661057692307693 0.4668803418803419 0.5646033653846154 0.47702991452991456 0.5652043269230769 0.48344017094017094 0.5745192307692307 0.5016025641025641 0.5778245192307693 0.5053418803418803 0.5811298076923077 0.5042735042735043 0.5850360576923077 0.49786324786324787 0.58203125 0.48504273504273504 0.5715144230769231 0.4636752136752137 0.5679086538461539 0.4642094017094017
2 0.5802283653846154 0.5074786324786325 0.5808293269230769 0.5160256410256411 0.5892427884615384 0.5395299145299145 0.5916466346153846 0.5422008547008547 0.5970552884615384 0.5400641025641025 0.5988581730769231 0.5336538461538461 0.5985576923076923 0.5277777777777778 0.5919471153846154 0.5096153846153846 0.5850360576923077 0.49786324786324787
2 0.5982572115384616 0.5373931623931624 0.5970552884615384 0.5432692307692307 0.5982572115384616 0.5502136752136753 0.6090745192307693 0.5715811965811965 0.6129807692307693 0.5753205128205128 0.6201923076923077 0.5683760683760684 0.6204927884615384 0.5614316239316239 0.6162860576923077 0.5507478632478633 0.6057692307692307 0.5331196581196581 0.6021634615384616 0.530982905982906
2 0.6391225961538461 0.5726495726495726 0.6388221153846154 0.5769230769230769 0.6412259615384616 0.5844017094017094 0.6448317307692307 0.5854700854700855 0.6475360576923077 0.5838675213675214 0.6634615384615384 0.5657051282051282 0.6658653846153846 0.5603632478632479 0.6655649038461539 0.5534188034188035 0.6637620192307693 0.5486111111111112 0.6613581730769231 0.5464743589743589 0.6559495192307693 0.5491452991452992 0.6427283653846154 0.5635683760683761
2 0.6664663461538461 0.5475427350427351 0.6667668269230769 0.5555555555555556 0.6682692307692307 0.5598290598290598 0.6751802884615384 0.5587606837606838 0.6938100961538461 0.5454059829059829 0.6953125 0.5432692307692307 0.6947115384615384 0.532051282051282 0.6929086538461539 0.5283119658119658 0.6878004807692307 0.5277777777777778 0.6691706730769231 0.5395299145299145
2 0.6959134615384616 0.5277777777777778 0.6956129807692307 0.5395299145299145 0.6980168269230769 0.5432692307692307 0.7208533653846154 0.5405982905982906 0.7244591346153846 0.5395299145299145 0.7253605769230769 0.5368589743589743 0.7253605769230769 0.5229700854700855 0.7223557692307693 0.5197649572649573 0.6995192307692307 0.5213675213675214 0.6977163461538461 0.5224358974358975
2 0.7277644230769231 0.5293803418803419 0.7271634615384616 0.5368589743589743 0.7286658653846154 0.5400641025641025 0.7545072115384616 0.5518162393162394 0.7563100961538461 0.5507478632478633 0.7590144230769231 0.5363247863247863 0.7563100961538461 0.530448717948718 0.7349759615384616 0.5208333333333334 0.73046875 0.5219017094017094
2 0.7602163461538461 0.5427350427350427 0.7590144230769231 0.5534188034188035 0.7611177884615384 0.5571581196581197 0.7824519230769231 0.5731837606837606 0.7845552884615384 0.5726495726495726 0.7872596153846154 0.5673076923076923 0.7887620192307693 0.5603632478632479 0.7875600961538461 0.5507478632478633 0.7824519230769231 0.5491452991452992 0.7662259615384616 0.5368589743589743 0.76171875 0.5384615384615384
2 0.7884615384615384 0.5641025641025641 0.7857572115384616 0.5710470085470085 0.7857572115384616 0.5742521367521367 0.7896634615384616 0.5806623931623932 0.8103966346153846 0.6014957264957265 0.8140024038461539 0.5998931623931624 0.81640625 0.5950854700854701 0.8176081730769231 0.5849358974358975 0.8158052884615384 0.5790598290598291 0.8140024038461539 0.5758547008547008 0.8112980769230769 0.5753205128205128 0.8076923076923077 0.5673076923076923 0.8034855769230769 0.5635683760683761 0.8010817307692307 0.5651709401709402 0.7935697115384616 0.5608974358974359
2 0.8034855769230769 0.5363247863247863 0.8025841346153846 0.5432692307692307 0.8200120192307693 0.5726495726495726 0.8254206730769231 0.5737179487179487 0.8290264423076923 0.5710470085470085 0.8308293269230769 0.5646367521367521 0.8293269230769231 0.5539529914529915 0.8118990384615384 0.5293803418803419 0.8076923076923077 0.5283119658119658
2 0.7836538461538461 0.5032051282051282 0.7833533653846154 0.5090811965811965 0.7854567307692307 0.5170940170940171 0.796875 0.5379273504273504 0.7998798076923077 0.5411324786324786 0.8028846153846154 0.5411324786324786 0.8070913461538461 0.5261752136752137 0.8037860576923077 0.5181623931623932 0.79296875 0.49946581196581197 0.7896634615384616 0.4983974358974359
2 0.7713341346153846 0.46100427350427353 0.7701322115384616 0.46314102564102566 0.7704326923076923 0.4674145299145299 0.7791466346153846 0.49572649572649574 0.7827524038461539 0.5010683760683761 0.7893629807692307 0.4962606837606838 0.7902644230769231 0.4946581196581197 0.7899639423076923 0.4861111111111111 0.7815504807692307 0.4599358974358974 0.7758413461538461 0.45405982905982906
2 0.7602163461538461 0.42628205128205127 0.7605168269230769 0.4358974358974359 0.7647235576923077 0.4561965811965812 0.7689302884615384 0.4636752136752137 0.7719350961538461 0.46260683760683763 0.7752403846153846 0.4561965811965812 0.7755408653846154 0.45245726495726496 0.7728365384615384 0.43482905982905984 0.7707331730769231 0.4284188034188034 0.7704326923076923 0.421474358974359 0.7689302884615384 0.4182692307692308 0.7653245192307693 0.4172008547008547
2 0.7563100961538461 0.39797008547008544 0.7551081730769231 0.4049145299145299 0.7569110576923077 0.4097222222222222 0.7620192307692307 0.41239316239316237 0.765625 0.4081196581196581 0.7716346153846154 0.3782051282051282 0.7716346153846154 0.37232905982905984 0.7701322115384616 0.36912393162393164 0.7638221153846154 0.3712606837606838
2 0.7349759615384616 0.3557692307692308 0.7346754807692307 0.36912393162393164 0.7358774038461539 0.37286324786324787 0.7572115384615384 0.37927350427350426 0.7608173076923077 0.37606837606837606 0.7614182692307693 0.3627136752136752 0.7587139423076923 0.358974358974359 0.7418870192307693 0.3525641025641026 0.7370793269230769 0.3530982905982906
2 0.1406298076923077 0.4377895299145299 0.14783623798076923 0.40960363247863246 0.14721844951923077 0.4026490384615385 0.14124759615384616 0.40191720085470084 0.13815895432692307 0.4074075854700855 0.13280558894230768 0.4322986111111111 0.13342337740384616 0.43449465811965815 0.13651171874999998 0.43595886752136753
2 0.13589393028846153 0.47146527777777775 0.14021784855769232 0.4414497863247863 0.13877674278846153 0.4322986111111111 0.13259975961538462 0.4322986111111111 0.12477554086538462 0.463778311965812 0.1260108173076923 0.4751260683760684 0.12848167067307692 0.47000106837606836 0.13342337740384616 0.4681709401709402
2 0.1340408653846154 0.5757879273504274 0.14536538461538462 0.6021431623931623 0.14721844951923077 0.5948226495726496 0.15174849759615386 0.5926260683760683 0.15257181490384616 0.5915277777777778 0.13980618990384613 0.562610576923077 0.1369236778846154 0.562610576923077 0.1338350360576923 0.564806623931624 0.13259975961538462 0.569931623931624
2 0.1455712139423077 0.6021431623931623 0.15957241586538462 0.627034188034188 0.16698497596153847 0.6193472222222222 0.1636905048076923 0.608 0.15195432692307692 0.588965811965812 0.1455712139423077 0.5926260683760683
2 0.49346304086538456 0.5330320512820513 0.49907271634615386 0.5650138888888888 0.5068100961538462 0.5619188034188034 0.5064233774038461 0.5509145299145298 0.4996529447115385 0.5182446581196581 0.4955907451923077 0.517213141025641 0.49326953125000006 0.5196201923076923 0.49191556490384614 0.525122329059829
2 0.4917220552884615 0.5223712606837607 0.49056129807692306 0.49073344017094017 0.4915285456730769 0.4824797008547009 0.49636448317307696 0.47938514957264955 0.4996529447115385 0.4879823717948718 0.4998464543269231 0.5216837606837607 0.49926622596153847 0.5175566239316239 0.49539723557692306 0.5175566239316239
1 0.2743389423076923 0.2483974358974359 0.2737379807692308 0.25427350427350426 0.27674278846153844 0.26282051282051283 0.2800480769230769 0.26335470085470086 0.28275240384615385 0.26121794871794873 0.2899639423076923 0.24412393162393162 0.29056490384615385 0.23076923076923078 0.28665865384615385 0.22863247863247863 0.28305288461538464 0.23076923076923078
1 0.25450721153846156 0.26816239316239315 0.2542067307692308 0.27297008547008544 0.25600961538461536 0.28044871794871795 0.25931490384615385 0.28365384615384615 0.2737379807692308 0.2724358974358974 0.2764423076923077 0.2686965811965812 0.2770432692307692 0.2622863247863248 0.27283653846153844 0.2537393162393162 0.2686298076923077 0.25427350427350426 0.2581129807692308 0.26282051282051283
1 0.23167067307692307 0.2825854700854701 0.2322716346153846 0.2905982905982906 0.23137019230769232 0.2932692307692308 0.23347355769230768 0.2954059829059829 0.2503004807692308 0.2900641025641026 0.2548076923076923 0.28739316239316237 0.2566105769230769 0.2825854700854701 0.25390625 0.27297008547008544 0.25210336538461536 0.2708333333333333 0.24549278846153846 0.2719017094017094 0.23287259615384615 0.2793803418803419
1 0.2091346153846154 0.28685897435897434 0.2091346153846154 0.297008547008547 0.21063701923076922 0.30074786324786323 0.23016826923076922 0.296474358974359 0.2325721153846154 0.2932692307692308 0.23076923076923078 0.280982905982906 0.22806490384615385 0.27884615384615385 0.21424278846153846 0.280982905982906 0.21123798076923078 0.2825854700854701
1 0.1817908653846154 0.32051282051282054 0.18088942307692307 0.327991452991453 0.1853966346153846 0.33386752136752135 0.18900240384615385 0.3344017094017094 0.20012019230769232 0.31463675213675213 0.2013221153846154 0.3060897435897436 0.19831730769230768 0.3002136752136752 0.19200721153846154 0.29914529914529914 0.18449519230769232 0.31196581196581197
1 0.16346153846153846 0.3627136752136752 0.16256009615384615 0.3659188034188034 0.16316105769230768 0.3701923076923077 0.16826923076923078 0.375 0.17127403846153846 0.37393162393162394 0.18028846153846154 0.3557692307692308 0.17998798076923078 0.3466880341880342 0.17548076923076922 0.3424145299145299 0.17157451923076922 0.34294871794871795
1 0.15354567307692307 0.3926282051282051 0.1541466346153846 0.39903846153846156 0.15925480769230768 0.40010683760683763 0.16135817307692307 0.4027777777777778 0.16466346153846154 0.39636752136752135 0.16826923076923078 0.3840811965811966 0.16856971153846154 0.37713675213675213 0.16135817307692307 0.3717948717948718 0.15775240384615385 0.37713675213675213
1 0.14723557692307693 0.41399572649572647 0.14393028846153846 0.42467948717948717 0.14393028846153846 0.4284188034188034 0.14933894230769232 0.4310897435897436 0.15084134615384615 0.43696581196581197 0.15384615384615385 0.43536324786324787 0.16135817307692307 0.4081196581196581 0.16135817307692307 0.40384615384615385 0.1544471153846154 0.40064102564102566 0.15084134615384615 0.4043803418803419
1 0.13942307692307693 0.44017094017094016 0.13762019230769232 0.4642094017094017 0.13972355769230768 0.4674145299145299 0.1463341346153846 0.46794871794871795 0.15084134615384615 0.44497863247863245 0.15114182692307693 0.4375 0.14753605769230768 0.4305555555555556 0.14393028846153846 0.42948717948717946
1 0.13521634615384615 0.4738247863247863 0.13792067307692307 0.5058760683760684 0.14002403846153846 0.5090811965811965 0.14483173076923078 0.5085470085470085 0.14723557692307693 0.5021367521367521 0.14543269230769232 0.4732905982905983 0.14302884615384615 0.4700854700854701 0.1385216346153846 0.46955128205128205
1 0.14903846153846154 0.5021367521367521 0.14813701923076922 0.5149572649572649 0.1505408653846154 0.5186965811965812 0.171875 0.5128205128205128 0.17548076923076922 0.5080128205128205 0.17578125 0.5053418803418803 0.171875 0.4935897435897436 0.15504807692307693 0.49786324786324787
1 0.17518028846153846 0.48878205128205127 0.17457932692307693 0.49412393162393164 0.17608173076923078 0.5026709401709402 0.1775841346153846 0.5053418803418803 0.17998798076923078 0.5053418803418803 0.20012019230769232 0.49145299145299143 0.2013221153846154 0.48717948717948717 0.19891826923076922 0.47649572649572647 0.1953125 0.47489316239316237 0.17938701923076922 0.48344017094017094
1 0.20012019230769232 0.4732905982905983 0.2010216346153846 0.48717948717948717 0.20432692307692307 0.48985042735042733 0.21754807692307693 0.48183760683760685 0.22716346153846154 0.47275641025641024 0.2244591346153846 0.46047008547008544 0.22025240384615385 0.45886752136752135
1 0.2244591346153846 0.45886752136752135 0.22716346153846154 0.4716880341880342 0.23106971153846154 0.4732905982905983 0.24759615384615385 0.4642094017094017 0.25180288461538464 0.4599358974358974 0.2527043269230769 0.4561965811965812 0.24909855769230768 0.44497863247863245 0.2439903846153846 0.44497863247863245 0.23016826923076922 0.452991452991453
1 0.2536057692307692 0.4391025641025641 0.25180288461538464 0.4423076923076923 0.25180288461538464 0.44764957264957267 0.2551081730769231 0.4567307692307692 0.2587139423076923 0.4567307692307692 0.27283653846153844 0.44925213675213677 0.27674278846153844 0.4465811965811966 0.27914663461538464 0.4423076923076923 0.2782451923076923 0.43322649572649574 0.27584134615384615 0.42948717948717946 0.27133413461538464 0.43002136752136755
1 0.2941706730769231 0.421474358974359 0.2941706730769231 0.43322649572649574 0.2956730769230769 0.4358974358974359 0.3121995192307692 0.43696581196581197 0.3167067307692308 0.43536324786324787 0.3161057692307692 0.42094017094017094 0.31490384615384615 0.4188034188034188 0.29867788461538464 0.4172008547008547
1 0.3161057692307692 0.422008547008547 0.3155048076923077 0.43536324786324787 0.31640625 0.4358974358974359 0.3308293269230769 0.4391025641025641 0.3389423076923077 0.4391025641025641 0.3407451923076923 0.43643162393162394 0.3407451923076923 0.42467948717948717 0.3386418269230769 0.421474358974359 0.3200120192307692 0.41933760683760685
1 0.3425480769230769 0.4230769230769231 0.34164663461538464 0.4358974358974359 0.3440504807692308 0.4391025641025641 0.3590745192307692 0.4391025641025641 0.3659855769230769 0.43643162393162394 0.3668870192307692 0.4337606837606838 0.36658653846153844 0.4252136752136752 0.36328125 0.421474358974359 0.3449519230769231 0.4204059829059829
1 0.39603365384615385 0.4252136752136752 0.3957331730769231 0.42895299145299143 0.40084134615384615 0.43162393162393164 0.41556490384615385 0.4305555555555556 0.4182692307692308 0.42735042735042733 0.4188701923076923 0.4230769230769231 0.4182692307692308 0.41933760683760685 0.4167668269230769 0.4182692307692308 0.4074519230769231 0.4182692307692308 0.3981370192307692 0.421474358974359
1 0.41977163461538464 0.4182692307692308 0.41977163461538464 0.4236111111111111 0.421875 0.42788461538461536 0.4293870192307692 0.4230769230769231 0.44290865384615385 0.41933760683760685 0.44381009615384615 0.4150641025641026 0.4426081730769231 0.41025641025641024 0.4384014423076923 0.4091880341880342 0.4245793269230769 0.41399572649572647
1 0.4450120192307692 0.40865384615384615 0.44381009615384615 0.41239316239316237 0.4462139423076923 0.4182692307692308 0.46664663461538464 0.4097222222222222 0.4678485576923077 0.4081196581196581 0.4678485576923077 0.40384615384615385 0.46694711538461536 0.39850427350427353 0.46334134615384615 0.39850427350427353
1 0.4696514423076923 0.3942307692307692 0.46814903846153844 0.3974358974358974 0.46875 0.40705128205128205 0.47025240384615385 0.4091880341880342 0.4738581730769231 0.40865384615384615 0.48978365384615385 0.390491452991453 0.48978365384615385 0.38782051282051283 0.48768028846153844 0.38301282051282054 0.4840745192307692 0.38301282051282054
1 0.43299278846153844 0.202991452991453 0.4332932692307692 0.21314102564102563 0.4417067307692308 0.2206196581196581 0.44591346153846156 0.2222222222222222 0.44981971153846156 0.21314102564102563 0.4489182692307692 0.20993589743589744 0.43900240384615385 0.1987179487179487 0.43569711538461536 0.1987179487179487
1 0.4489182692307692 0.21581196581196582 0.4465144230769231 0.2206196581196581 0.4495192307692308 0.2280982905982906 0.4600360576923077 0.23824786324786323 0.46334134615384615 0.23985042735042736 0.4660456730769231 0.23824786324786323 0.46664663461538464 0.22702991452991453 0.46334134615384615 0.22115384615384615 0.453125 0.21314102564102563
1 0.46664663461538464 0.2264957264957265 0.4660456730769231 0.24091880341880342 0.4768629807692308 0.2537393162393162 0.48227163461538464 0.2553418803418803 0.48287259615384615 0.24091880341880342 0.4723557692307692 0.22916666666666666
1 0.48257211538461536 0.24465811965811965 0.48197115384615385 0.2548076923076923 0.4846754807692308 0.25801282051282054 0.49819711538461536 0.2686965811965812 0.5033052884615384 0.265491452991453 0.5027043269230769 0.2553418803418803 0.49939903846153844 0.25053418803418803 0.4879807692307692 0.24252136752136752 0.4840745192307692 0.24252136752136752
1 0.5153245192307693 0.24572649572649571 0.515625 0.2569444444444444 0.51953125 0.2590811965811966 0.5342548076923077 0.24946581196581197 0.5372596153846154 0.24465811965811965 0.5375600961538461 0.24091880341880342 0.5357572115384616 0.23237179487179488 0.5318509615384616 0.23076923076923078 0.5180288461538461 0.2403846153846154
1 0.5375600961538461 0.23076923076923078 0.5387620192307693 0.24145299145299146 0.5435697115384616 0.2419871794871795 0.5555889423076923 0.23397435897435898 0.5588942307692307 0.22596153846153846 0.5573918269230769 0.21634615384615385 0.5546875 0.21581196581196582 0.5432692307692307 0.22168803418803418
1 0.55859375 0.21314102564102563 0.5576923076923077 0.21634615384615385 0.55859375 0.22275641025641027 0.5600961538461539 0.2264957264957265 0.5615985576923077 0.2264957264957265 0.5787259615384616 0.2168803418803419 0.5799278846153846 0.20993589743589744 0.5778245192307693 0.20245726495726496 0.57421875 0.2013888888888889 0.5612980769230769 0.20886752136752137
1 0.36763671875 0.398 0.3769750600961539 0.4263974358974359 0.3858221153846154 0.42202884615384617 0.37500901442307694 0.3827094017094017 0.36763671875 0.384019764957265
1 0.36714513221153844 0.39144711538461535 0.3602644230769231 0.36785523504273504 0.3605102163461539 0.3573701923076923 0.36542518028846155 0.35431196581196583 0.37476352163461535 0.38314583333333335 0.36763671875 0.384019764957265
1 0.3582983774038461 0.36654433760683763 0.35338341346153845 0.3495058760683761 0.35240054086538464 0.33552564102564103 0.3563323317307692 0.3324679487179487 0.36542518028846155 0.353875 0.3614930889423077 0.3569332264957265
1 0.3526463341346154 0.33814743589743584 0.3467481971153846 0.3259145299145299 0.3457653245192308 0.3154294871794872 0.3494516225961538 0.3106233974358974 0.35977283653846154 0.3289727564102564 0.36223046875 0.33989476495726495 0.3614930889423077 0.3407686965811966 0.35559525240384615 0.33072008547008547
4 0.2956730769230769 0.21367521367521367 0.2959735576923077 0.22435897435897437 0.29837740384615385 0.22863247863247863 0.30078125 0.2297008547008547 0.3049879807692308 0.2248931623931624 0.3167067307692308 0.21741452991452992 0.31790865384615385 0.2126068376068376 0.3152043269230769 0.2045940170940171 0.31039663461538464 0.202991452991453
4 0.3191105769230769 0.19925213675213677 0.3191105769230769 0.20993589743589744 0.32091346153846156 0.21367521367521367 0.3389423076923077 0.20673076923076922 0.34044471153846156 0.20405982905982906 0.3389423076923077 0.19177350427350429 0.3362379807692308 0.19017094017094016 0.32271634615384615 0.1955128205128205
4 0.33984375 0.1907051282051282 0.33924278846153844 0.19284188034188035 0.34134615384615385 0.2013888888888889 0.3440504807692308 0.2045940170940171 0.35997596153846156 0.1997863247863248 0.3623798076923077 0.19604700854700854 0.36117788461538464 0.18482905982905984 0.3596754807692308 0.18269230769230768 0.34765625 0.18482905982905984
4 0.36328125 0.18269230769230768 0.36328125 0.19284188034188035 0.3659855769230769 0.19818376068376067 0.3819110576923077 0.19658119658119658 0.3855168269230769 0.19337606837606838 0.38461538461538464 0.18322649572649571 0.3831129807692308 0.18055555555555555 0.36868990384615385 0.1794871794871795
4 0.38611778846153844 0.18002136752136752 0.38822115384615385 0.19230769230769232 0.39993990384615385 0.1955128205128205 0.4035456730769231 0.1955128205128205 0.4050480769230769 0.19337606837606838 0.4053485576923077 0.18322649572649571 0.4026442307692308 0.17895299145299146 0.3903245192307692 0.17574786324786323
4 0.4059495192307692 0.18162393162393162 0.40564903846153844 0.19230769230769232 0.40775240384615385 0.1971153846153846 0.42247596153846156 0.20032051282051283 0.4266826923076923 0.19604700854700854 0.4269831730769231 0.1891025641025641 0.4248798076923077 0.1842948717948718 0.41075721153846156 0.18002136752136752
4 0.44140625 0.19284188034188035 0.44140625 0.19925213675213677 0.4456129807692308 0.20405982905982906 0.4597355769230769 0.20192307692307693 0.4621394230769231 0.20032051282051283 0.4636418269230769 0.19604700854700854 0.46274038461538464 0.18803418803418803 0.4606370192307692 0.1842948717948718 0.44591346153846156 0.18643162393162394 0.44290865384615385 0.18856837606837606
4 0.46814903846153844 0.18856837606837606 0.46694711538461536 0.19925213675213677 0.47265625 0.20245726495726496 0.48497596153846156 0.20192307692307693 0.48677884615384615 0.19925213675213677 0.4879807692307692 0.1891025641025641 0.4870793269230769 0.18536324786324787 0.48287259615384615 0.18376068376068377 0.47025240384615385 0.1842948717948718
4 0.48768028846153844 0.19123931623931623 0.4873798076923077 0.20032051282051283 0.4891826923076923 0.20352564102564102 0.5066105769230769 0.2045940170940171 0.5093149038461539 0.202991452991453 0.5087139423076923 0.19177350427350429 0.5066105769230769 0.18803418803418803 0.49008413461538464 0.18696581196581197
4 0.5096153846153846 0.1891025641025641 0.5096153846153846 0.20192307692307693 0.5108173076923077 0.20352564102564102 0.52734375 0.20405982905982906 0.5309495192307693 0.20032051282051283 0.5309495192307693 0.1891025641025641 0.5291466346153846 0.1875 0.5144230769230769 0.18696581196581197
4 0.5321514423076923 0.1875 0.53125 0.19284188034188035 0.5315504807692307 0.20032051282051283 0.5327524038461539 0.20245726495726496 0.5426682692307693 0.20405982905982906 0.5531850961538461 0.20245726495726496 0.5534855769230769 0.19497863247863248 0.5519831730769231 0.1891025641025641 0.5399639423076923 0.18536324786324787
4 0.5549879807692307 0.1891025641025641 0.5546875 0.1997863247863248 0.5567908653846154 0.20352564102564102 0.5715144230769231 0.20192307692307693 0.5757211538461539 0.19925213675213677 0.5766225961538461 0.19658119658119658 0.5760216346153846 0.1891025641025641 0.57421875 0.18536324786324787 0.5612980769230769 0.18536324786324787 0.5570913461538461 0.18643162393162394
4 0.5958533653846154 0.1891025641025641 0.5934495192307693 0.19604700854700854 0.5952524038461539 0.20566239316239315 0.6138822115384616 0.20673076923076922 0.6168870192307693 0.20352564102564102 0.6171875 0.19444444444444445 0.6156850961538461 0.1907051282051282 0.6015625 0.1875
4 0.6195913461538461 0.19337606837606838 0.6186899038461539 0.20405982905982906 0.6201923076923077 0.20673076923076922 0.6337139423076923 0.2077991452991453 0.6403245192307693 0.20566239316239315 0.6415264423076923 0.20245726495726496 0.6412259615384616 0.19230769230769232 0.6379206730769231 0.18963675213675213 0.6237980769230769 0.19017094017094016
4 0.5826322115384616 0.27724358974358976 0.5823317307692307 0.2831196581196581 0.5835336538461539 0.2863247863247863 0.5859375 0.2879273504273504 0.5904447115384616 0.2863247863247863 0.594678485576923 0.2714188034188034 0.6036956129807692 0.26782532051282054 0.6029182692307692 0.259809829059829 0.5988581730769231 0.2548076923076923 0.5919471153846154 0.26121794871794873 0.5841346153846154 0.2719017094017094
4 0.6015625 0.2516025641025641 0.6015192307692308 0.25842788461538463 0.6029182692307692 0.26340331196581196 0.6047839543269231 0.26672008547008547 0.609375 0.26335470085470086 0.6195913461538461 0.25053418803418803 0.62109375 0.24786324786324787 0.62109375 0.24412393162393162 0.6186899038461539 0.23717948717948717 0.6153846153846154 0.2361111111111111 0.6060697115384616 0.24465811965811965
4 0.6198918269230769 0.23183760683760685 0.6192908653846154 0.2377136752136752 0.6231971153846154 0.24572649572649571 0.6352163461538461 0.24145299145299146 0.6391225961538461 0.2377136752136752 0.6415264423076923 0.23076923076923078 0.6403245192307693 0.22382478632478633 0.6361177884615384 0.22115384615384615 0.6246995192307693 0.2264957264957265
4 0.6412259615384616 0.21901709401709402 0.6421274038461539 0.23023504273504272 0.6433293269230769 0.23183760683760685 0.6469350961538461 0.23076923076923078 0.6613581730769231 0.21314102564102563 0.6604567307692307 0.202991452991453 0.6577524038461539 0.20032051282051283 0.6544471153846154 0.20032051282051283 0.6463341346153846 0.20993589743589744
4 0.6790865384615384 0.13354700854700854 0.6775841346153846 0.13675213675213677 0.6778846153846154 0.13942307692307693 0.6796875 0.14636752136752137 0.6820913461538461 0.1485042735042735 0.6971153846153846 0.13675213675213677 0.69921875 0.13087606837606838 0.6989182692307693 0.12393162393162394 0.6959134615384616 0.11858974358974358 0.6926081730769231 0.11965811965811966
4 0.7067307692307693 0.12446581196581197 0.7064302884615384 0.13354700854700854 0.7076322115384616 0.1372863247863248 0.7211538461538461 0.14423076923076922 0.7274639423076923 0.14316239316239315 0.7295673076923077 0.13034188034188035 0.7277644230769231 0.1266025641025641 0.7133413461538461 0.12126068376068376 0.7091346153846154 0.12126068376068376
4 0.7298677884615384 0.1330128205128205 0.7280649038461539 0.14476495726495728 0.7307692307692307 0.14957264957264957 0.7472956730769231 0.15865384615384615 0.75 0.15705128205128205 0.7530048076923077 0.15117521367521367 0.7521033653846154 0.14316239316239315 0.7496995192307693 0.140491452991453 0.7307692307692307 0.13034188034188035
4 0.6313100961538461 0.5608974358974359 0.6310096153846154 0.5678418803418803 0.6322115384615384 0.5715811965811965 0.6337139423076923 0.5742521367521367 0.6370192307692307 0.5747863247863247 0.6415264423076923 0.5635683760683761 0.6424278846153846 0.5544871794871795 0.6463341346153846 0.5395299145299145 0.6466346153846154 0.5325854700854701 0.6457331730769231 0.530982905982906 0.640625 0.5277777777777778 0.6385216346153846 0.530448717948718
4 0.6439302884615384 0.5085470085470085 0.6400240384615384 0.5224358974358975 0.6400240384615384 0.5267094017094017 0.6475360576923077 0.5336538461538461 0.6544471153846154 0.5096153846153846 0.6541466346153846 0.49786324786324787 0.6508413461538461 0.4946581196581197 0.6478365384615384 0.4967948717948718
4 0.6526442307692307 0.484508547008547 0.6517427884615384 0.4877136752136752 0.65234375 0.49252136752136755 0.6580528846153846 0.49786324786324787 0.6688701923076923 0.4775641025641026 0.671875 0.4706196581196581 0.671875 0.46634615384615385 0.6682692307692307 0.46100427350427353 0.6649639423076923 0.46153846153846156 0.6571514423076923 0.47275641025641024
4 0.6673677884615384 0.45405982905982906 0.6670673076923077 0.46047008547008544 0.671875 0.46634615384615385 0.6751802884615384 0.46634615384615385 0.6832932692307693 0.44925213675213677 0.6856971153846154 0.42948717948717946 0.6814903846153846 0.4268162393162393 0.6778846153846154 0.43002136752136755
4 0.6811899038461539 0.40384615384615385 0.6811899038461539 0.4107905982905983 0.6829927884615384 0.41346153846153844 0.6856971153846154 0.4150641025641026 0.6908052884615384 0.41185897435897434 0.7043269230769231 0.390491452991453 0.7022235576923077 0.3787393162393162 0.6995192307692307 0.37713675213675213 0.6926081730769231 0.38301282051282054
4 0.7022235576923077 0.37553418803418803 0.7049278846153846 0.3872863247863248 0.7064302884615384 0.3888888888888889 0.7238581730769231 0.37072649572649574 0.7265625 0.3659188034188034 0.7265625 0.36217948717948717 0.7238581730769231 0.35523504273504275 0.7178485576923077 0.3547008547008547 0.7052283653846154 0.36912393162393164
4 0.7229567307692307 0.3349358974358974 0.7220552884615384 0.3466880341880342 0.7247596153846154 0.34935897435897434 0.7298677884615384 0.34775641025641024 0.7388822115384616 0.32051282051282054 0.7376802884615384 0.3108974358974359 0.7337740384615384 0.31036324786324787 0.7310697115384616 0.31356837606837606
4 0.7385817307692307 0.3071581196581197 0.73828125 0.31036324786324787 0.7400841346153846 0.31677350427350426 0.7445913461538461 0.3178418803418803 0.75421484375 0.29432799145299143 0.7533052884615384 0.2831196581196581 0.7478966346153846 0.2831196581196581
4 0.6499029447115384 0.1933888888888889 0.6565411658653846 0.1975763888888889 0.6693894230769231 0.1667403846153846 0.6674621394230769 0.1602686965811966 0.6640360576923077 0.1587462606837607 0.662323016826923 0.1587462606837607 0.6511878004807692 0.1808258547008547
4 0.6627512019230769 0.1583653846153846 0.6736721754807693 0.13933119658119658 0.6779549278846153 0.1404732905982906 0.6798819110576922 0.14846741452991452 0.6702457932692307 0.16712126068376068 0.6672478966346154 0.1598883547008547
4 0.7338443509615384 0.21242307692307694 0.7424098557692307 0.21470726495726497 0.7499044471153845 0.18539423076923076 0.7486195913461539 0.17854166666666668 0.7430522836538462 0.17663835470085468 0.7349149639423077 0.1987184829059829 0.7334161658653847 0.20975801282051282
4 0.7514035456730769 0.18311004273504272 0.7586841947115384 0.16217254273504272 0.758041766826923 0.15455876068376068 0.7526884014423078 0.1499903846153846 0.7432662259615385 0.17473504273504273 0.7430522836538462 0.17663835470085468 0.7460501802884616 0.17701923076923076 0.7496905048076923 0.1808258547008547
4 0.7304182692307692 0.23336057692307693 0.7415531850961539 0.2523952991452991 0.7441228966346153 0.24592361111111113 0.7484056490384615 0.24401976495726496 0.7488338341346155 0.240213141025641 0.7364140625 0.2173717948717949 0.7308464543269231 0.2185138888888889
4 0.7421956129807692 0.258105235042735 0.7477632211538462 0.28323076923076923 0.7567569110576924 0.28056570512820517 0.7571850961538461 0.2710486111111111 0.7488338341346155 0.24401976495726496 0.7432662259615385 0.2447815170940171 0.7421956129807692 0.25658279914529913
3 0.32662259615384615 0.3349358974358974 0.32662259615384615 0.34134615384615385 0.33143028846153844 0.34935897435897434 0.3350360576923077 0.3466880341880342 0.34194711538461536 0.33066239316239315 0.3428485576923077 0.3263888888888889 0.34224759615384615 0.3162393162393162 0.33834134615384615 0.31356837606837606 0.33143028846153844 0.32104700854700857
3 0.31069711538461536 0.36378205128205127 0.31069711538461536 0.37072649572649574 0.31430288461538464 0.37553418803418803 0.3176081730769231 0.3766025641025641 0.3206129807692308 0.3733974358974359 0.32872596153846156 0.3579059829059829 0.3308293269230769 0.3488247863247863 0.3245192307692308 0.3408119658119658 0.3206129807692308 0.34455128205128205
3 0.2956730769230769 0.3942307692307692 0.2965745192307692 0.40705128205128205 0.3004807692307692 0.41025641025641024 0.30859375 0.4011752136752137 0.3152043269230769 0.38782051282051283 0.3161057692307692 0.3798076923076923 0.3152043269230769 0.3766025641025641 0.31069711538461536 0.3717948717948718 0.30709134615384615 0.37393162393162394
3 0.29927884615384615 0.40865384615384615 0.29837740384615385 0.41239316239316237 0.30018028846153844 0.41613247863247865 0.31850961538461536 0.41773504273504275 0.3203125 0.4150641025641026 0.32091346153846156 0.4075854700854701 0.3176081730769231 0.40384615384615385 0.30709134615384615 0.4033119658119658
3 0.3200120192307692 0.4091880341880342 0.31971153846153844 0.4155982905982906 0.3212139423076923 0.4182692307692308 0.3356370192307692 0.4204059829059829 0.3428485576923077 0.4182692307692308 0.3440504807692308 0.4113247863247863 0.34375 0.4075854700854701 0.3407451923076923 0.405982905982906 0.32091346153846156 0.40705128205128205
3 0.3446514423076923 0.4107905982905983 0.3428485576923077 0.4182692307692308 0.3449519230769231 0.4204059829059829 0.3602764423076923 0.4204059829059829 0.3641826923076923 0.42254273504273504 0.3659855769230769 0.42628205128205127 0.36959134615384615 0.42254273504273504 0.36929086538461536 0.4150641025641026 0.36658653846153844 0.41025641025641024 0.3464543269230769 0.4091880341880342
3 0.3915264423076923 0.43803418803418803 0.39122596153846156 0.4423076923076923 0.3933293269230769 0.4465811965811966 0.40084134615384615 0.452991452991453 0.4149639423076923 0.45032051282051283 0.4167668269230769 0.4481837606837607 0.4176682692307692 0.44337606837606836 0.41616586538461536 0.4337606837606838 0.41195913461538464 0.4305555555555556 0.39393028846153844 0.4326923076923077
3 0.42007211538461536 0.4326923076923077 0.42127403846153844 0.44551282051282054 0.42518028846153844 0.44764957264957267 0.43118990384615385 0.44337606837606836 0.4426081730769231 0.44017094017094016 0.4462139423076923 0.4358974358974359 0.44471153846153844 0.4230769230769231 0.4426081730769231 0.4198717948717949 0.42427884615384615 0.4252136752136752 0.421875 0.4268162393162393
3 0.4462139423076923 0.41933760683760685 0.44711538461538464 0.4342948717948718 0.4495192307692308 0.43696581196581197 0.46664663461538464 0.4305555555555556 0.47205528846153844 0.4252136752136752 0.4717548076923077 0.41399572649572647 0.46724759615384615 0.4097222222222222
3 0.47265625 0.41025641025641024 0.47265625 0.422008547008547 0.4735576923076923 0.4236111111111111 0.48197115384615385 0.42254273504273504 0.4909855769230769 0.41239316239316237 0.4948918269230769 0.4011752136752137 0.4951923076923077 0.3942307692307692 0.4918870192307692 0.390491452991453 0.48978365384615385 0.391025641025641
3 0.3272235576923077 0.6079059829059829 0.32632211538461536 0.6095085470085471 0.32662259615384615 0.6228632478632479 0.328125 0.6260683760683761 0.33984375 0.625 0.3488581730769231 0.6324786324786325 0.3545673076923077 0.6303418803418803 0.35727163461538464 0.6228632478632479 0.3566706730769231 0.6153846153846154 0.3518629807692308 0.6105769230769231 0.33353365384615385 0.6063034188034188
3 0.2995793269230769 0.6057692307692307 0.30018028846153844 0.6228632478632479 0.31640625 0.6266025641025641 0.32361778846153844 0.625534188034188 0.32632211538461536 0.6228632478632479 0.32602163461538464 0.6095085470085471 0.32421875 0.6057692307692307 0.3058894230769231 0.6030982905982906
3 0.27133413461538464 0.6020299145299145 0.2704326923076923 0.6063034188034188 0.2734375 0.6111111111111112 0.2743389423076923 0.6159188034188035 0.2926682692307692 0.6233974358974359 0.29897836538461536 0.6217948717948718 0.29927884615384615 0.6089743589743589 0.29747596153846156 0.6047008547008547 0.2764423076923077 0.5961538461538461 0.2734375 0.5977564102564102
3 0.4933894230769231 0.33814102564102566 0.49278846153846156 0.34455128205128205 0.49399038461538464 0.35149572649572647 0.49849759615384615 0.3525641025641026 0.5123197115384616 0.3386752136752137 0.5159254807692307 0.3301282051282051 0.51171875 0.31997863247863245 0.5003004807692307 0.327991452991453
3 0.5129206730769231 0.3173076923076923 0.5126201923076923 0.32104700854700857 0.5153245192307693 0.327991452991453 0.5189302884615384 0.3295940170940171 0.5327524038461539 0.31517094017094016 0.5339543269230769 0.3060897435897436 0.5327524038461539 0.30235042735042733 0.5279447115384616 0.3018162393162393 0.5183293269230769 0.3092948717948718
3 0.5354567307692307 0.29594017094017094 0.5345552884615384 0.30502136752136755 0.5360576923076923 0.31143162393162394 0.5528846153846154 0.31036324786324787 0.5576923076923077 0.3071581196581197 0.5576923076923077 0.29594017094017094 0.5549879807692307 0.28952991452991456 0.5393629807692307 0.2905982905982906
3 0.5594951923076923 0.2900641025641026 0.5597956730769231 0.30822649572649574 0.5793269230769231 0.30982905982905984 0.5835336538461539 0.30662393162393164 0.5835336538461539 0.29273504273504275 0.5814302884615384 0.28952991452991456
3 0.59375 0.2761752136752137 0.5943509615384616 0.2863247863247863 0.5952524038461539 0.2879273504273504 0.5991586538461539 0.28739316239316237 0.6162860576923077 0.2767094017094017 0.6165865384615384 0.26655982905982906 0.6126802884615384 0.2644230769230769 0.60546875 0.2670940170940171 0.5979567307692307 0.2702991452991453
3 0.6171875 0.26495726495726496 0.6174879807692307 0.2724358974358974 0.6195913461538461 0.2767094017094017 0.6283052884615384 0.2670940170940171 0.6391225961538461 0.2644230769230769 0.6397235576923077 0.25801282051282054 0.6373197115384616 0.2537393162393162 0.6343149038461539 0.25427350427350426 0.6237980769230769 0.25854700854700857
3 0.6454326923076923 0.2516025641025641 0.6436298076923077 0.25961538461538464 0.6460336538461539 0.2638888888888889 0.6610576923076923 0.25747863247863245 0.6640625 0.25854700854700857 0.6682692307692307 0.26495726495726496 0.6685697115384616 0.26335470085470086 0.6688701923076923 0.25106837606837606 0.6655649038461539 0.2467948717948718
3 0.6862980769230769 0.24519230769230768 0.6859975961538461 0.25106837606837606 0.6893028846153846 0.25801282051282054 0.6938100961538461 0.2483974358974359 0.703125 0.24091880341880342 0.7076322115384616 0.23504273504273504 0.7088341346153846 0.23076923076923078 0.7079326923076923 0.22168803418803418 0.7064302884615384 0.22115384615384615 0.6962139423076923 0.23076923076923078 0.6887019230769231 0.23931623931623933
3 0.7091346153846154 0.2168803418803419 0.7058293269230769 0.22542735042735043 0.7073317307692307 0.22863247863247863 0.7100360576923077 0.2297008547008547 0.7250600961538461 0.21581196581196582 0.7259615384615384 0.21153846153846154 0.7199519230769231 0.2045940170940171
3 0.29158353365384615 0.24277350427350428 0.30586658653846155 0.25608867521367523 0.3069116586538462 0.24525053418803416 0.3110919471153846 0.24153472222222222 0.2943704927884615 0.22852884615384614 0.29071243990384615 0.23255448717948718 0.29071243990384615 0.2443215811965812
3 0.30534405048076924 0.2551597222222222 0.31527253605769234 0.26847489316239315 0.3159693509615385 0.2604241452991453 0.32171724759615383 0.25918536324786323 0.32154296875 0.2567077991452992 0.31039543269230774 0.2424636752136752 0.3069116586538462 0.24525053418803416
3 0.3168401442307692 0.27033333333333337 0.33164573317307694 0.2898418803418803 0.3328650841346154 0.2783840811965812 0.3366971153846154 0.2759070512820513 0.32171724759615383 0.2582564102564103 0.31788521634615385 0.2604241452991453
3 0.33303936298076925 0.2895320512820513 0.3429675480769231 0.30656303418803416 0.34889002403846153 0.3031570512820513 0.34714813701923075 0.2960347222222222 0.3372196514423077 0.2771458333333333 0.3328650841346154 0.2783840811965812
3 0.4831388221153846 0.36810576923076926 0.49241346153846155 0.3907291666666667 0.49802133413461536 0.38842841880341883 0.4965114182692308 0.37845886752136754 0.4880994591346154 0.3566025641025641 0.48270733173076924 0.35813621794871797
3 0.3594456129807692 0.6177943376068376 0.37070643028846156 0.6169935897435898 0.37340925480769227 0.5793573717948718 0.37003094951923077 0.5697478632478632 0.3625988581730769 0.5709492521367522
3 0.3610222355769231 0.5761543803418803 0.3650760216346154 0.5321116452991453 0.3718326322115385 0.5313108974358974 0.37408473557692307 0.5401196581196581 0.37070643028846156 0.57175 0.3607971754807692 0.5745528846153847
3 0.37498557692307694 0.5148952991452992 0.37903966346153845 0.4820635683760684 0.3772379807692308 0.4744561965811966 0.3704813701923077 0.47325534188034185 0.36665264423076926 0.5076885683760683 0.36800390625 0.515696047008547 0.37408473557692307 0.515696047008547
3 0.3788143028846154 0.4760576923076923 0.3794900841346154 0.44482799145299146 0.3772379807692308 0.4376207264957265 0.3711568509615385 0.4388221153846154 0.36958052884615383 0.4668488247863248 0.3704813701923077 0.4744561965811966
0 0.18509615384615385 0.5956196581196581 0.18359375 0.5982905982905983 0.18389423076923078 0.6121794871794872 0.1893028846153846 0.6164529914529915 0.20793269230769232 0.6089743589743589 0.2109375 0.6057692307692307 0.21033653846153846 0.5918803418803419 0.2091346153846154 0.5892094017094017
0 0.21063701923076922 0.5902777777777778 0.21123798076923078 0.5998931623931624 0.21033653846153846 0.6057692307692307 0.21243990384615385 0.6073717948717948 0.23407451923076922 0.6052350427350427 0.23918269230769232 0.6025641025641025 0.2400841346153846 0.5993589743589743 0.23918269230769232 0.5892094017094017 0.23407451923076922 0.5849358974358975 0.21243990384615385 0.5881410256410257
0 0.2439903846153846 0.5881410256410257 0.2439903846153846 0.5972222222222222 0.24579326923076922 0.6020299145299145 0.2481971153846154 0.6036324786324786 0.2653245192307692 0.6068376068376068 0.27103365384615385 0.6025641025641025 0.2734375 0.5956196581196581 0.2722355769230769 0.5881410256410257 0.26352163461538464 0.5844017094017094 0.2478966346153846 0.5827991452991453
0 0.26742788461538464 0.5779914529914529 0.26712740384615385 0.5849358974358975 0.2683293269230769 0.5881410256410257 0.27554086538461536 0.5897435897435898 0.29056490384615385 0.5667735042735043 0.29236778846153844 0.5571581196581197 0.2863581730769231 0.5496794871794872 0.28275240384615385 0.5518162393162394 0.27163461538461536 0.5689102564102564
0 0.2878605769230769 0.5432692307692307 0.28665865384615385 0.5464743589743589 0.28725961538461536 0.5502136752136753 0.2932692307692308 0.5592948717948718 0.30709134615384615 0.5363247863247863 0.31099759615384615 0.5224358974358975 0.3058894230769231 0.5192307692307693 0.30018028846153844 0.5213675213675214
0 0.3037860576923077 0.5101495726495726 0.30228365384615385 0.5197649572649573 0.3037860576923077 0.5219017094017094 0.3076923076923077 0.5213675213675214 0.31069711538461536 0.5235042735042735 0.32211538461538464 0.5037393162393162 0.32481971153846156 0.4962606837606838 0.3254206730769231 0.49038461538461536 0.3212139423076923 0.484508547008547 0.3173076923076923 0.484508547008547 0.30649038461538464 0.5021367521367521
0 0.3206129807692308 0.4738247863247863 0.3200120192307692 0.4813034188034188 0.3245192307692308 0.48878205128205127 0.3278245192307692 0.48878205128205127 0.3449519230769231 0.4700854700854701 0.34585336538461536 0.4658119658119658 0.3428485576923077 0.4577991452991453 0.33743990384615385 0.45726495726495725
0 0.3449519230769231 0.452991452991453 0.34375 0.4561965811965812 0.34435096153846156 0.4594017094017094 0.3473557692307692 0.4668803418803419 0.34975961538461536 0.4668803418803419 0.35997596153846156 0.46100427350427353 0.36778846153846156 0.453525641025641 0.36899038461538464 0.4497863247863248 0.36899038461538464 0.44177350427350426 0.3662860576923077 0.43803418803418803 0.35606971153846156 0.4407051282051282
0 0.3828125 0.4465811965811966 0.3825120192307692 0.4561965811965812 0.3840144230769231 0.4599358974358974 0.3975360576923077 0.47489316239316237 0.4011418269230769 0.4738247863247863 0.4032451923076923 0.4599358974358974 0.39903846153846156 0.45245726495726496 0.3903245192307692 0.44337606837606836 0.38671875 0.4428418803418803
0 0.4020432692307692 0.46634615384615385 0.4014423076923077 0.4738247863247863 0.4065504807692308 0.4807692307692308 0.4230769230769231 0.4861111111111111 0.42638221153846156 0.484508547008547 0.4269831730769231 0.4700854700854701 0.42427884615384615 0.4668803418803419 0.40444711538461536 0.46047008547008544
0 0.42728365384615385 0.4700854700854701 0.4266826923076923 0.484508547008547 0.42818509615384615 0.4877136752136752 0.4489182692307692 0.48824786324786323 0.453125 0.484508547008547 0.45252403846153844 0.4738247863247863 0.44921875 0.4700854700854701 0.4332932692307692 0.468482905982906
0 0.4558293269230769 0.4674145299145299 0.45462740384615385 0.4700854700854701 0.45492788461538464 0.48183760683760685 0.4567307692307692 0.48504273504273504 0.47806490384615385 0.484508547008547 0.4801682692307692 0.4813034188034188 0.4813701923076923 0.47489316239316237 0.4807692307692308 0.4668803418803419 0.47716346153846156 0.4642094017094017 0.45943509615384615 0.4642094017094017
0 0.5078125 0.38675213675213677 0.5087139423076923 0.4011752136752137 0.5228365384615384 0.39850427350427353 0.5321514423076923 0.3936965811965812 0.5321514423076923 0.3798076923076923 0.5300480769230769 0.37713675213675213 0.5123197115384616 0.3814102564102564
0 0.5342548076923077 0.3766025641025641 0.5321514423076923 0.3803418803418803 0.5321514423076923 0.3872863247863248 0.5330528846153846 0.3936965811965812 0.5360576923076923 0.3952991452991453 0.5555889423076923 0.390491452991453 0.5576923076923077 0.3872863247863248 0.55859375 0.3766025641025641 0.5555889423076923 0.3717948717948718
0 0.5730168269230769 0.39636752136752135 0.5727163461538461 0.4049145299145299 0.57421875 0.4075854700854701 0.5952524038461539 0.4043803418803419 0.59765625 0.40064102564102566 0.5982572115384616 0.38782051282051283 0.5952524038461539 0.3840811965811966 0.5811298076923077 0.3856837606837607 0.5745192307692307 0.3888888888888889
0 0.5985576923076923 0.3926282051282051 0.5982572115384616 0.4027777777777778 0.6024639423076923 0.4049145299145299 0.6219951923076923 0.405982905982906 0.6237980769230769 0.4043803418803419 0.6246995192307693 0.3974358974358974 0.6246995192307693 0.390491452991453 0.6198918269230769 0.38621794871794873 0.6024639423076923 0.3840811965811966 0.5994591346153846 0.3872863247863248
0 0.6637620192307693 0.358974358974359 0.6634615384615384 0.3627136752136752 0.6655649038461539 0.3696581196581197 0.6673677884615384 0.3733974358974359 0.6691706730769231 0.3733974358974359 0.6865985576923077 0.3627136752136752 0.6893028846153846 0.358974358974359 0.6893028846153846 0.35523504273504275 0.6878004807692307 0.3466880341880342 0.6838942307692307 0.3456196581196581 0.6682692307692307 0.3530982905982906
0 0.6896033653846154 0.3424145299145299 0.6890024038461539 0.35149572649572647 0.6923076923076923 0.3579059829059829 0.7130408653846154 0.3541666666666667 0.7154447115384616 0.3504273504273504 0.7154447115384616 0.33814102564102566 0.7127403846153846 0.33386752136752135 0.6953125 0.33653846153846156
0 0.7451923076923077 0.3173076923076923 0.7445913461538461 0.3247863247863248 0.7515024038461539 0.3247863247863248 0.7620192307692307 0.3108974358974359 0.7659254807692307 0.30288461538461536 0.765625 0.2932692307692308 0.76171875 0.2905982905982906 0.7566105769230769 0.29594017094017094 0.7487980769230769 0.3076923076923077
0 0.7115384615384616 0.23130341880341881 0.7118389423076923 0.24519230769230768 0.7130408653846154 0.24786324786324787 0.7166466346153846 0.24626068376068377 0.7274639423076923 0.23237179487179488 0.7298677884615384 0.22008547008547008 0.7292668269230769 0.2168803418803419 0.7238581730769231 0.21367521367521367
0 0.6890024038461539 0.25427350427350426 0.6887019230769231 0.2590811965811966 0.6920072115384616 0.2670940170940171 0.6971153846153846 0.266025641025641 0.7109375 0.25106837606837606 0.7118389423076923 0.2467948717948718 0.7103365384615384 0.23717948717948717 0.7064302884615384 0.23717948717948717
0 0.66796875 0.22542735042735043 0.6691706730769231 0.24358974358974358 0.6736778846153846 0.2532051282051282 0.6781850961538461 0.25854700854700857 0.6838942307692307 0.2553418803418803 0.68359375 0.24465811965811965 0.6784855769230769 0.23344017094017094 0.6721754807692307 0.22275641025641027
0 0.6195913461538461 0.27350427350427353 0.6186899038461539 0.27564102564102566 0.6195913461538461 0.2825854700854701 0.6228966346153846 0.2900641025641026 0.6412259615384616 0.2831196581196581 0.6442307692307693 0.27884615384615385 0.6430288461538461 0.26976495726495725 0.6409254807692307 0.26495726495726496 0.6262019230769231 0.26816239316239315
0 0.5967548076923077 0.2900641025641026 0.5961538461538461 0.29754273504273504 0.5988581730769231 0.3034188034188034 0.6174879807692307 0.2948717948717949 0.62109375 0.28952991452991456 0.6195913461538461 0.281517094017094 0.6156850961538461 0.2767094017094017 0.6051682692307693 0.281517094017094
0 0.6463287259615385 0.27881944444444445 0.6695456730769231 0.273875 0.6683365384615385 0.2581821581196581 0.6645877403846154 0.2571073717948718 0.6465703125 0.2618365384615385 0.6447566105769231 0.27451976495726493
0 0.6625321514423077 0.20594391025641026 0.663983173076923 0.1939054487179487 0.6684573317307693 0.19218536324786326 0.674987079326923 0.2166923076923077 0.6743825120192307 0.2263659188034188 0.6723269230769231 0.22271153846153846 0.6680946514423076 0.22550641025641027
0 0.7417355769230769 0.22498824786324786 0.7425736177884615 0.21247275641025642 0.7487758413461538 0.2112804487179487 0.757994891826923 0.2339284188034188 0.7578275240384615 0.24555021367521368 0.7494462139423077 0.24644444444444444 0.7481051682692308 0.24108012820512822
0 0.7516253004807693 0.2458482905982906 0.7593359375000001 0.2461463675213675 0.7630237379807692 0.26909188034188036 0.7630237379807692 0.27684027777777775 0.7571568509615385 0.2783301282051282 0.7561511418269231 0.2676020299145299 0.7512899639423077 0.24793429487179486
0 0.7407298677884615 0.35104166666666664 0.7534690504807693 0.33167147435897437 0.7519606370192308 0.32153952991452994 0.7477698317307693 0.3194535256410257 0.7328515624999999 0.3406116452991453 0.7315105168269231 0.352829594017094 0.7358686899038461 0.3555117521367522
0 0.6417169471153846 0.388741452991453 0.6457980769230769 0.3968344017094017 0.6666760817307692 0.3775790598290598 0.6674609375 0.36781143162393165 0.6624375 0.3619513888888889 0.6431295072115385 0.378974358974359 0.6420306490384615 0.38790438034188035