0 0.21514423076923078 0.5186965811965812 0.21514423076923078 0.5293803418803419 0.22265625 0.5363247863247863 0.2442908653846154 0.5325854700854701 0.24338942307692307 0.5283119658119658 0.2442908653846154 0.5170940170940171 0.2421875 0.5138888888888888 0.21965144230769232 0.5149572649572649
0 0.2439903846153846 0.5154914529914529 0.24308894230769232 0.5331196581196581 0.2647235576923077 0.5373931623931624 0.27103365384615385 0.5368589743589743 0.2731370192307692 0.5336538461538461 0.2734375 0.5229700854700855 0.27013221153846156 0.5170940170940171 0.265625 0.5149572649572649
0 0.2785456730769231 0.5261752136752137 0.27884615384615385 0.5352564102564102 0.28064903846153844 0.5373931623931624 0.2998798076923077 0.5448717948717948 0.30649038461538464 0.5416666666666666 0.3088942307692308 0.5336538461538461 0.3049879807692308 0.5251068376068376 0.30138221153846156 0.5219017094017094 0.2863581730769231 0.5170940170940171 0.2821514423076923 0.5176282051282052
0 0.3037860576923077 0.5192307692307693 0.3034855769230769 0.5224358974358975 0.3046875 0.5245726495726496 0.3112980769230769 0.531517094017094 0.3278245192307692 0.5144230769230769 0.32992788461538464 0.5090811965811965 0.32962740384615385 0.5042735042735043 0.3284254807692308 0.5 0.3245192307692308 0.4951923076923077 0.31069711538461536 0.5080128205128205 0.30528846153846156 0.5149572649572649
0 0.32632211538461536 0.49145299145299143 0.32602163461538464 0.49732905982905984 0.3317307692307692 0.5090811965811965 0.34555288461538464 0.49145299145299143 0.3492671274038462 0.4864583333333333 0.3492671274038462 0.4796068376068376 0.34589513221153845 0.4740400641025641 0.34194711538461536 0.4716880341880342
0 0.34164663461538464 0.4700854700854701 0.34134615384615385 0.47489316239316237 0.34915865384615385 0.4797008547008547 0.3590745192307692 0.46955128205128205 0.36658653846153844 0.4561965811965812 0.3668870192307692 0.452991452991453 0.3590745192307692 0.44497863247863245 0.34765625 0.45886752136752135
0 0.3602764423076923 0.4423076923076923 0.359375 0.44711538461538464 0.3668870192307692 0.4545940170940171 0.3801081730769231 0.4481837606837607 0.3864182692307692 0.44177350427350426 0.38491586538461536 0.42948717948717946 0.3792067307692308 0.4268162393162393 0.3662860576923077 0.4337606837606838 0.3623798076923077 0.4375
0 0.3864182692307692 0.42467948717948717 0.38431490384615385 0.42895299145299143 0.3870192307692308 0.44177350427350426 0.40865384615384615 0.4358974358974359 0.4110576923076923 0.42895299145299143 0.4104567307692308 0.421474358974359 0.40625 0.4166666666666667 0.39393028846153844 0.41933760683760685
0 0.42367788461538464 0.4337606837606838 0.42337740384615385 0.43963675213675213 0.4245793269230769 0.4439102564102564 0.4362980769230769 0.4567307692307692 0.43900240384615385 0.4583333333333333 0.4426081730769231 0.45726495726495725 0.4456129807692308 0.44604700854700857 0.44381009615384615 0.4391025641025641 0.43149038461538464 0.42628205128205127 0.4248798076923077 0.42895299145299143
0 0.4441105769230769 0.45245726495726496 0.44290865384615385 0.4599358974358974 0.4462139423076923 0.4642094017094017 0.46334134615384615 0.4732905982905983 0.46664663461538464 0.47275641025641024 0.4678485576923077 0.4706196581196581 0.4690504807692308 0.4561965811965812 0.4657451923076923 0.4519230769230769 0.44861778846153844 0.4439102564102564 0.44591346153846156 0.44604700854700857
0 0.46935096153846156 0.4583333333333333 0.46814903846153844 0.4738247863247863 0.49038461538461536 0.48023504273504275 0.49459134615384615 0.4791666666666667 0.4957932692307692 0.47702991452991456 0.4951923076923077 0.46634615384615385 0.4921875 0.4599358974358974 0.47506009615384615 0.4561965811965812
0 0.4969951923076923 0.46474358974358976 0.49669471153846156 0.47702991452991456 0.5009014423076923 0.4797008547008547 0.51953125 0.4823717948717949 0.5237379807692307 0.4732905982905983 0.5231370192307693 0.46314102564102566 0.5189302884615384 0.4599358974358974 0.5015024038461539 0.4583333333333333 0.4987980769230769 0.4599358974358974
0 0.5498798076923077 0.4107905982905983 0.5501802884615384 0.4182692307692308 0.5531850961538461 0.4198717948717949 0.5709134615384616 0.41933760683760685 0.57421875 0.4155982905982906 0.5748197115384616 0.4043803418803419 0.5715144230769231 0.40010683760683763 0.5534855769230769 0.40064102564102566 0.5510817307692307 0.4043803418803419
0 0.5757211538461539 0.4027777777777778 0.5748197115384616 0.4043803418803419 0.5748197115384616 0.41346153846153844 0.5754206730769231 0.4172008547008547 0.5775240384615384 0.4198717948717949 0.5985576923076923 0.4198717948717949 0.6003605769230769 0.41773504273504275 0.6006610576923077 0.4107905982905983 0.5979567307692307 0.40224358974358976 0.5916466346153846 0.40010683760683763
0 0.6135817307692307 0.4284188034188034 0.61328125 0.4358974358974359 0.6156850961538461 0.43803418803418803 0.6370192307692307 0.43856837606837606 0.6397235576923077 0.4342948717948718 0.6397235576923077 0.421474358974359 0.6370192307692307 0.4182692307692308 0.6325120192307693 0.41773504273504275 0.6159855769230769 0.4188034188034188
0 0.6397235576923077 0.43002136752136755 0.6397235576923077 0.43856837606837606 0.6442307692307693 0.4412393162393162 0.6613581730769231 0.4465811965811966 0.6637620192307693 0.44497863247863245 0.6652644230769231 0.43963675213675213 0.6652644230769231 0.43002136752136755 0.6610576923076923 0.42467948717948717 0.6433293269230769 0.42094017094017094 0.6412259615384616 0.4236111111111111
0 0.6814903846153846 0.43002136752136755 0.6811899038461539 0.4358974358974359 0.6826923076923077 0.4391025641025641 0.6871995192307693 0.44177350427350426 0.6998197115384616 0.43536324786324787 0.7055288461538461 0.42788461538461536 0.703125 0.41773504273504275 0.6983173076923077 0.4166666666666667 0.6875 0.421474358974359
0 0.7028245192307693 0.41399572649572647 0.7058293269230769 0.4252136752136752 0.7079326923076923 0.4268162393162393 0.7199519230769231 0.4252136752136752 0.7289663461538461 0.4188034188034188 0.7274639423076923 0.4075854700854701 0.7256610576923077 0.40544871794871795 0.7121394230769231 0.406517094017094
0 0.7277644230769231 0.40705128205128205 0.7274639423076923 0.4182692307692308 0.7301682692307693 0.42094017094017094 0.7493990384615384 0.421474358974359 0.75390625 0.4182692307692308 0.7542067307692307 0.4075854700854701 0.7521033653846154 0.40064102564102566 0.7496995192307693 0.39903846153846156 0.734375 0.39903846153846156 0.7295673076923077 0.4017094017094017
0 0.63671875 0.34615384615384615 0.6361177884615384 0.35202991452991456 0.6388221153846154 0.3573717948717949 0.6580528846153846 0.3530982905982906 0.6604567307692307 0.34935897435897434 0.6595552884615384 0.33814102564102566 0.6577524038461539 0.3349358974358974 0.6409254807692307 0.3402777777777778
0 0.6598557692307693 0.3349358974358974 0.6595552884615384 0.34615384615384615 0.6613581730769231 0.35096153846153844 0.6787860576923077 0.34935897435897434 0.6823918269230769 0.3456196581196581 0.6820913461538461 0.33600427350427353 0.6787860576923077 0.33066239316239315 0.6637620192307693 0.3311965811965812
0 0.6989182692307693 0.2863247863247863 0.69921875 0.29594017094017094 0.703125 0.3071581196581197 0.7067307692307693 0.3071581196581197 0.7109375 0.30395299145299143 0.7103365384615384 0.29433760683760685 0.7061298076923077 0.280982905982906 0.7022235576923077 0.2793803418803419
0 0.7268629807692307 0.3392094017094017 0.7274639423076923 0.3450854700854701 0.7313701923076923 0.3482905982905983 0.7483954326923077 0.3370096153846154 0.7486361177884615 0.33058600427350426 0.7466947115384616 0.32371794871794873 0.7436899038461539 0.3231837606837607 0.7331730769230769 0.327991452991453
0 0.6848046875 0.34600213675213676 0.7067241586538462 0.3464300213675214 0.7076878004807692 0.3378659188034188 0.7057608173076922 0.3301581196581197 0.68552734375 0.3297297008547009 0.6845637019230769 0.3340117521367521
0 0.7055198317307692 0.31816773504273504 0.7137094350961538 0.33529647435897436 0.7204540264423076 0.33529647435897436 0.7209356971153846 0.32330662393162396 0.7108191105769232 0.30318002136752137 0.7064831730769231 0.3057494658119658
0 0.7522493990384616 0.33486858974358974 0.76429296875 0.3224497863247863 0.7647749399038462 0.3117446581196581 0.761643329326923 0.30917521367521367 0.7467091346153846 0.31945245726495725 0.7457457932692308 0.32330662393162396 0.7476727764423077 0.32459081196581197 0.7488771033653846 0.3327270299145299
0 0.7801451322115385 0.4225309829059829 0.7885943509615385 0.4127948717948718 0.7892202524038462 0.40250320512820514 0.7853085937500001 0.3972179487179487 0.7826487379807693 0.3969396367521368 0.7698182091346154 0.41223878205128206 0.7673149038461538 0.4236436965811966 0.7724783653846153 0.4280940170940171 0.7748251201923076 0.42225267094017094
0 0.7896896033653846 0.4027809829059829 0.8001727764423077 0.39081997863247864 0.8011117788461538 0.38164049145299145 0.7965742187499999 0.37635576923076924 0.7826487379807693 0.38998557692307695 0.7801451322115385 0.3988867521367521 0.7831180889423077 0.3969396367521368 0.7856213942307692 0.39666132478632476 0.7885943509615385 0.4008338675213675
0 0.7914107572115385 0.37107051282051284 0.7970435697115386 0.3696794871794872 0.7981388221153847 0.35799679487179487 0.7906283052884615 0.33463087606837605 0.7865603966346153 0.3354652777777778 0.7851520432692307 0.3393600427350428 0.7903155048076923 0.35855288461538465
0 0.7848392427884616 0.3379690170940171 0.7754510216346154 0.32016666666666665 0.7759203725961539 0.3118215811965812 0.7812403846153846 0.30959615384615385 0.7910979567307692 0.3287895299145299 0.7914107572115385 0.3340747863247863 0.7884378004807692 0.33463087606837605
2 0.3094951923076923 0.2248931623931624 0.3082932692307692 0.234508547008547 0.31189903846153844 0.2377136752136752 0.32091346153846156 0.2377136752136752 0.3311298076923077 0.22702991452991453 0.33022836538461536 0.22275641025641027 0.3215144230769231 0.22008547008547008 0.31400240384615385 0.21955128205128205 0.31069711538461536 0.22168803418803418
2 0.28455528846153844 0.22542735042735043 0.2839543269230769 0.23504273504273504 0.28515625 0.2377136752136752 0.30138221153846156 0.23717948717948717 0.30618990384615385 0.234508547008547 0.30528846153846156 0.22382478632478633 0.3034855769230769 0.21955128205128205 0.28846153846153844 0.21955128205128205 0.2863581730769231 0.2206196581196581
2 0.2587139423076923 0.23183760683760685 0.2587139423076923 0.23931623931623933 0.2605168269230769 0.2403846153846154 0.27944711538461536 0.23931623931623933 0.2815504807692308 0.23717948717948717 0.2800480769230769 0.22435897435897437 0.27674278846153844 0.22168803418803418 0.26171875 0.22168803418803418 0.25991586538461536 0.22382478632478633
2 0.2364783653846154 0.2516025641025641 0.23527644230769232 0.25854700854700857 0.2361778846153846 0.2622863247863248 0.24188701923076922 0.2638888888888889 0.24519230769230768 0.26175213675213677 0.24879807692307693 0.24519230769230768 0.24759615384615385 0.2361111111111111 0.24489182692307693 0.23237179487179488 0.24158653846153846 0.234508547008547
2 0.21484375 0.2793803418803419 0.21484375 0.28685897435897434 0.2166466346153846 0.2916666666666667 0.22355769230769232 0.2932692307692308 0.22506009615384615 0.2793803418803419 0.23167067307692307 0.2692307692307692 0.2325721153846154 0.265491452991453 0.2283653846153846 0.2606837606837607 0.22566105769230768 0.2606837606837607
2 0.19020432692307693 0.31303418803418803 0.18900240384615385 0.3173076923076923 0.19260817307692307 0.32371794871794873 0.19561298076923078 0.3215811965811966 0.2052283653846154 0.30395299145299143 0.20552884615384615 0.29754273504273504 0.203125 0.2954059829059829 0.19981971153846154 0.297008547008547
2 0.1580528846153846 0.44497863247863245 0.16075721153846154 0.47702991452991456 0.16316105769230768 0.4823717948717949 0.16526442307692307 0.48344017094017094 0.17037259615384615 0.4775641025641026 0.16766826923076922 0.45245726495726496 0.1658653846153846 0.4465811965811966 0.1622596153846154 0.44177350427350426
2 0.21063701923076922 0.5395299145299145 0.21033653846153846 0.5470085470085471 0.21213942307692307 0.5534188034188035 0.22686298076923078 0.5705128205128205 0.23197115384615385 0.5699786324786325 0.23527644230769232 0.5635683760683761 0.2361778846153846 0.5571581196581197 0.23497596153846154 0.5539529914529915 0.23076923076923078 0.5464743589743589 0.22235576923076922 0.5368589743589743 0.21724759615384615 0.5325854700854701 0.21394230769230768 0.5325854700854701
2 0.23527644230769232 0.5667735042735043 0.23497596153846154 0.5737179487179487 0.23858173076923078 0.5785256410256411 0.25540865384615385 0.5870726495726496 0.25931490384615385 0.5870726495726496 0.2614182692307692 0.5849358974358975 0.26322115384615385 0.5673076923076923 0.25991586538461536 0.5635683760683761 0.23978365384615385 0.5555555555555556 0.23737980769230768 0.5582264957264957
2 0.26231971153846156 0.5779914529914529 0.26171875 0.5881410256410257 0.2644230769230769 0.5913461538461539 0.28275240384615385 0.5993589743589743 0.2887620192307692 0.5988247863247863 0.28966346153846156 0.5811965811965812 0.2860576923076923 0.5769230769230769 0.2653245192307692 0.5683760683760684 0.26352163461538464 0.5705128205128205
2 0.2893629807692308 0.5902777777777778 0.2890625 0.5988247863247863 0.2917668269230769 0.6009615384615384 0.31400240384615385 0.6079059829059829 0.31790865384615385 0.6057692307692307 0.31850961538461536 0.6036324786324786 0.31850961538461536 0.5881410256410257 0.31490384615384615 0.5849358974358975 0.2932692307692308 0.5806623931623932 0.2902644230769231 0.5833333333333334
2 0.3194110576923077 0.5870726495726496 0.3194110576923077 0.6041666666666666 0.3206129807692308 0.6057692307692307 0.34585336538461536 0.6030982905982906 0.34945913461538464 0.5993589743589743 0.3485576923076923 0.5844017094017094 0.34615384615384615 0.5811965811965812 0.3239182692307692 0.5833333333333334
2 0.3506610576923077 0.5774572649572649 0.34945913461538464 0.5827991452991453 0.3518629807692308 0.5993589743589743 0.3777043269230769 0.594017094017094 0.3801081730769231 0.5924145299145299 0.38100961538461536 0.5860042735042735 0.3798076923076923 0.5779914529914529 0.37349759615384615 0.5715811965811965 0.35546875 0.5742521367521367
2 0.42247596153846156 0.5779914529914529 0.4221754807692308 0.5918803418803419 0.42518028846153844 0.5956196581196581 0.44681490384615385 0.5908119658119658 0.4504206730769231 0.5881410256410257 0.45132211538461536 0.5811965811965812 0.4501201923076923 0.5710470085470085 0.44771634615384615 0.5689102564102564 0.4299879807692308 0.5715811965811965 0.4248798076923077 0.5737179487179487
2 0.45372596153846156 0.5673076923076923 0.45372596153846156 0.5811965811965812 0.4561298076923077 0.5849358974358975 0.4777644230769231 0.5838675213675214 0.4813701923076923 0.5811965811965812 0.4813701923076923 0.5662393162393162 0.4795673076923077 0.5625 0.46664663461538464 0.5614316239316239
2 0.4834735576923077 0.5662393162393162 0.4831730769230769 0.5790598290598291 0.48587740384615385 0.5822649572649573 0.5087139423076923 0.5790598290598291 0.5114182692307693 0.5742521367521367 0.5108173076923077 0.5646367521367521 0.5087139423076923 0.5582264957264957 0.48768028846153844 0.5598290598290598
2 0.5141225961538461 0.5689102564102564 0.5144230769230769 0.5758547008547008 0.5174278846153846 0.5785256410256411 0.5402644230769231 0.5747863247863247 0.54296875 0.5705128205128205 0.5426682692307693 0.5571581196581197 0.5411658653846154 0.5534188034188035 0.5381610576923077 0.5518162393162394 0.5186298076923077 0.5528846153846154 0.5171274038461539 0.5550213675213675
2 0.5327524038461539 0.48878205128205127 0.5327524038461539 0.5117521367521367 0.5396634615384616 0.5101495726495726 0.5408653846153846 0.5058760683760684 0.5417668269230769 0.4893162393162393 0.5405649038461539 0.4807692307692308 0.5363581730769231 0.4797008547008547
2 0.5426682692307693 0.46955128205128205 0.5423677884615384 0.48183760683760685 0.5432692307692307 0.4855769230769231 0.5652043269230769 0.4855769230769231 0.5679086538461539 0.48344017094017094 0.5682091346153846 0.468482905982906 0.5649038461538461 0.46474358974358976 0.5462740384615384 0.4636752136752137 0.5441706730769231 0.4652777777777778
2 0.5694110576923077 0.4722222222222222 0.5688100961538461 0.484508547008547 0.5706129807692307 0.48717948717948717 0.5919471153846154 0.4855769230769231 0.5955528846153846 0.4807692307692308 0.5943509615384616 0.4668803418803419 0.5922475961538461 0.46474358974358976 0.5727163461538461 0.4668803418803419
2 0.6075721153846154 0.484508547008547 0.6069711538461539 0.49786324786324787 0.6162860576923077 0.5170940170940171 0.6195913461538461 0.5202991452991453 0.6225961538461539 0.5186965811965812 0.6262019230769231 0.5117521367521367 0.6262019230769231 0.5085470085470085 0.6204927884615384 0.49038461538461536 0.6144831730769231 0.48023504273504275 0.609375 0.4807692307692308
2 0.6225961538461539 0.5202991452991453 0.6219951923076923 0.5267094017094017 0.6228966346153846 0.530982905982906 0.6304086538461539 0.5496794871794872 0.6331129807692307 0.5539529914529915 0.6385216346153846 0.5523504273504274 0.6412259615384616 0.5438034188034188 0.6409254807692307 0.5389957264957265 0.6316105769230769 0.5154914529914529 0.6265024038461539 0.5128205128205128
2 0.6391225961538461 0.5528846153846154 0.6397235576923077 0.5614316239316239 0.6511418269230769 0.5849358974358975 0.6550480769230769 0.5870726495726496 0.6622596153846154 0.5817307692307693 0.6628605769230769 0.5742521367521367 0.6613581730769231 0.5678418803418803 0.6586538461538461 0.5608974358974359 0.6484375 0.5448717948717948 0.6436298076923077 0.5438034188034188
2 0.6814903846153846 0.5876068376068376 0.6811899038461539 0.593482905982906 0.6829927884615384 0.5993589743589743 0.6893028846153846 0.6004273504273504 0.7073317307692307 0.5860042735042735 0.7082331730769231 0.5844017094017094 0.7079326923076923 0.5710470085470085 0.7046274038461539 0.5678418803418803 0.6995192307692307 0.5694444444444444 0.6856971153846154 0.5790598290598291
2 0.7097355769230769 0.5651709401709402 0.7082331730769231 0.5673076923076923 0.7085336538461539 0.5811965811965812 0.7112379807692307 0.5849358974358975 0.7313701923076923 0.5790598290598291 0.7364783653846154 0.5742521367521367 0.7364783653846154 0.5603632478632479 0.7334735576923077 0.5571581196581197 0.7133413461538461 0.5625
2 0.7373798076923077 0.5614316239316239 0.7370793269230769 0.5731837606837606 0.7397836538461539 0.5758547008547008 0.7638221153846154 0.5774572649572649 0.7662259615384616 0.5747863247863247 0.7674278846153846 0.5673076923076923 0.7671274038461539 0.5608974358974359 0.7620192307692307 0.5560897435897436 0.7409855769230769 0.5544871794871795 0.73828125 0.5576923076923077
2 0.7680288461538461 0.5710470085470085 0.7674278846153846 0.5742521367521367 0.7686298076923077 0.5779914529914529 0.79296875 0.594551282051282 0.7965745192307693 0.594551282051282 0.7995793269230769 0.5838675213675214 0.7995793269230769 0.5779914529914529 0.7977764423076923 0.5737179487179487 0.7785456730769231 0.5608974358974359 0.7716346153846154 0.561965811965812
2 0.7989783653846154 0.5918803418803419 0.7986778846153846 0.5950854700854701 0.8001802884615384 0.5988247863247863 0.8239182692307693 0.6196581196581197 0.8260216346153846 0.6159188034188035 0.8263221153846154 0.6095085470085471 0.8293269230769231 0.5988247863247863 0.828125 0.5950854700854701 0.8176081730769231 0.5849358974358975 0.8037860576923077 0.5785256410256411
2 0.8260216346153846 0.6095085470085471 0.8254206730769231 0.6196581196581197 0.8350360576923077 0.6324786324786325 0.8488581730769231 0.6469017094017094 0.8524639423076923 0.6463675213675214 0.8557692307692307 0.6410256410256411 0.8578725961538461 0.6314102564102564 0.8575721153846154 0.6276709401709402 0.8455528846153846 0.6127136752136753 0.8317307692307693 0.5998931623931624 0.8296274038461539 0.6014957264957265
2 0.8452524038461539 0.5844017094017094 0.8416466346153846 0.5950854700854701 0.8434495192307693 0.6014957264957265 0.859375 0.625534188034188 0.8626802884615384 0.6276709401709402 0.8662860576923077 0.625534188034188 0.8698918269230769 0.6159188034188035 0.8680889423076923 0.6063034188034188 0.8527644230769231 0.5844017094017094 0.8488581730769231 0.5817307692307693
2 0.8218149038461539 0.5582264957264957 0.8212139423076923 0.5641025641025641 0.8233173076923077 0.5710470085470085 0.8347355769230769 0.5913461538461539 0.8383413461538461 0.5950854700854701 0.8404447115384616 0.594017094017094 0.8458533653846154 0.5795940170940171 0.8452524038461539 0.5747863247863247 0.8314302884615384 0.5512820512820513 0.8275240384615384 0.5507478632478633
2 0.80859375 0.5224358974358975 0.8082932692307693 0.5261752136752137 0.8100961538461539 0.5341880341880342 0.8176081730769231 0.5534188034188035 0.8212139423076923 0.5566239316239316 0.8287259615384616 0.5496794871794872 0.828125 0.5389957264957265 0.8179086538461539 0.5144230769230769 0.8140024038461539 0.5122863247863247
2 0.7977764423076923 0.4877136752136752 0.7965745192307693 0.49198717948717946 0.7989783653846154 0.5053418803418803 0.8034855769230769 0.5202991452991453 0.8070913461538461 0.5240384615384616 0.8134014423076923 0.5122863247863247 0.80859375 0.48717948717948717 0.8067908653846154 0.4823717948717949 0.8019831730769231 0.4807692307692308 0.8004807692307693 0.4813034188034188
2 0.7920673076923077 0.469017094017094 0.7917668269230769 0.4738247863247863 0.79296875 0.47702991452991456 0.8013822115384616 0.4775641025641026 0.8079927884615384 0.4481837606837607 0.8076923076923077 0.4428418803418803 0.8046875 0.44017094017094016 0.7998798076923077 0.4428418803418803 0.7959735576923077 0.452991452991453
2 0.7713341346153846 0.4305555555555556 0.7713341346153846 0.4391025641025641 0.7749399038461539 0.4428418803418803 0.7932692307692307 0.4519230769230769 0.796875 0.4444444444444444 0.7974759615384616 0.43482905982905984 0.7962740384615384 0.43162393162393164 0.7794471153846154 0.4230769230769231 0.7740384615384616 0.42467948717948717
2 0.5336358173076923 0.5265432692307692 0.5426703725961539 0.5558733974358975 0.5489555288461538 0.5544764957264957 0.5491517427884616 0.5401607905982906 0.5420811298076923 0.5122275641025641 0.5355997596153846 0.5115293803418803
2 0.17283743990384615 0.516417735042735 0.18756790865384615 0.541906517094017 0.1944423076923077 0.5366693376068375 0.19620973557692306 0.5352724358974359 0.1928707932692308 0.5227024572649572 0.1799080528846154 0.49930822649572654 0.17460516826923078 0.5003557692307693
2 0.1714627403846154 0.5122275641025641 0.16301712740384613 0.4930235042735043 0.16282091346153849 0.47870726495726496 0.16714182692307694 0.47626335470085474 0.1799080528846154 0.4982606837606838 0.17539092548076923 0.5003557692307693
2 0.16910576923076923 0.4294748931623931 0.16930228365384614 0.40258920940170945 0.16714182692307694 0.3949075854700855 0.1618386418269231 0.3949075854700855 0.1588927283653846 0.41655608974358976 0.15869621394230768 0.4207457264957265 0.15869621394230768 0.4256340811965812 0.1588927283653846 0.4308717948717949 0.16124939903846155 0.43331570512820516 0.16596334134615384 0.43331570512820516 0.16910576923076923 0.4319193376068376
2 0.1602674278846154 0.39805021367521365 0.15948197115384616 0.38932104700854697 0.16832001201923077 0.3648792735042735 0.17597986778846153 0.3659268162393162 0.17421243990384616 0.37395726495726495 0.17028425480769233 0.39176495726495725 0.16812379807692307 0.3977008547008547 0.16557061298076922 0.39700267094017094
2 0.1748016826923077 0.3687200854700855 0.18442548076923077 0.3488173076923077 0.18285426682692307 0.3428814102564103 0.17774759615384614 0.34078685897435895 0.16832001201923077 0.36138728632478634 0.16792728365384615 0.3687200854700855 0.17028425480769233 0.36627564102564103
2 0.18481820913461539 0.3456752136752137 0.1930673076923077 0.32996260683760686 0.19228185096153846 0.3201858974358974 0.18619320913461537 0.317741452991453 0.17853335336538462 0.3338034188034188 0.17735486778846152 0.3404375 0.1799080528846154 0.34078685897435895 0.1834435096153846 0.34323076923076923
4 0.3401442307692308 0.22168803418803418 0.3407451923076923 0.23023504273504272 0.34525240384615385 0.234508547008547 0.36268028846153844 0.22702991452991453 0.36147836538461536 0.2168803418803419 0.3596754807692308 0.21367521367521367 0.3446514423076923 0.21581196581196582
4 0.36478365384615385 0.21314102564102563 0.3644831730769231 0.22382478632478633 0.36778846153846156 0.22756410256410256 0.38431490384615385 0.22435897435897437 0.3858173076923077 0.22115384615384615 0.38491586538461536 0.21153846153846154 0.3831129807692308 0.20886752136752137 0.3707932692307692 0.20886752136752137
4 0.3876201923076923 0.20993589743589744 0.38671875 0.2206196581196581 0.38822115384615385 0.22382478632478633 0.40564903846153844 0.22382478632478633 0.4065504807692308 0.2222222222222222 0.40685096153846156 0.2094017094017094 0.40444711538461536 0.20673076923076922 0.3942307692307692 0.20619658119658119
4 0.4092548076923077 0.2094017094017094 0.40865384615384615 0.21955128205128205 0.4098557692307692 0.22382478632478633 0.42518028846153844 0.22596153846153846 0.4299879807692308 0.22382478632478633 0.43028846153846156 0.2142094017094017 0.4284855769230769 0.2094017094017094 0.41856971153846156 0.20726495726495728 0.4113581730769231 0.20726495726495728
4 0.43118990384615385 0.21367521367521367 0.4308894230769231 0.2232905982905983 0.43209134615384615 0.2248931623931624 0.4450120192307692 0.2297008547008547 0.44921875 0.2297008547008547 0.44981971153846156 0.2280982905982906 0.45072115384615385 0.2168803418803419 0.4483173076923077 0.21314102564102563 0.4347956730769231 0.20833333333333334
4 0.45102163461538464 0.21848290598290598 0.4504206730769231 0.2280982905982906 0.4528245192307692 0.23237179487179488 0.46634615384615385 0.23931623931623933 0.47085336538461536 0.2329059829059829 0.47115384615384615 0.22596153846153846 0.46935096153846156 0.2222222222222222 0.4534254807692308 0.21474358974358973
4 0.4870793269230769 0.23076923076923078 0.48587740384615385 0.23397435897435898 0.48617788461538464 0.2377136752136752 0.49459134615384615 0.2467948717948718 0.50390625 0.2467948717948718 0.5072115384615384 0.24412393162393162 0.5069110576923077 0.234508547008547 0.5048076923076923 0.23023504273504272 0.4912860576923077 0.22863247863247863
4 0.5111177884615384 0.2377136752136752 0.5108173076923077 0.24465811965811965 0.5123197115384616 0.2467948717948718 0.5258413461538461 0.2516025641025641 0.5297475961538461 0.25 0.5315504807692307 0.23931623931623933 0.5315504807692307 0.2377136752136752 0.5261418269230769 0.23397435897435898 0.515625 0.23183760683760685 0.5129206730769231 0.23344017094017094
4 0.5318509615384616 0.2419871794871795 0.5303485576923077 0.25106837606837606 0.5318509615384616 0.2532051282051282 0.5459735576923077 0.25801282051282054 0.55078125 0.25801282051282054 0.5519831730769231 0.2553418803418803 0.5516826923076923 0.24465811965811965 0.5501802884615384 0.2419871794871795 0.5363581730769231 0.2377136752136752 0.5330528846153846 0.2387820512820513
4 0.5528846153846154 0.24519230769230768 0.5522836538461539 0.2548076923076923 0.5540865384615384 0.25854700854700857 0.5652043269230769 0.26175213675213677 0.5709134615384616 0.26175213675213677 0.5724158653846154 0.25854700854700857 0.5727163461538461 0.2516025641025641 0.5697115384615384 0.2467948717948718 0.5588942307692307 0.24358974358974358
4 0.5736177884615384 0.25106837606837606 0.5730168269230769 0.25961538461538464 0.57421875 0.2622863247863248 0.5904447115384616 0.2670940170940171 0.5949519230769231 0.265491452991453 0.5952524038461539 0.2569444444444444 0.5940504807692307 0.2516025641025641 0.5787259615384616 0.24626068376068377 0.5757211538461539 0.24732905982905984
4 0.5961538461538461 0.25854700854700857 0.5955528846153846 0.265491452991453 0.5988581730769231 0.2686965811965812 0.6060697115384616 0.2692307692307692 0.6168870192307693 0.265491452991453 0.6165865384615384 0.2569444444444444 0.6135817307692307 0.2537393162393162 0.5988581730769231 0.25213675213675213
4 0.6337139423076923 0.26976495726495725 0.6334134615384616 0.27564102564102566 0.6361177884615384 0.2793803418803419 0.6508413461538461 0.2831196581196581 0.6550480769230769 0.2831196581196581 0.6565504807692307 0.2793803418803419 0.65625 0.2702991452991453 0.6511418269230769 0.26495726495726496 0.6391225961538461 0.2622863247863248 0.6361177884615384 0.2638888888888889
4 0.6574519230769231 0.2761752136752137 0.6571514423076923 0.28205128205128205 0.6607572115384616 0.2847222222222222 0.6754807692307693 0.2879273504273504 0.6787860576923077 0.28685897435897434 0.6799879807692307 0.2825854700854701 0.6799879807692307 0.27510683760683763 0.67578125 0.2702991452991453 0.6607572115384616 0.2686965811965812
4 0.6796875 0.297008547008547 0.6799879807692307 0.3071581196581197 0.6817908653846154 0.3092948717948718 0.6856971153846154 0.30822649572649574 0.6974158653846154 0.29754273504273504 0.6980168269230769 0.28952991452991456 0.6962139423076923 0.2847222222222222 0.6899038461538461 0.2847222222222222
4 0.7160456730769231 0.234508547008547 0.7142427884615384 0.2377136752136752 0.7145432692307693 0.24626068376068377 0.7151442307692307 0.24946581196581197 0.7172475961538461 0.25053418803418803 0.7319711538461539 0.24305555555555555 0.7331730769230769 0.23023504273504272 0.7295673076923077 0.2280982905982906
4 0.7397836538461539 0.2403846153846154 0.7394831730769231 0.24465811965811965 0.7409855769230769 0.2467948717948718 0.7572115384615384 0.25587606837606836 0.7593149038461539 0.25587606837606836 0.7629206730769231 0.24572649572649571 0.7605168269230769 0.23985042735042736 0.7463942307692307 0.23183760683760685 0.7418870192307693 0.23397435897435898
4 0.76171875 0.25106837606837606 0.7614182692307693 0.25854700854700857 0.7671274038461539 0.265491452991453 0.7794471153846154 0.27136752136752135 0.7833533653846154 0.265491452991453 0.7830528846153846 0.25801282051282054 0.7755408653846154 0.25106837606837606 0.7671274038461539 0.2467948717948718 0.7644230769230769 0.2467948717948718
4 0.7767427884615384 0.38247863247863245 0.77734375 0.3936965811965812 0.7794471153846154 0.3958333333333333 0.7896634615384616 0.3798076923076923 0.7896634615384616 0.37232905982905984 0.7863581730769231 0.36752136752136755 0.7830528846153846 0.3685897435897436
4 0.7599158653846154 0.40865384615384615 0.7596153846153846 0.4172008547008547 0.76171875 0.41933760683760685 0.7653245192307693 0.4188034188034188 0.7734375 0.40384615384615385 0.7761162860576923 0.3958942307692308 0.7741358173076923 0.3872879273504274 0.7677283653846154 0.38995726495726496
4 0.7424879807692307 0.4321581196581197 0.7421875 0.4412393162393162 0.7445913461538461 0.44871794871794873 0.7614182692307693 0.4358974358974359 0.7647235576923077 0.4252136752136752 0.7626201923076923 0.421474358974359 0.7581129807692307 0.4188034188034188
4 0.7208533653846154 0.4561965811965812 0.7211538461538461 0.46260683760683763 0.7238581730769231 0.46634615384615385 0.7274639423076923 0.4658119658119658 0.7352764423076923 0.4583333333333333 0.7427884615384616 0.4481837606837607 0.7412860576923077 0.43536324786324787 0.7373798076923077 0.43536324786324787 0.7301682692307693 0.4412393162393162 0.7238581730769231 0.44871794871794873
4 0.7163461538461539 0.4775641025641026 0.7145432692307693 0.483974358974359 0.7088341346153846 0.4946581196581197 0.7106370192307693 0.4962606837606838 0.7133413461538461 0.5058760683760684 0.7166466346153846 0.5037393162393162 0.7244591346153846 0.49038461538461536 0.7265625 0.47649572649572647 0.7250600961538461 0.47275641025641024 0.7202524038461539 0.4722222222222222
4 0.6733774038461539 0.5779914529914529 0.6730769230769231 0.5811965811965812 0.6751802884615384 0.5881410256410257 0.6787860576923077 0.5881410256410257 0.6820913461538461 0.5838675213675214 0.6844951923076923 0.5774572649572649 0.6847956730769231 0.5710470085470085 0.6893028846153846 0.5502136752136753 0.6820913461538461 0.5502136752136753 0.6793870192307693 0.5550213675213675 0.6790865384615384 0.5603632478632479
4 0.6271424278846154 0.34386485042735043 0.6330838341346153 0.3395614316239316 0.6352842548076924 0.32860790598290596 0.6405655048076924 0.3266522435897436 0.6418858173076922 0.3266522435897436 0.6427659254807693 0.32195779914529915 0.6392451923076923 0.31648076923076923 0.6245018028846154 0.3258696581196581 0.6225213341346154 0.33760576923076924
4 0.6458467548076924 0.32704326923076926 0.6599299879807692 0.31921901709401707 0.6603701923076923 0.3086570512820513 0.6570694110576922 0.30278899572649576 0.6394654447115384 0.31335096153846154 0.6388052884615385 0.3160897435897436 0.6412256610576923 0.3176543803418803 0.6425459735576923 0.3235224358974359 0.6445264423076923 0.3266522435897436
4 0.6610303485576924 0.31843696581196584 0.6806147836538461 0.31335096153846154 0.68039453125 0.30044177350427353 0.6781941105769231 0.2957473290598291 0.6586096754807692 0.299659188034188 0.6570694110576922 0.30278899572649576 0.6590498798076924 0.3047446581196581
4 0.6938176081730769 0.2812729700854701 0.7039399038461538 0.2664070512820513 0.7041601562500001 0.2574097222222222 0.6997590144230769 0.25467094017094016 0.6894167668269231 0.26679861111111114 0.6880964543269231 0.27696955128205125
4 0.704380108173077 0.26171260683760683 0.7156024639423078 0.25154166666666666 0.7153825120192308 0.24489102564102563 0.712301983173077 0.2390229700854701 0.7098813100961539 0.24019658119658122 0.69887890625 0.2534978632478633 0.6984387019230769 0.2566271367521368 0.701079326923077 0.2562361111111111 0.70283984375 0.2562361111111111
4 0.7838182091346154 0.2918354700854701 0.7899795673076924 0.27696955128205125 0.7890994591346154 0.26836324786324783 0.7860186298076923 0.265625 0.7811775841346154 0.2714930555555556 0.7791971153846154 0.2797077991452992 0.7772166466346154 0.28205502136752136 0.7765564903846154 0.28557585470085467 0.7813975360576924 0.28557585470085467
4 0.7761162860576923 0.314133547008547 0.7833780048076923 0.2937911324786325 0.7835979567307692 0.28635844017094014 0.7763365384615385 0.2840112179487179 0.7686346153846154 0.2984855769230769 0.7670943509615384 0.3055272435897436 0.7670943509615384 0.30943910256410256 0.7708350360576923 0.31022168803418804
4 0.7648939302884615 0.32860790598290596 0.7741358173076923 0.3466030982905983 0.7776568509615385 0.33760576923076924 0.7827178485576923 0.3372142094017094 0.7820576923076923 0.33134615384615385 0.7712752403846154 0.314133547008547 0.7670943509615384 0.3149161324786325 0.7655540865384616 0.3266522435897436
4 0.7736959134615385 0.34895032051282054 0.7816174879807692 0.37085737179487177 0.7864588341346154 0.36890170940170935 0.7886592548076923 0.3720309829059829 0.7899795673076924 0.36264262820512816 0.7846983173076924 0.3379967948717949 0.7787569110576923 0.33486698717948715 0.7756763822115385 0.3395614316239316
4 0.7008593750000001 0.5304674145299145 0.7125219350961539 0.5105160256410256 0.7127418870192308 0.5007361111111112 0.7079008413461538 0.4952590811965812 0.6924972956730768 0.5144278846153846 0.6916171875000001 0.5214695512820513 0.6951379206730769 0.5206869658119658 0.6977785456730768 0.5273376068376069
4 0.6986586538461539 0.5308584401709402 0.6977785456730768 0.5226431623931624 0.6916171875000001 0.5187313034188035 0.6819350961538462 0.5449417735042735 0.6801745793269232 0.5519834401709403 0.685015625 0.5476800213675214 0.689196514423077 0.5543306623931624
1 0.31820913461538464 0.24519230769230768 0.31790865384615385 0.24786324786324787 0.32091346153846156 0.2553418803418803 0.32481971153846156 0.25747863247863245 0.33353365384615385 0.2467948717948718 0.3347355769230769 0.23397435897435898 0.33143028846153844 0.22916666666666666 0.3269230769230769 0.23076923076923078 0.32241586538461536 0.2361111111111111
1 0.29837740384615385 0.2548076923076923 0.29867788461538464 0.2676282051282051 0.30018028846153844 0.2702991452991453 0.3173076923076923 0.26335470085470086 0.32091346153846156 0.25854700854700857 0.31790865384615385 0.24465811965811965 0.30228365384615385 0.25
1 0.27493990384615385 0.26495726495726496 0.2746394230769231 0.2724358974358974 0.27794471153846156 0.27510683760683763 0.29356971153846156 0.27297008547008544 0.29837740384615385 0.2692307692307692 0.2971754807692308 0.25747863247863245 0.2932692307692308 0.2548076923076923 0.27884615384615385 0.2569444444444444 0.2761418269230769 0.2590811965811966
1 0.2512019230769231 0.26335470085470086 0.25060096153846156 0.2719017094017094 0.25240384615384615 0.27350427350427353 0.26772836538461536 0.2745726495726496 0.2743389423076923 0.2724358974358974 0.2737379807692308 0.25854700854700857 0.27193509615384615 0.2564102564102564 0.25721153846153844 0.2537393162393162 0.25540865384615385 0.2548076923076923
1 0.22265625 0.2841880341880342 0.22235576923076922 0.2932692307692308 0.22686298076923078 0.296474358974359 0.23076923076923078 0.2954059829059829 0.2421875 0.2793803418803419 0.24248798076923078 0.2719017094017094 0.2403846153846154 0.2676282051282051 0.23377403846153846 0.265491452991453 0.22776442307692307 0.2724358974358974
1 0.19951923076923078 0.3157051282051282 0.19831730769230768 0.32104700854700857 0.19951923076923078 0.32264957264957267 0.20673076923076922 0.32371794871794873 0.21003605769230768 0.32211538461538464 0.21814903846153846 0.3125 0.21935096153846154 0.3034188034188034 0.2169471153846154 0.2986111111111111 0.21123798076923078 0.2980769230769231 0.20643028846153846 0.30288461538461536
1 0.16917067307692307 0.3974358974358974 0.16887019230769232 0.4321581196581197 0.17127403846153846 0.4342948717948718 0.17698317307692307 0.43322649572649574 0.17908653846153846 0.42895299145299143 0.17818509615384615 0.4099001068376068 0.17908653846153846 0.3974358974358974 0.171875 0.39316239316239315
1 0.18118990384615385 0.4284188034188034 0.18058894230769232 0.4407051282051282 0.18118990384615385 0.4439102564102564 0.18359375 0.44604700854700857 0.20222355769230768 0.4444444444444444 0.20673076923076922 0.4428418803418803 0.20943509615384615 0.4391025641025641 0.20853365384615385 0.42788461538461536 0.20643028846153846 0.42414529914529914 0.18659855769230768 0.42467948717948717
1 0.20943509615384615 0.42414529914529914 0.21003605769230768 0.43643162393162394 0.21153846153846154 0.4391025641025641 0.22686298076923078 0.4358974358974359 0.23527644230769232 0.4321581196581197 0.23707932692307693 0.42895299145299143 0.23677884615384615 0.41773504273504275 0.234375 0.41346153846153844 0.21394230769230768 0.41773504273504275
1 0.23888221153846154 0.41185897435897434 0.2361778846153846 0.4150641025641026 0.23737980769230768 0.42895299145299143 0.23918269230769232 0.4305555555555556 0.2509014423076923 0.4284188034188034 0.26382211538461536 0.42094017094017094 0.2626201923076923 0.4075854700854701 0.25961538461538464 0.4049145299145299
1 0.26322115384615385 0.406517094017094 0.2644230769230769 0.421474358974359 0.265625 0.42254273504273504 0.28575721153846156 0.4182692307692308 0.29056490384615385 0.41452991452991456 0.2902644230769231 0.4017094017094017 0.28665865384615385 0.39797008547008544 0.2683293269230769 0.40224358974358976
1 0.29146634615384615 0.39797008547008544 0.2917668269230769 0.4107905982905983 0.2932692307692308 0.41452991452991456 0.31069711538461536 0.4113247863247863 0.3176081730769231 0.4075854700854701 0.3167067307692308 0.39636752136752135 0.31460336538461536 0.391025641025641 0.2980769230769231 0.3936965811965812
1 0.33383413461538464 0.3936965811965812 0.33353365384615385 0.4011752136752137 0.3359375 0.4049145299145299 0.35757211538461536 0.4075854700854701 0.3581730769230769 0.39316239316239315 0.3563701923076923 0.390491452991453 0.33834134615384615 0.3856837606837607
1 0.3581730769230769 0.3958333333333333 0.35727163461538464 0.406517094017094 0.36147836538461536 0.4107905982905983 0.3762019230769231 0.4155982905982906 0.38040865384615385 0.4150641025641026 0.3819110576923077 0.41185897435897434 0.3828125 0.40384615384615385 0.38131009615384615 0.3974358974358974 0.36388221153846156 0.39155982905982906 0.36087740384615385 0.3920940170940171
1 0.3831129807692308 0.4097222222222222 0.3828125 0.41452991452991456 0.38912259615384615 0.4188034188034188 0.40625 0.4166666666666667 0.40835336538461536 0.41452991452991456 0.40835336538461536 0.4097222222222222 0.4065504807692308 0.4043803418803419 0.39242788461538464 0.39850427350427353 0.38671875 0.39797008547008544 0.38431490384615385 0.40010683760683763
1 0.43900240384615385 0.41399572649572647 0.44080528846153844 0.4188034188034188 0.45132211538461536 0.4198717948717949 0.4597355769230769 0.42574786324786323 0.4621394230769231 0.4166666666666667 0.46153846153846156 0.4113247863247863 0.45492788461538464 0.4091880341880342 0.4426081730769231 0.41025641025641024
1 0.46304086538461536 0.4113247863247863 0.46334134615384615 0.42735042735042733 0.4639423076923077 0.42467948717948717 0.47025240384615385 0.4188034188034188 0.48497596153846156 0.4172008547008547 0.48647836538461536 0.4113247863247863 0.4846754807692308 0.4081196581196581 0.48197115384615385 0.4075854700854701 0.46634615384615385 0.40865384615384615
1 0.4870793269230769 0.4097222222222222 0.48768028846153844 0.4182692307692308 0.49429086538461536 0.4155982905982906 0.51171875 0.41452991452991456 0.5108173076923077 0.40384615384615385 0.4909855769230769 0.40705128205128205
1 0.5114182692307693 0.4033119658119658 0.5108173076923077 0.4075854700854701 0.5120192307692307 0.4129273504273504 0.5165264423076923 0.4150641025641026 0.5282451923076923 0.4075854700854701 0.5315504807692307 0.4043803418803419 0.5327524038461539 0.40064102564102566 0.5297475961538461 0.3958333333333333 0.5255408653846154 0.3958333333333333 0.5162259615384616 0.39903846153846156
1 0.47716346153846156 0.24305555555555555 0.4762620192307692 0.24786324786324787 0.4774639423076923 0.2516025641025641 0.48828125 0.26175213675213677 0.4912860576923077 0.26335470085470086 0.4924879807692308 0.26175213675213677 0.4948918269230769 0.2516025641025641 0.49158653846153844 0.24465811965811965 0.4840745192307692 0.23664529914529914 0.48106971153846156 0.2361111111111111 0.4792668269230769 0.23717948717948717
1 0.49459134615384615 0.2532051282051282 0.4930889423076923 0.25801282051282054 0.4933894230769231 0.26495726495726496 0.5018028846153846 0.27403846153846156 0.5087139423076923 0.2761752136752137 0.5135216346153846 0.2686965811965812 0.5096153846153846 0.26121794871794873 0.5015024038461539 0.25427350427350426 0.49819711538461536 0.2516025641025641
1 0.5108173076923077 0.27136752136752135 0.5096153846153846 0.2777777777777778 0.5150240384615384 0.2879273504273504 0.5186298076923077 0.2916666666666667 0.5258413461538461 0.2932692307692308 0.5246394230769231 0.28846153846153844 0.5261418269230769 0.28205128205128205 0.5231370192307693 0.27510683760683763 0.515625 0.2676282051282051 0.5129206730769231 0.26816239316239315
1 0.5252403846153846 0.2857905982905983 0.5237379807692307 0.2932692307692308 0.5297475961538461 0.29967948717948717 0.5393629807692307 0.30822649572649574 0.5453725961538461 0.3055555555555556 0.5456730769230769 0.297008547008547 0.5414663461538461 0.28952991452991456 0.5297475961538461 0.281517094017094 0.5267427884615384 0.2825854700854701
1 0.5573918269230769 0.2922008547008547 0.5570913461538461 0.30074786324786323 0.5588942307692307 0.30448717948717946 0.5612980769230769 0.30502136752136755 0.578125 0.29754273504273504 0.5787259615384616 0.2863247863247863 0.5778245192307693 0.2825854700854701 0.5709134615384616 0.28205128205128205 0.5612980769230769 0.2863247863247863
1 0.5832331730769231 0.27884615384615385 0.5793269230769231 0.2825854700854701 0.5796274038461539 0.2932692307692308 0.5814302884615384 0.297008547008547 0.5952524038461539 0.2922008547008547 0.5985576923076923 0.28952991452991456 0.6000600961538461 0.2857905982905983 0.5997596153846154 0.2767094017094017 0.5964543269230769 0.27403846153846156
1 0.5997596153846154 0.2724358974358974 0.6000600961538461 0.2857905982905983 0.6018629807692307 0.2879273504273504 0.6162860576923077 0.2847222222222222 0.6195913461538461 0.2825854700854701 0.6204927884615384 0.2793803418803419 0.6195913461538461 0.2724358974358974 0.6162860576923077 0.2676282051282051 0.6057692307692307 0.2686965811965812
1 0.2069864783653846 0.32902938034188034 0.1977325721153846 0.3525315170940171 0.19622145432692306 0.34548076923076926 0.19112259615384616 0.34178792735042735 0.19017818509615386 0.3391020299145299 0.19263341346153845 0.33171527777777776 0.19886568509615385 0.3186212606837607 0.20339813701923076 0.3179497863247863 0.2069864783653846 0.3266794871794872
1 0.1879119591346154 0.3767051282051282 0.19792127403846155 0.35186004273504273 0.19678816105769228 0.3434663461538462 0.19017818509615386 0.34178792735042735 0.1860234375 0.34581677350427353 0.1831905048076923 0.3535389957264958 0.1803575721153846 0.3592462606837607 0.17922445913461538 0.3636111111111111 0.18205739182692307 0.3636111111111111 0.18526802884615384 0.3693189102564103 0.18621213942307693 0.3750261752136752
1 0.18621213942307693 0.3746907051282052 0.17979116586538463 0.402221688034188 0.17903575721153847 0.3961784188034188 0.17204807692307694 0.39416399572649574 0.17091496394230768 0.3864417735042735 0.17318118990384615 0.37838408119658123 0.17676953125 0.3656255341880342 0.17809134615384614 0.3636111111111111 0.18149068509615385 0.3639471153846154 0.18337950721153848 0.36629700854700853 0.1860234375 0.3720048076923077
1 0.41032872596153847 0.3886431623931624 0.41847115384615385 0.41189155982905984 0.4253801081730769 0.4101367521367521 0.4256268028846154 0.4035571581196581 0.4177310697115385 0.3750448717948718 0.4120561899038462 0.37416773504273504
1 0.40934194711538463 0.3811858974358975 0.40342007211538466 0.36407905982905986 0.4041604567307692 0.353551282051282 0.40983533653846155 0.35004220085470084 0.41625060096153843 0.3728520299145299 0.4115625 0.3746063034188034 0.41032872596153847 0.3842564102564102
1 0.40169290865384616 0.35881517094017096 0.3955243389423077 0.3390758547008547 0.39577133413461535 0.3338119658119658 0.39947235576923074 0.33205715811965814 0.4031733774038461 0.3351282051282051 0.4086015625 0.3487259615384616 0.4063810096153846 0.353551282051282 0.4041604567307692 0.3544284188034188 0.4029266826923077 0.3614471153846154
1 0.39379717548076926 0.33644391025641024 0.38984945913461544 0.323284188034188 0.38984945913461544 0.3118798076923077 0.3935504807692308 0.30793162393162393 0.40391376201923074 0.3254775641025641 0.40514723557692306 0.3351282051282051 0.40119951923076924 0.33337339743589745 0.39749849759615385 0.3316185897435897
3 0.33834134615384615 0.375 0.33774038461538464 0.3814102564102564 0.3386418269230769 0.38461538461538464 0.3584735576923077 0.390491452991453 0.36177884615384615 0.3872863247863248 0.3620793269230769 0.38247863247863245 0.359375 0.3782051282051282 0.35306490384615385 0.3766025641025641 0.3425480769230769 0.3782051282051282
3 0.3362379807692308 0.3696581196581197 0.3368389423076923 0.3798076923076923 0.3395432692307692 0.3819444444444444 0.3518629807692308 0.37393162393162394 0.35727163461538464 0.3627136752136752 0.35697115384615385 0.358974358974359 0.35216346153846156 0.3504273504273504 0.34585336538461536 0.3557692307692308
3 0.3623798076923077 0.38354700854700857 0.3629807692307692 0.390491452991453 0.3825120192307692 0.3974358974358974 0.38461538461538464 0.39636752136752135 0.38611778846153844 0.390491452991453 0.3858173076923077 0.38675213675213677 0.3837139423076923 0.38461538461538464 0.36929086538461536 0.38247863247863245
3 0.3870192307692308 0.38995726495726496 0.38731971153846156 0.3974358974358974 0.40174278846153844 0.4011752136752137 0.4074519230769231 0.40705128205128205 0.41075721153846156 0.40064102564102566 0.4092548076923077 0.3952991452991453 0.40685096153846156 0.3926282051282051
3 0.3088942307692308 0.5379273504273504 0.30709134615384615 0.5443376068376068 0.3088942307692308 0.5534188034188035 0.31069711538461536 0.5560897435897436 0.33052884615384615 0.5651709401709402 0.3350360576923077 0.5641025641025641 0.3359375 0.5544871794871795 0.3350360576923077 0.5459401709401709 0.3176081730769231 0.5347222222222222 0.3121995192307692 0.5341880341880342
3 0.3362379807692308 0.5587606837606838 0.3359375 0.5641025641025641 0.33743990384615385 0.5657051282051282 0.3527644230769231 0.5726495726495726 0.36147836538461536 0.5721153846153846 0.3644831730769231 0.5678418803418803 0.3641826923076923 0.5534188034188035 0.34525240384615385 0.5454059829059829 0.34164663461538464 0.5448717948717948 0.33804086538461536 0.5486111111111112
3 0.36538461538461536 0.5635683760683761 0.36508413461538464 0.5710470085470085 0.37319711538461536 0.5710470085470085 0.3792067307692308 0.5753205128205128 0.38221153846153844 0.5822649572649573 0.3864182692307692 0.5849358974358975 0.3915264423076923 0.5833333333333334 0.3957331730769231 0.5742521367521367 0.3942307692307692 0.5635683760683761 0.3798076923076923 0.5571581196581197 0.36929086538461536 0.5539529914529915 0.36658653846153844 0.5571581196581197
3 0.3973203125 0.5673076923076923 0.3970198317307692 0.5710470085470085 0.39852223557692307 0.5742521367521367 0.4048323317307692 0.5753205128205128 0.40813762019230765 0.5721153846153846 0.41144290865384614 0.5470085470085471 0.4108419471153846 0.5347222222222222 0.40663521634615385 0.5357905982905983 0.4021280048076923 0.5411324786324786
3 0.4338942307692308 0.4230769230769231 0.4344951923076923 0.42895299145299143 0.4453125 0.44017094017094016 0.4567307692307692 0.4407051282051282 0.4582331730769231 0.4391025641025641 0.45853365384615385 0.4284188034188034 0.45643028846153844 0.422008547008547 0.4384014423076923 0.4182692307692308 0.43539663461538464 0.4198717948717949
3 0.46304086538461536 0.4230769230769231 0.4621394230769231 0.42895299145299143 0.4636418269230769 0.4391025641025641 0.48106971153846156 0.43856837606837606 0.4873798076923077 0.43536324786324787 0.4870793269230769 0.422008547008547 0.4846754807692308 0.41773504273504275 0.46634615384615385 0.4182692307692308
3 0.4885817307692308 0.4182692307692308 0.48888221153846156 0.4342948717948718 0.49068509615384615 0.43643162393162394 0.5111177884615384 0.4342948717948718 0.5141225961538461 0.4321581196581197 0.5141225961538461 0.4182692307692308 0.5123197115384616 0.4150641025641026 0.49669471153846156 0.4155982905982906
3 0.515625 0.42094017094017094 0.515625 0.42948717948717946 0.5174278846153846 0.4326923076923077 0.5309495192307693 0.4284188034188034 0.5366586538461539 0.4166666666666667 0.5384615384615384 0.4107905982905983 0.5384615384615384 0.405982905982906 0.5366586538461539 0.4027777777777778 0.5330528846153846 0.4033119658119658 0.5180288461538461 0.41452991452991456
3 0.5237379807692307 0.37446581196581197 0.5246394230769231 0.38621794871794873 0.5264423076923077 0.3920940170940171 0.53515625 0.40224358974358976 0.5393629807692307 0.40064102564102566 0.5390625 0.3936965811965812 0.5318509615384616 0.3712606837606838 0.5264423076923077 0.37072649572649574
3 0.53515625 0.3627136752136752 0.5354567307692307 0.37286324786324787 0.5399639423076923 0.37606837606837606 0.5504807692307693 0.3701923076923077 0.5573918269230769 0.36164529914529914 0.5549879807692307 0.35096153846153844 0.5534855769230769 0.34989316239316237 0.5411658653846154 0.35523504273504275
3 0.5564903846153846 0.34775641025641024 0.5558894230769231 0.3504273504273504 0.5570913461538461 0.3557692307692308 0.5606971153846154 0.3611111111111111 0.5748197115384616 0.35363247863247865 0.5766225961538461 0.34989316239316237 0.5766225961538461 0.343482905982906 0.5751201923076923 0.33974358974358976 0.5712139423076923 0.3386752136752137 0.5631009615384616 0.3418803418803419
3 0.5775240384615384 0.33386752136752135 0.5757211538461539 0.3349358974358974 0.5778245192307693 0.35149572649572647 0.5967548076923077 0.35363247863247865 0.6000600961538461 0.35096153846153844 0.6003605769230769 0.33814102564102566 0.5991586538461539 0.3370726495726496 0.5862379807692307 0.3333333333333333
3 0.6006610576923077 0.3386752136752137 0.6003605769230769 0.35202991452991456 0.6021634615384616 0.3541666666666667 0.6174879807692307 0.3573717948717949 0.6228966346153846 0.35683760683760685 0.6240985576923077 0.3541666666666667 0.6246995192307693 0.3456196581196581 0.6228966346153846 0.3402777777777778 0.6102764423076923 0.3370726495726496
3 0.6340144230769231 0.3327991452991453 0.6334134615384616 0.3392094017094017 0.6370192307692307 0.35096153846153844 0.6376201923076923 0.34455128205128205 0.6439302884615384 0.3386752136752137 0.6547475961538461 0.3370726495726496 0.6577524038461539 0.33974358974358976 0.6589543269230769 0.3311965811965812 0.6565504807692307 0.3263888888888889 0.6526442307692307 0.32532051282051283 0.6385216346153846 0.32745726495726496
3 0.72265625 0.3263888888888889 0.7223557692307693 0.3344017094017094 0.7274639423076923 0.3408119658119658 0.7307692307692307 0.33066239316239315 0.7415865384615384 0.32425213675213677 0.7445913461538461 0.3215811965811966 0.7448918269230769 0.31837606837606836 0.7427884615384616 0.31143162393162394 0.7376802884615384 0.3125 0.7259615384615384 0.32104700854700857
3 0.33592217548076925 0.24542681623931625 0.34825721153846156 0.25654166666666667 0.34977794471153845 0.24843055555555557 0.3536643629807692 0.24422489316239318 0.35265054086538467 0.2406201923076923 0.3394705528846154 0.22890491452991452 0.33592217548076925 0.23190865384615383
3 0.349440204326923 0.25774305555555554 0.3595787259615385 0.2718616452991453 0.3617752403846154 0.2655534188034188 0.3665066105769231 0.2616485042735043 0.36549278846153843 0.2574428418803419 0.3543404447115384 0.2439246794871795 0.349440204326923 0.24752938034188035 0.3487641225961538 0.25564049145299145
3 0.3610994591346154 0.2736639957264957 0.3751243990384615 0.29198878205128204 0.3769828725961538 0.2790715811965812 0.38053155048076925 0.27636805555555555 0.36752043269230766 0.26074679487179486 0.3610994591346154 0.26284989316239316 0.35974759615384616 0.27426495726495725
3 0.3751243990384615 0.2889845085470086 0.38526292067307694 0.3082104700854701 0.3908389423076923 0.30460523504273507 0.3908389423076923 0.2946923076923077 0.3800246394230769 0.2754668803418803 0.37546213942307693 0.28057318376068374 0.3741105769230769 0.2904866452991453
3 0.3589026442307693 0.3616816239316239 0.3736033653846154 0.3424556623931624 0.3715757211538462 0.33013942307692307 0.36836538461538465 0.3277361111111111 0.35265054086538467 0.34365758547008546 0.3524816706730769 0.34996581196581195 0.35619921875 0.35657478632478634
3 0.3751243990384615 0.341855235042735 0.3862767427884615 0.318724358974359 0.38441796875 0.3091116452991453 0.3800246394230769 0.3064075854700855 0.3688722956730769 0.3238311965811966 0.3688722956730769 0.3271351495726496 0.3720826322115384 0.3304396367521367 0.37427944711538463 0.3391511752136752
3 0.4017364783653846 0.5380470085470086 0.4015204326923077 0.5257665598290598 0.40562199519230774 0.49659989316239317 0.4123140024038462 0.49583226495726496 0.4133933293269231 0.5042751068376069 0.4108028846153846 0.5330582264957265 0.40540625 0.5357446581196581
3 0.40626983173076925 0.4862382478632479 0.41555228365384617 0.48662179487179485 0.41986959134615387 0.456303952991453 0.41857421875 0.4474770299145299 0.4112346754807692 0.4459417735042735 0.40734915865384613 0.47510844017094017 0.40540625 0.48547061965811966
3 0.4194378004807692 0.45476869658119656 0.42094891826923075 0.43174252136752134 0.41857421875 0.41907799145299146 0.4131775841346154 0.42022916666666665 0.4108028846153846 0.4440229700854701 0.4101553485576923 0.45400106837606835 0.4138251201923077 0.4486282051282051 0.41857421875 0.44901228632478635
3 0.6586715745192309 0.3360160256410257 0.6631938100961539 0.33223237179487175 0.6792881610576923 0.33175961538461535 0.6783572716346153 0.32230074786324786 0.6573413461538462 0.32490224358974357 0.6560114182692308 0.32773985042735043
3 0.6828795072115385 0.33223237179487175 0.6843425480769232 0.32253739316239316 0.7045603966346154 0.32206463675213676 0.7076195913461538 0.3296314102564103 0.7041613581730769 0.330340811965812 0.6863377403846154 0.3296314102564103 0.6851406250000001 0.3336511752136752 0.6818155048076923 0.33223237179487175
3 0.7456607572115386 0.3196997863247863 0.7593608774038461 0.30882264957264954 0.759094951923077 0.30338354700854697 0.75576953125 0.29960042735042736 0.7416703725961539 0.3107142094017094 0.7406063701923077 0.3133151709401709 0.7440646033653846 0.3149706196581197 0.7447298677884615 0.3187537393162393