0 0.28125 0.4708333333333333 0.279375 0.4841666666666667 0.2825 0.4866666666666667 0.304375 0.4891666666666667 0.310625 0.4841666666666667 0.306875 0.47333333333333333
0 0.249375 0.465 0.24875 0.4741666666666667 0.251875 0.4791666666666667 0.26875 0.485 0.278125 0.48333333333333334 0.278125 0.4741666666666667 0.275 0.47 0.25625 0.4633333333333333
0 0.22375 0.4558333333333333 0.223125 0.4633333333333333 0.2275 0.4691666666666667 0.248125 0.4766666666666667 0.24875 0.4633333333333333 0.246875 0.4608333333333333 0.23125 0.4533333333333333
0 0.19875 0.4375 0.19625 0.44583333333333336 0.199375 0.4508333333333333 0.218125 0.4625 0.2225 0.4608333333333333 0.225 0.4525 0.220625 0.44666666666666666 0.203125 0.43583333333333335
0 0.18125 0.4141666666666667 0.180625 0.4216666666666667 0.184375 0.43166666666666664 0.195625 0.44416666666666665 0.198125 0.43916666666666665 0.195625 0.42833333333333334 0.185625 0.41583333333333333
0 0.17875 0.405 0.178125 0.41583333333333333 0.181875 0.42083333333333334 0.189375 0.4216666666666667 0.185625 0.4033333333333333 0.181875 0.40166666666666667
2 0.185 0.38 0.185625 0.3908333333333333 0.191875 0.3933333333333333 0.211875 0.37666666666666665 0.2075 0.36833333333333335 0.20375 0.3675
2 0.214375 0.365 0.21375 0.37666666666666665 0.215625 0.37833333333333335 0.238125 0.38 0.240625 0.37583333333333335 0.2375 0.365 0.22125 0.3625
2 0.18875 0.31333333333333335 0.1875 0.32083333333333336 0.189375 0.325 0.2075 0.325 0.213125 0.32083333333333336 0.210625 0.31083333333333335 0.191875 0.31083333333333335
2 0.213125 0.31166666666666665 0.214375 0.325 0.235 0.325 0.238125 0.32083333333333336 0.235 0.31
2 0.238125 0.31 0.240625 0.32416666666666666 0.26375 0.32166666666666666 0.263125 0.31083333333333335 0.260625 0.30833333333333335
2 0.264375 0.31 0.263125 0.315 0.265625 0.325 0.286875 0.32666666666666666 0.28875 0.3225 0.2875 0.3125 0.285 0.31
2 0.29125 0.31 0.293125 0.3233333333333333 0.314375 0.3225 0.316875 0.31833333333333336 0.31625 0.31166666666666665 0.3125 0.30666666666666664
1 0.25625 0.36083333333333334 0.25375 0.3625 0.254375 0.37166666666666665 0.258125 0.3775 0.2775 0.37166666666666665 0.281875 0.3675 0.280625 0.36083333333333334 0.275625 0.355
1 0.285625 0.35 0.281875 0.3575 0.28625 0.36666666666666664 0.304375 0.35333333333333333 0.30625 0.3466666666666667 0.304375 0.3408333333333333 0.299375 0.33916666666666667
1 0.30625 0.3383333333333333 0.308125 0.34833333333333333 0.313125 0.3491666666666667 0.32875 0.3308333333333333 0.324375 0.32166666666666666 0.32125 0.32166666666666666
1 0.284375 0.19583333333333333 0.285625 0.20666666666666667 0.29 0.20666666666666667 0.3 0.19083333333333333 0.295 0.18416666666666667
0 0.441875 0.42916666666666664 0.44125 0.43833333333333335 0.443125 0.44083333333333335 0.468125 0.4425 0.466875 0.43 0.4475 0.4266666666666667
0 0.4125 0.42083333333333334 0.4125 0.4325 0.434375 0.4375 0.44 0.435 0.440625 0.4266666666666667 0.43625 0.42083333333333334 0.41875 0.4166666666666667
0 0.379375 0.4175 0.37875 0.42833333333333334 0.380625 0.43083333333333335 0.4075 0.43166666666666664 0.4075 0.4241666666666667 0.404375 0.41833333333333333
0 0.41 0.3675 0.409375 0.37333333333333335 0.413125 0.38 0.43 0.3858333333333333 0.434375 0.38333333333333336 0.435625 0.37333333333333335 0.430625 0.36916666666666664 0.416875 0.3641666666666667
0 0.4375 0.37583333333333335 0.43875 0.3883333333333333 0.46375 0.3908333333333333 0.46375 0.37916666666666665 0.46125 0.37666666666666665
0 0.466875 0.38 0.465625 0.3908333333333333 0.4675 0.3933333333333333 0.4925 0.39 0.4925 0.37916666666666665 0.490625 0.3775 0.47 0.3775
0 0.49625 0.37833333333333335 0.495625 0.39 0.498125 0.3925 0.519375 0.39166666666666666 0.5225 0.3883333333333333 0.521875 0.38083333333333336 0.51875 0.37666666666666665
1 0.5425 0.37666666666666665 0.541875 0.385 0.56875 0.39 0.56875 0.37916666666666665 0.565 0.37583333333333335 0.545 0.36916666666666664
1 0.569375 0.37916666666666665 0.569375 0.3908333333333333 0.590625 0.39666666666666667 0.595 0.395 0.595625 0.38333333333333336 0.593125 0.38083333333333336 0.576875 0.3775
1 0.604375 0.41083333333333333 0.605 0.4191666666666667 0.625 0.43083333333333335 0.63 0.43 0.631875 0.42 0.628125 0.415 0.609375 0.4041666666666667
1 0.633125 0.425 0.63375 0.435 0.639375 0.43916666666666665 0.65375 0.44666666666666666 0.66 0.44166666666666665 0.660625 0.43166666666666664 0.658125 0.42833333333333334 0.64 0.42
2 0.531875 0.335 0.5325 0.3458333333333333 0.538125 0.3475 0.54875 0.3383333333333333 0.5525 0.32916666666666666 0.55 0.32083333333333336 0.54625 0.32083333333333336
2 0.551875 0.315 0.551875 0.32166666666666666 0.5575 0.3258333333333333 0.5675 0.31583333333333335 0.56875 0.30583333333333335 0.563125 0.30333333333333334
2 0.599375 0.37833333333333335 0.598125 0.39 0.605625 0.39166666666666666 0.636875 0.36583333333333334 0.639375 0.3541666666666667 0.6375 0.35 0.628125 0.3525
2 0.59875 0.37916666666666665 0.59875 0.3908333333333333 0.605625 0.39166666666666666 0.623541875 0.37588916666666666 0.6177081249999999 0.3669975 0.619375 0.3669975 0.618125 0.36421916666666665
2 0.758125 0.355 0.758125 0.3625 0.765 0.36583333333333334 0.7825 0.36 0.784375 0.35083333333333333 0.7825 0.3475 0.773125 0.34833333333333333
2 0.78625 0.3458333333333333 0.785 0.3525 0.789375 0.35833333333333334 0.809375 0.3516666666666667 0.809375 0.3416666666666667 0.8075 0.33916666666666667
4 0.6775 0.45166666666666666 0.676875 0.4608333333333333 0.685625 0.4716666666666667 0.694375 0.47833333333333333 0.69875 0.47833333333333333 0.70125 0.475 0.701875 0.4666666666666667 0.699375 0.46166666666666667 0.684375 0.4475 0.68 0.4475
4 0.37875 0.25166666666666665 0.374375 0.25833333333333336 0.390625 0.26916666666666667 0.398125 0.27 0.400625 0.265 0.39875 0.25833333333333336 0.395 0.255
4 0.498125 0.5133333333333333 0.496875 0.525 0.505625 0.5408333333333334 0.510625 0.5458333333333333 0.5175 0.5441666666666667 0.518125 0.5366666666666666 0.5075 0.515 0.50125 0.51
2 0.3725 0.3416666666666667 0.3725 0.35083333333333333 0.379375 0.3566666666666667 0.394375 0.36 0.398125 0.3525 0.396875 0.34833333333333333 0.386875 0.3416666666666667 0.376875 0.33916666666666667
2 0.359375 0.32083333333333336 0.351875 0.32083333333333336 0.353125 0.33166666666666667 0.36875 0.3441666666666667 0.37125 0.3433333333333333 0.37375 0.3383333333333333 0.3725 0.33166666666666667
2 0.32875 0.3175 0.328125 0.3225 0.33125 0.3283333333333333 0.3475 0.3325 0.35125 0.33 0.350625 0.32083333333333336 0.346875 0.3175 0.338125 0.315