1 0.48703703703703705 0.64375 0.48703703703703705 0.6494791666666667 0.49166666666666664 0.6515625 0.5203703703703704 0.6510416666666666 0.5259259259259259 0.6473958333333333 0.5212962962962963 0.6432291666666666
1 0.6666666666666666 0.5442708333333334 0.6657407407407407 0.546875 0.6703703703703704 0.5505208333333333 0.6861111111111111 0.553125 0.6953703703703704 0.553125 0.6981481481481482 0.5505208333333333 0.6953703703703704 0.5458333333333333 0.675 0.5427083333333333
1 0.6981481481481482 0.55 0.6953703703703704 0.553125 0.6981481481481482 0.5572916666666666 0.7129629629629629 0.5614583333333333 0.725925925925926 0.5614583333333333 0.7277777777777777 0.5567708333333333 0.7231481481481481 0.5541666666666667
1 0.7240740740740741 0.5630208333333333 0.7444444444444445 0.5770833333333333 0.7518518518518519 0.5755208333333334 0.7537037037037037 0.5703125 0.7361111111111112 0.5604166666666667 0.7296296296296296 0.5598958333333334
2 0.7583333333333333 0.5838541666666667 0.7546296296296297 0.5848958333333333 0.7546296296296297 0.5890625 0.7611111111111111 0.5984375 0.7648148148148148 0.6026041666666667 0.7722222222222223 0.6026041666666667 0.7768518518518519 0.5994791666666667 0.7722222222222223 0.5890625 0.7675925925925926 0.584375
2 0.774074074074074 0.603125 0.7759259259259259 0.609375 0.7953703703703704 0.6145833333333334 0.8064814814814815 0.6125 0.8055555555555556 0.6083333333333333 0.7972222222222223 0.6052083333333333 0.7796296296296297 0.6010416666666667
2 0.7222222222222222 0.63125 0.7231481481481481 0.6375 0.7333333333333333 0.6484375 0.7379629629629629 0.6494791666666667 0.7472222222222222 0.6473958333333333 0.7481481481481481 0.64375 0.7342592592592593 0.6296875 0.7305555555555555 0.6286458333333333
2 0.7074074074074074 0.6119791666666666 0.7083333333333334 0.6192708333333333 0.7194444444444444 0.6291666666666667 0.7305555555555555 0.6296875 0.7305555555555555 0.6223958333333334 0.7203703703703703 0.6125 0.7166666666666667 0.6109375
2 0.6962962962962963 0.59375 0.6888888888888889 0.5953125 0.6898148148148148 0.5984375 0.6990740740740741 0.609375 0.7064814814814815 0.6119791666666666 0.7148148148148148 0.609375 0.7129629629629629 0.6052083333333333 0.7074074074074074 0.5984375
2 0.6759259259259259 0.5755208333333334 0.675 0.5817708333333333 0.6851851851851852 0.5921875 0.6888888888888889 0.5942708333333333 0.6990740740740741 0.5921875 0.7 0.5880208333333333 0.687037037037037 0.5744791666666667 0.6805555555555556 0.5734375
2 0.6564814814814814 0.5583333333333333 0.6555555555555556 0.5609375 0.6703703703703704 0.5755208333333334 0.675 0.5765625 0.6833333333333333 0.5744791666666667 0.6814814814814815 0.5677083333333334 0.6722222222222223 0.5588541666666667 0.6657407407407407 0.55625
2 0.6518518518518519 0.5270833333333333 0.6518518518518519 0.5432291666666667 0.6648148148148149 0.5447916666666667 0.6675925925925926 0.5395833333333333 0.662962962962963 0.5296875 0.6574074074074074 0.5265625
2 0.6472222222222223 0.5119791666666667 0.6462962962962963 0.5239583333333333 0.6509259259259259 0.5270833333333333 0.6583333333333333 0.525 0.6611111111111111 0.5119791666666667 0.6574074074074074 0.5083333333333333 0.6509259259259259 0.5083333333333333
2 0.6537037037037037 0.4947916666666667 0.6537037037037037 0.5057291666666667 0.6574074074074074 0.5083333333333333 0.6648148148148149 0.5078125 0.6675925925925926 0.5052083333333334 0.6657407407407407 0.4942708333333333 0.6564814814814814 0.49322916666666666
2 0.5453703703703704 0.4 0.5481481481481482 0.40572916666666664 0.5740740740740741 0.4119791666666667 0.575925925925926 0.40729166666666666 0.5722222222222222 0.40260416666666665 0.5583333333333333 0.39895833333333336
2 0.5138888888888888 0.39114583333333336 0.5138888888888888 0.39791666666666664 0.5361111111111111 0.4036458333333333 0.5444444444444444 0.4010416666666667 0.5425925925925926 0.3958333333333333 0.5222222222222223 0.390625
2 0.5657407407407408 0.35625 0.5657407407407408 0.3625 0.5879629629629629 0.371875 0.5925925925925926 0.3697916666666667 0.5944444444444444 0.3651041666666667 0.5694444444444444 0.35572916666666665
2 0.45 0.2526041666666667 0.44722222222222224 0.25833333333333336 0.4648148148148148 0.26875 0.46944444444444444 0.26875 0.475 0.26510416666666664 0.46814814814814815 0.2622307291666667 0.4622222222222222 0.2588963541666667
4 0.7361111111111112 0.40520833333333334 0.7361111111111112 0.4109375 0.7407407407407407 0.4125 0.7574074074074074 0.4041666666666667 0.7583333333333333 0.4005208333333333 0.7509259259259259 0.39791666666666664
4 0.5370370370370371 0.596875 0.5361111111111111 0.6239583333333333 0.5407407407407407 0.6177083333333333 0.5453703703703704 0.6151041666666667 0.55 0.6161458333333333 0.5537037037037037 0.5994791666666667 0.55 0.59375 0.5398148148148149 0.59375
0 0.812037037037037 0.6020833333333333 0.8111111111111111 0.60625 0.8203703703703704 0.6088541666666667 0.8324074074074074 0.5984375 0.8324074074074074 0.59375 0.8212962962962963 0.5947916666666667
0 0.8212962962962963 0.584375 0.8212962962962963 0.59375 0.8314814814814815 0.59375 0.837037037037037 0.578125 0.8240740740740741 0.578125
0 0.8222222222222222 0.5625 0.8240740740740741 0.5791666666666667 0.8361111111111111 0.5765625 0.8361111111111111 0.5677083333333334 0.8314814814814815 0.5609375
0 0.8185185185185185 0.5427083333333333 0.8203703703703704 0.5578125 0.8324074074074074 0.559375 0.8314814814814815 0.5453125 0.8277777777777777 0.5421875
0 0.8101851851851852 0.5265625 0.8101851851851852 0.5317708333333333 0.8166666666666667 0.540625 0.8277777777777777 0.5411458333333333 0.8231481481481482 0.528125
0 0.7981481481481482 0.509375 0.7972222222222223 0.5130208333333334 0.8055555555555556 0.5234375 0.8092592592592592 0.525 0.8157407407407408 0.5239583333333333 0.8175925925925925 0.5197916666666667 0.8101851851851852 0.5098958333333333 0.8064814814814815 0.5078125
0 0.712037037037037 0.46822916666666664 0.7092592592592593 0.4703125 0.7194444444444444 0.484375 0.7296296296296296 0.484375 0.7324074074074074 0.48020833333333335 0.725925925925926 0.4708333333333333 0.7231481481481481 0.46875
0 0.6916666666666667 0.43333333333333335 0.6916666666666667 0.440625 0.6990740740740741 0.4505208333333333 0.7037037037037037 0.4510416666666667 0.7092592592592593 0.4473958333333333 0.7064814814814815 0.4375 0.7018518518518518 0.43333333333333335
0 0.7027777777777777 0.4510416666666667 0.6990740740740741 0.45260416666666664 0.6990740740740741 0.45625 0.7064814814814815 0.4666666666666667 0.7111111111111111 0.46822916666666664 0.7157407407407408 0.4661458333333333 0.7166666666666667 0.4609375 0.7101851851851851 0.44947916666666665
0 0.6599999999999999 0.4660114583333333 0.662962962962963 0.47768177083333335 0.6601851851851852 0.4791666666666667 0.6675925925925926 0.4786458333333333 0.6712962962962963 0.47552083333333334 0.6694444444444444 0.4635416666666667 0.6675925925925926 0.46197916666666666
0 0.6472222222222223 0.446875 0.6518518518518519 0.45100677083333335 0.6564814814814814 0.4609375 0.6648148148148149 0.4609375 0.6666666666666666 0.4557291666666667 0.6611111111111111 0.44635416666666666 0.6537037037037037 0.44375
0 0.6398148148148148 0.4270833333333333 0.6361111111111111 0.42864583333333334 0.6398148148148148 0.43802083333333336 0.6481481481481481 0.4427083333333333 0.6537037037037037 0.4427083333333333 0.6574074074074074 0.4395833333333333 0.6546296296296297 0.4354166666666667 0.6435185185185185 0.4270833333333333
0 0.6212962962962963 0.4119791666666667 0.6266666666666666 0.41891354166666667 0.6311111111111112 0.4247484375 0.6370370370370371 0.4276041666666667 0.6407407407407407 0.421875 0.6342592592592593 0.41354166666666664 0.6296296296296297 0.4109375