2 0.5148148148148148 0.6942708333333333 0.5148148148148148 0.6984375 0.525 0.7104166666666667 0.5296296296296297 0.7125 0.5398148148148149 0.7104166666666667 0.5407407407407407 0.70625 0.5324074074074074 0.6953125 0.5259259259259259 0.6927083333333334
2 0.5361111111111111 0.7130208333333333 0.5324074074074074 0.7203125 0.5435185185185185 0.7307291666666667 0.5592592592592592 0.7302083333333333 0.5601851851851852 0.7244791666666667 0.5472222222222223 0.7125 0.5416666666666666 0.7104166666666667
2 0.4027777777777778 0.4328125 0.4027777777777778 0.446875 0.4111111111111111 0.4479166666666667 0.41574074074074074 0.44583333333333336 0.4166666666666667 0.4328125 0.41388888888888886 0.43072916666666666 0.4064814814814815 0.43072916666666666
2 0.4101851851851852 0.41458333333333336 0.4083333333333333 0.425 0.41574074074074074 0.4270833333333333 0.4222222222222222 0.4244791666666667 0.425 0.4109375 0.4212962962962963 0.4088541666666667 0.41388888888888886 0.4088541666666667
2 0.4083333333333333 0.3921875 0.4111111111111111 0.4078125 0.42407407407407405 0.4078125 0.42314814814814816 0.3927083333333333 0.4212962962962963 0.39114583333333336
0 0.3055555555555556 0.365625 0.30462962962962964 0.37083333333333335 0.3138888888888889 0.3729166666666667 0.3212962962962963 0.3645833333333333 0.3212962962962963 0.3572916666666667 0.3138888888888889 0.3578125
0 0.29907407407407405 0.3796875 0.29814814814814816 0.38697916666666665 0.3101851851851852 0.3885416666666667 0.3138888888888889 0.3729166666666667 0.3037037037037037 0.3723958333333333
0 0.2953703703703704 0.39479166666666665 0.2953703703703704 0.40260416666666665 0.30277777777777776 0.40520833333333334 0.30648148148148147 0.4036458333333333 0.30833333333333335 0.39739583333333334 0.3055555555555556 0.39010416666666664 0.29907407407407405 0.3890625
0 0.29444444444444445 0.4088541666666667 0.2935185185185185 0.42083333333333334 0.2962962962962963 0.42291666666666666 0.3037037037037037 0.42291666666666666 0.3055555555555556 0.4083333333333333 0.29814814814814816 0.40729166666666666
0 0.2953703703703704 0.425 0.2953703703703704 0.43802083333333336 0.30462962962962964 0.4395833333333333 0.3055555555555556 0.42552083333333335 0.30277777777777776 0.4239583333333333
0 0.29907407407407405 0.44114583333333335 0.29907407407407405 0.45260416666666664 0.3101851851851852 0.45677083333333335 0.3101851851851852 0.44479166666666664 0.30648148148148147 0.44114583333333335
0 0.3527777777777778 0.46927083333333336 0.35185185185185186 0.48020833333333335 0.35555555555555557 0.48489583333333336 0.3611111111111111 0.4859375 0.36666666666666664 0.4828125 0.36574074074074076 0.47291666666666665 0.36203703703703705 0.46927083333333336
0 0.3592592592592593 0.48854166666666665 0.3611111111111111 0.5020833333333333 0.37037037037037035 0.5041666666666667 0.3731481481481482 0.5 0.36944444444444446 0.48802083333333335 0.36574074074074076 0.4864583333333333
0 0.3611111111111111 0.50625 0.3638888888888889 0.5203125 0.3731481481481482 0.521875 0.3731481481481482 0.5072916666666667 0.36944444444444446 0.5041666666666667
0 0.39537037037037037 0.4703125 0.39537037037037037 0.48020833333333335 0.4074074074074074 0.4817708333333333 0.4111111111111111 0.478125 0.412962962962963 0.4661458333333333 0.4027777777777778 0.46458333333333335
0 0.3972222222222222 0.48541666666666666 0.39537037037037037 0.4921875 0.3990740740740741 0.5 0.41203703703703703 0.5015625 0.40925925925925927 0.4864583333333333
0 0.4027777777777778 0.503125 0.4 0.5046875 0.4027777777777778 0.5135416666666667 0.4074074074074074 0.5192708333333333 0.41388888888888886 0.5203125 0.4212962962962963 0.515625 0.41203703703703703 0.5046875
0 0.4111111111111111 0.5213541666666667 0.40925925925925927 0.5276041666666667 0.412962962962963 0.5348958333333333 0.41759259259259257 0.5375 0.42407407407407405 0.5375 0.42777777777777776 0.5328125 0.4222222222222222 0.5223958333333333 0.4185185185185185 0.5203125
1 0.5268518518518519 0.2578125 0.525 0.2630208333333333 0.5324074074074074 0.26614583333333336 0.5537037037037037 0.2598958333333333 0.5555555555555556 0.2546875 0.5425925925925926 0.25364583333333335
4 0.31851851851851853 0.5640625 0.3148148148148148 0.5708333333333333 0.32037037037037036 0.5760416666666667 0.3351851851851852 0.5640625 0.3314814814814815 0.5567708333333333