2 0.4101851851851852 0.5510416666666667 0.4101851851851852 0.5552083333333333 0.4212962962962963 0.5578125 0.4425925925925926 0.5432291666666667 0.43703703703703706 0.5364583333333334 0.43425925925925923 0.5359375 0.4212962962962963 0.5427083333333333
2 0.43796296296296294 0.5322916666666667 0.4361111111111111 0.5364583333333334 0.4462962962962963 0.5401041666666667 0.46296296296296297 0.5291666666666667 0.4648148148148148 0.525 0.462037037037037 0.5203125 0.4527777777777778 0.5223958333333333
2 0.4111111111111111 0.55 0.40925925925925927 0.5536458333333333 0.41388888888888886 0.5567708333333333 0.42314814814814816 0.55625 0.4324074074074074 0.5510416666666667 0.4842592592592593 0.5145833333333333 0.4824074074074074 0.5067708333333333 0.47685185185185186 0.5072916666666667 0.46296296296296297 0.5151041666666667
2 0.40185185185185185 0.3796875 0.4 0.3848958333333333 0.4027777777777778 0.38958333333333334 0.4074074074074074 0.39479166666666665 0.4148148148148148 0.3963541666666667 0.41944444444444445 0.39375 0.41944444444444445 0.39010416666666664 0.4111111111111111 0.3796875 0.4074074074074074 0.378125
2 0.3509259259259259 0.3385416666666667 0.35 0.34270833333333334 0.3527777777777778 0.34479166666666666 0.37037037037037035 0.35 0.38055555555555554 0.3489583333333333 0.375 0.3421875 0.3574074074074074 0.3375
2 0.25555555555555554 0.3078125 0.25462962962962965 0.3104166666666667 0.2611111111111111 0.3151041666666667 0.2962962962962963 0.3255208333333333 0.30277777777777776 0.3296875 0.31666666666666665 0.3328125 0.34444444444444444 0.34375 0.3527777777777778 0.34375 0.37592592592592594 0.3494791666666667 0.3787037037037037 0.3484375 0.37592592592592594 0.34270833333333334 0.3527777777777778 0.3380208333333333 0.3101851851851852 0.31979166666666664 0.2861111111111111 0.3145833333333333 0.27037037037037037 0.3078125 0.262037037037037 0.30625
2 0.2351851851851852 0.340625 0.2351851851851852 0.3458333333333333 0.25462962962962965 0.35520833333333335 0.2601851851851852 0.35104166666666664 0.25833333333333336 0.346875 0.24166666666666667 0.33958333333333335
2 0.20185185185185187 0.3375 0.19907407407407407 0.340625 0.20185185185185187 0.3463541666666667 0.22685185185185186 0.3458333333333333 0.23148148148148148 0.34427083333333336 0.22777777777777777 0.3380208333333333
2 0.6092592592592593 0.43385416666666665 0.6083333333333333 0.4390625 0.612037037037037 0.4401041666666667 0.6407407407407407 0.43802083333333336 0.6444444444444445 0.4354166666666667 0.6407407407407407 0.4296875 0.6185185185185185 0.43020833333333336
2 0.5712962962962963 0.434375 0.5722222222222222 0.4427083333333333 0.5981481481481481 0.44114583333333335 0.6046296296296296 0.4390625 0.6018518518518519 0.4317708333333333 0.5740740740740741 0.4328125
2 0.8148148148148148 0.5395833333333333 0.8138888888888889 0.5463541666666667 0.8203703703703704 0.5463541666666667 0.8435185185185186 0.5520833333333334 0.8481481481481481 0.5526041666666667 0.8537037037037037 0.546875 0.8518518518518519 0.5432291666666667 0.8416666666666667 0.540625 0.8212962962962963 0.5369791666666667
2 0.8583333333333333 0.5463541666666667 0.8574074074074074 0.553125 0.8629629629629629 0.5557291666666667 0.8759259259259259 0.5567708333333333 0.8888888888888888 0.5609375 0.8972222222222223 0.5572916666666666 0.8962962962962963 0.5505208333333333 0.8648148148148148 0.5453125
2 0.38333333333333336 0.35208333333333336 0.38055555555555554 0.359375 0.39814814814814814 0.3692708333333333 0.40185185185185185 0.3625 0.39351851851851855 0.35572916666666665
0 0.3398148148148148 0.41875 0.3388888888888889 0.428125 0.36203703703703705 0.434375 0.3638888888888889 0.42864583333333334 0.3453703703703704 0.41822916666666665 0.3416666666666667 0.4171875
0 0.3648148148148148 0.43125 0.3638888888888889 0.4359375 0.37222222222222223 0.44114583333333335 0.3824074074074074 0.4453125 0.3907407407407407 0.4432291666666667 0.3888888888888889 0.43854166666666666 0.3768518518518518 0.43125
0 0.3861111111111111 0.4453125 0.3851851851851852 0.44947916666666665 0.39351851851851855 0.45625 0.4064814814814815 0.459375 0.412962962962963 0.4578125 0.41388888888888886 0.4552083333333333 0.40925925925925927 0.4515625 0.3907407407407407 0.44375
0 0.4603481481481481 0.43250937500000003 0.45185185185185184 0.4348958333333333 0.4546296296296296 0.4390625 0.4777777777777778 0.4453125 0.48333333333333334 0.4453125 0.48518518518518516 0.43937447916666666 0.46296296296296297 0.4339807291666667
0 0.4939 0.4425614583333333 0.4891064814814815 0.4442776041666667 0.4842592592592593 0.4432291666666667 0.48518518518518516 0.44895833333333335 0.5083333333333333 0.45677083333333335 0.5148148148148148 0.45677083333333335 0.5191722222222223 0.4513880208333333 0.5065361111111111 0.44771041666666667 0.4965138888888889 0.4442776041666667
1 0.4740740740740741 0.27239583333333334 0.4564814814814815 0.27447916666666666 0.4537037037037037 0.278125 0.4546296296296296 0.28229166666666666 0.47962962962962963 0.2796875 0.48148148148148145 0.2755208333333333 0.4777777777777778 0.27239583333333334
1 0.275 0.35104166666666664 0.27037037037037037 0.35520833333333335 0.27314814814814814 0.35989583333333336 0.2972222222222222 0.3625 0.30277777777777776 0.3614583333333333 0.3037037037037037 0.35833333333333334 0.3 0.3546875 0.2759259259259259 0.35104166666666664
1 0.32916666666666666 0.3541666666666667 0.3074074074074074 0.35572916666666665 0.30648148148148147 0.3614583333333333 0.3101851851851852 0.36302083333333335 0.3351851851851852 0.3619791666666667 0.3398148148148148 0.3578125 0.33425925925925926 0.3541666666666667
1 0.3675925925925926 0.35260416666666666 0.34444444444444444 0.35520833333333335 0.34444444444444444 0.3625 0.3490740740740741 0.36354166666666665 0.3731481481481482 0.36041666666666666 0.37407407407407406 0.35520833333333335 0.37037037037037035 0.35260416666666666
1 0.5740740740740741 0.4984375 0.5703703703703704 0.5005208333333333 0.5703703703703704 0.5041666666666667 0.575925925925926 0.5130208333333334 0.5824074074074074 0.5171875 0.5898148148148148 0.5145833333333333 0.5898148148148148 0.5104166666666666 0.5861111111111111 0.503125 0.5796296296296296 0.4984375
1 0.5898148148148148 0.5145833333333333 0.5824074074074074 0.51875 0.5879629629629629 0.5286458333333334 0.5953703703703703 0.5348958333333333 0.6055555555555555 0.5359375 0.6074074074074074 0.5322916666666667 0.6018518518518519 0.5229166666666667 0.5916666666666667 0.5145833333333333
1 0.5704796296296297 0.470915625 0.5669935185185184 0.47140625 0.5648148148148148 0.4716515625 0.5617648148148149 0.4743484375 0.5600222222222222 0.47483854166666667 0.575925925925926 0.4864583333333333 0.5879629629629629 0.4875 0.5907407407407408 0.48385416666666664 0.5888888888888889 0.4796875 0.5722222222222222 0.47140625
1 0.5481481481481482 0.45677083333333335 0.5416666666666666 0.459375 0.5407407407407407 0.4640625 0.5534861111111111 0.4716515625 0.5565361111111111 0.47238697916666667 0.5622 0.47018020833333335 0.5671027777777777 0.46999739583333333 0.55 0.45677083333333335
2 0.635512037037037 0.4856885416666667 0.6363833333333333 0.487159375 0.6359481481481482 0.48985625 0.6398694444444444 0.49034635416666666 0.6574074074074074 0.49114583333333334 0.6685185185185185 0.4901041666666667 0.6722222222222223 0.4875 0.6648148148148149 0.48125 0.6592592592592592 0.4796875 0.6509259259259259 0.48125 0.6370370370370371 0.48072916666666665 0.6333333333333333 0.4822916666666667 0.6368194444444444 0.48201041666666666
2 0.5972222222222222 0.48020833333333335 0.5925925925925926 0.48385416666666664 0.5953703703703703 0.4895833333333333 0.6240740740740741 0.4901041666666667 0.6314814814814815 0.48802083333333335 0.6314814814814815 0.48385416666666664 0.6268518518518519 0.48072916666666665 0.6027777777777777 0.48020833333333335