2 0.21944444444444444 0.5640625 0.21944444444444444 0.56875 0.22314814814814815 0.5708333333333333 0.23055555555555557 0.5708333333333333 0.25925925925925924 0.5583333333333333 0.262037037037037 0.5536458333333333 0.25462962962962965 0.5505208333333333 0.24814814814814815 0.5520833333333334
2 0.2601851851851852 0.54375 0.2574074074074074 0.5463541666666667 0.25925925925925924 0.5505208333333333 0.2657407407407407 0.5526041666666667 0.29814814814814816 0.5416666666666666 0.30092592592592593 0.5380208333333333 0.28888888888888886 0.5333333333333333
2 0.4666666666666667 0.4984375 0.4583333333333333 0.5078125 0.45925925925925926 0.5104166666666666 0.46574074074074073 0.5125 0.475 0.5098958333333333 0.487962962962963 0.4942708333333333 0.47685185185185186 0.4895833333333333
2 0.47962962962962963 0.48385416666666664 0.4787037037037037 0.490625 0.487962962962963 0.49270833333333336 0.5018518518518519 0.48125 0.5055555555555555 0.4734375 0.5018518518518519 0.4713541666666667 0.49074074074074076 0.47239583333333335
2 0.49166666666666664 0.3770833333333333 0.49074074074074076 0.38177083333333334 0.5018518518518519 0.396875 0.5120370370370371 0.396875 0.5148148148148148 0.38958333333333334 0.5046296296296297 0.37604166666666666
2 0.4740740740740741 0.3541666666666667 0.47685185185185186 0.3625 0.48703703703703705 0.37395833333333334 0.49074074074074076 0.37552083333333336 0.49907407407407406 0.37447916666666664 0.5009259259259259 0.36822916666666666 0.48703703703703705 0.35104166666666664
2 0.4583333333333333 0.3296875 0.4583333333333333 0.33541666666666664 0.4703703703703704 0.35104166666666664 0.475 0.35208333333333336 0.4842592592592593 0.35 0.48518518518518516 0.3458333333333333 0.4759259259259259 0.3302083333333333 0.47129629629629627 0.328125
2 0.7314814814814815 0.46041666666666664 0.7333333333333333 0.4671875 0.7546296296296297 0.4708333333333333 0.762962962962963 0.46770833333333334 0.7574074074074074 0.4630208333333333
2 0.7620370370370371 0.4713541666666667 0.7620370370370371 0.478125 0.7796296296296297 0.4822916666666667 0.7925925925925926 0.48072916666666665 0.7925925925925926 0.478125 0.7814814814814814 0.4739583333333333 0.7666666666666667 0.4703125
2 0.7916666666666666 0.47604166666666664 0.7861111111111111 0.47708333333333336 0.7898148148148149 0.48125 0.8074074074074075 0.48333333333333334 0.8148148148148148 0.48333333333333334 0.8185185185185185 0.48125 0.8148148148148148 0.4765625
2 0.8592592592592593 0.42135416666666664 0.8583333333333333 0.42604166666666665 0.862037037037037 0.4265625 0.8814814814814815 0.4239583333333333 0.8870370370370371 0.4203125 0.8796296296296297 0.41822916666666665
2 0.8829055555555556 0.41501145833333336 0.8868944444444444 0.4185380208333333 0.8908833333333334 0.41982031249999996 0.8920231481481481 0.42046197916666667 0.8954416666666667 0.41469062500000003 0.9 0.403125 0.8907407407407407 0.40260416666666665 0.887962962962963 0.4041666666666667 0.8817666666666667 0.41661458333333334
2 0.8268518518518518 0.4822916666666667 0.8305555555555556 0.48541666666666666 0.8416666666666667 0.484375 0.8601851851851852 0.47708333333333336 0.8592592592592593 0.4739583333333333 0.8416666666666667 0.47604166666666664
1 0.9203703703703704 0.5916666666666667 0.9175925925925926 0.5953125 0.9212962962962963 0.5973958333333333 0.9222222222222223 0.6067708333333334 0.9361111111111111 0.6072916666666667 0.9388888888888889 0.5911458333333334 0.9296296296296296 0.5885416666666666
2 0.562962962962963 0.5390625 0.5611111111111111 0.5432291666666667 0.5648148148148148 0.546875 0.5787037037037037 0.5463541666666667 0.5851851851851851 0.5338541666666666 0.5814814814814815 0.5260416666666666 0.5703703703703704 0.5270833333333333
2 0.5768518518518518 0.5140625 0.575925925925926 0.5203125 0.5824074074074074 0.5229166666666667 0.5879629629629629 0.5223958333333333 0.5990740740740741 0.5098958333333333 0.5953703703703703 0.5020833333333333 0.5842592592592593 0.503125
4 0.5388888888888889 0.33177083333333335 0.537962962962963 0.33541666666666664 0.5527777777777778 0.3489583333333333 0.5601851851851852 0.35260416666666666 0.5694444444444444 0.35 0.5740740740740741 0.3458333333333333 0.5731481481481482 0.3416666666666667 0.5574074074074075 0.3296875 0.55 0.3265625
0 0.6231481481481481 0.4036458333333333 0.6222222222222222 0.4083333333333333 0.6287037037037037 0.4109375 0.6509259259259259 0.4109375 0.6546296296296297 0.40572916666666664 0.6509259259259259 0.4010416666666667