4 0.35 0.5614583333333333 0.3490740740740741 0.5682291666666667 0.35833333333333334 0.56875 0.37962962962962965 0.5572916666666666 0.37962962962962965 0.553125 0.36944444444444446 0.55
4 0.4722222222222222 0.6651041666666667 0.47129629629629627 0.66875 0.47962962962962963 0.671875 0.49166666666666664 0.6666666666666666 0.4981481481481482 0.6578125 0.4962962962962963 0.65 0.49074074074074076 0.6484375
1 0.5046296296296297 0.6067708333333334 0.5027777777777778 0.615625 0.5148148148148148 0.6171875 0.5231481481481481 0.6083333333333333 0.525 0.5963541666666666 0.5120370370370371 0.5958333333333333
1 0.5083333333333333 0.36041666666666666 0.5111111111111111 0.36666666666666664 0.5287037037037037 0.37083333333333335 0.5407407407407407 0.3697916666666667 0.5398148148148149 0.3651041666666667 0.5333333333333333 0.3619791666666667 0.5148148148148148 0.35885416666666664
1 0.48148148148148145 0.3484375 0.48055555555555557 0.35260416666666666 0.48703703703703705 0.35572916666666665 0.5046296296296297 0.36041666666666666 0.512962962962963 0.35885416666666664 0.5138888888888888 0.35520833333333335 0.5064814814814815 0.35104166666666664 0.487962962962963 0.3453125
1 0.45740740740740743 0.3296875 0.45740740740740743 0.3333333333333333 0.4666666666666667 0.34322916666666664 0.47685185185185186 0.3484375 0.4842592592592593 0.3463541666666667 0.4861111111111111 0.3416666666666667 0.4740740740740741 0.3302083333333333 0.46944444444444444 0.32760416666666664 0.46111111111111114 0.32760416666666664
2 0.44351851851851853 0.296875 0.44722222222222224 0.3145833333333333 0.4527777777777778 0.3182291666666667 0.4564814814814815 0.3177083333333333 0.46296296296296297 0.3145833333333333 0.45925925925925926 0.2989583333333333 0.45555555555555555 0.29583333333333334
2 0.4148148148148148 0.28072916666666664 0.4148148148148148 0.2838541666666667 0.4351851851851852 0.29375 0.44351851851851853 0.2953125 0.44907407407407407 0.29322916666666665 0.44722222222222224 0.2869791666666667 0.4287037037037037 0.278125 0.4212962962962963 0.27708333333333335
2 0.5009259259259259 0.25364583333333335 0.5083333333333333 0.27291666666666664 0.5194444444444445 0.271875 0.5222222222222223 0.26875 0.5157407407407407 0.253125 0.5064814814814815 0.2515625
2 0.5101851851851852 0.2734375 0.5111111111111111 0.2838541666666667 0.5203703703703704 0.2953125 0.5296296296296297 0.290625 0.5259259259259259 0.2796875 0.5203703703703704 0.27291666666666664
2 0.5203703703703704 0.2942708333333333 0.5194444444444445 0.30104166666666665 0.525 0.3140625 0.5388888888888889 0.31302083333333336 0.5324074074074074 0.2947916666666667 0.5287037037037037 0.2921875
2 0.5268518518518519 0.315625 0.5324074074074074 0.33489583333333334 0.5453703703703704 0.33489583333333334 0.5398148148148149 0.3151041666666667
2 0.5370370370370371 0.3380208333333333 0.5361111111111111 0.34322916666666664 0.5425925925925926 0.35572916666666665 0.5462962962962963 0.3572916666666667 0.5555555555555556 0.35625 0.5574074074074075 0.3515625 0.55 0.3390625 0.5462962962962963 0.3359375
2 0.425 0.5880208333333333 0.4185185185185185 0.5916666666666667 0.42407407407407405 0.5973958333333333 0.44814814814814813 0.5916666666666667 0.4537037037037037 0.5880208333333333 0.44537037037037036 0.5828125
0 0.5157407407407407 0.5140625 0.5138888888888888 0.5208333333333334 0.5175925925925926 0.5286458333333334 0.5222222222222223 0.5322916666666667 0.5287037037037037 0.5328125 0.5303027777777778 0.5275416666666667 0.5279462962962963 0.5186375 0.5239055555555555 0.5154166666666666
0 0.4425925925925926 0.4890625 0.44074074074074077 0.49270833333333336 0.44537037037037036 0.5072916666666667 0.4564814814814815 0.5083333333333333 0.4583333333333333 0.5015625 0.4546296296296296 0.4895833333333333 0.45092592592592595 0.48802083333333335
0 0.34074074074074073 0.3880208333333333 0.3435185185185185 0.40677083333333336 0.3472222222222222 0.409375 0.3537037037037037 0.409375 0.35833333333333334 0.40572916666666664 0.35555555555555557 0.38958333333333334 0.35185185185185186 0.38645833333333335
0 0.33796296296296297 0.3614583333333333 0.337037037037037 0.38333333333333336 0.34814814814814815 0.3854166666666667 0.3527777777777778 0.38229166666666664 0.35185185185185186 0.3619791666666667
0 0.3388888888888889 0.34791666666666665 0.33796296296296297 0.3625 0.35185185185185186 0.35989583333333336 0.35555555555555557 0.3463541666666667 0.3537037037037037 0.3380208333333333 0.3453703703703704 0.33697916666666666 0.3416666666666667 0.3390625
0 0.34444444444444444 0.3296875 0.34444444444444444 0.3375 0.35462962962962963 0.3375 0.35833333333333334 0.33489583333333334 0.36574074074074076 0.3140625 0.3574074074074074 0.31302083333333336 0.35555555555555557 0.3109375 0.3509259259259259 0.3145833333333333
0 0.43425925925925923 0.44375 0.4388888888888889 0.4630208333333333 0.44907407407407407 0.4625 0.44907407407407407 0.4453125 0.4425925925925926 0.4427083333333333
0 0.5009259259259259 0.45416666666666666 0.5009259259259259 0.46770833333333334 0.5175925925925926 0.4703125 0.5222222222222223 0.45677083333333335 0.5203703703703704 0.4505208333333333 0.5064814814814815 0.4473958333333333
2 0.5185185185185185 0.42291666666666666 0.5185185185185185 0.43020833333333336 0.5324074074074074 0.43125 0.5361111111111111 0.4140625 0.5314814814814814 0.4114583333333333 0.5222222222222223 0.4140625
2 0.5361111111111111 0.3953125 0.5324074074074074 0.4083333333333333 0.5407407407407407 0.4114583333333333 0.5481481481481482 0.40729166666666666 0.5537037037037037 0.3921875 0.5518518518518518 0.390625 0.5398148148148149 0.39114583333333336
2 0.5388888888888889 0.3729166666666667 0.537962962962963 0.38697916666666665 0.5398148148148149 0.38958333333333334 0.5481481481481482 0.38958333333333334 0.5537037037037037 0.3854166666666667 0.5537037037037037 0.3723958333333333 0.55 0.3697916666666667 0.5444444444444444 0.3697916666666667
1 0.6888888888888889 0.284375 0.6898148148148148 0.29270833333333335 0.7111111111111111 0.2947916666666667 0.7175925925925926 0.2921875 0.7185185185185186 0.28958333333333336 0.7129629629629629 0.2864583333333333 0.6981481481481482 0.2838541666666667