1 0.6620370370370371 0.29322916666666665 0.6601851851851852 0.296875 0.662962962962963 0.3 0.6916666666666667 0.3015625 0.6916666666666667 0.29270833333333335 0.6666666666666666 0.2916666666666667
1 0.3824074074074074 0.346875 0.3814814814814815 0.35572916666666665 0.3962962962962963 0.3625 0.40555555555555556 0.36302083333333335 0.40555555555555556 0.35625 0.39351851851851855 0.3489583333333333
1 0.40925925925925927 0.36041666666666666 0.4101851851851852 0.36666666666666664 0.4388888888888889 0.37083333333333335 0.44074074074074077 0.36614583333333334 0.4361111111111111 0.3625 0.4148148148148148 0.35885416666666664
1 0.44166666666666665 0.36822916666666666 0.44074074074074077 0.3729166666666667 0.44537037037037036 0.37447916666666664 0.46296296296296297 0.3770833333333333 0.4722222222222222 0.37604166666666666 0.4740740740740741 0.3729166666666667 0.4666666666666667 0.36822916666666666
1 0.5055555555555555 0.37447916666666664 0.5046296296296297 0.38125 0.5277777777777778 0.38697916666666665 0.5342592592592592 0.3854166666666667 0.5296296296296297 0.37916666666666665 0.512962962962963 0.37447916666666664
1 0.537962962962963 0.38177083333333334 0.5361111111111111 0.38697916666666665 0.5574074074074075 0.39479166666666665 0.5675925925925925 0.39375 0.5685185185185185 0.390625 0.5537037037037037 0.38333333333333336 0.5425925925925926 0.3802083333333333
1 0.5703703703703704 0.39166666666666666 0.5703703703703704 0.39791666666666664 0.5916666666666667 0.403125 0.5990740740740741 0.40260416666666665 0.6 0.39739583333333334 0.5972222222222222 0.3958333333333333 0.5777777777777777 0.39114583333333336
2 0.36574074074074076 0.3234375 0.3648148148148148 0.33489583333333334 0.36944444444444446 0.3416666666666667 0.3768518518518518 0.34375 0.37962962962962965 0.34010416666666665 0.375 0.328125 0.3712962962962963 0.32447916666666665
2 0.3333333333333333 0.31614583333333335 0.3314814814814815 0.3177083333333333 0.33611111111111114 0.321875 0.35185185185185186 0.3260416666666667 0.362962962962963 0.3260416666666667 0.362962962962963 0.32083333333333336 0.3592592592592593 0.31875 0.34074074074074073 0.3145833333333333
2 0.4740740740740741 0.34791666666666665 0.4722222222222222 0.353125 0.4759259259259259 0.35885416666666664 0.48333333333333334 0.36614583333333334 0.4898148148148148 0.36614583333333334 0.49166666666666664 0.35885416666666664 0.48055555555555557 0.3484375
2 0.4787037037037037 0.3734375 0.4787037037037037 0.3875 0.4842592592592593 0.39010416666666664 0.487962962962963 0.3875 0.4888888888888889 0.37916666666666665 0.48703703703703705 0.375 0.48055555555555557 0.3723958333333333
2 0.475 0.39895833333333336 0.4722222222222222 0.4078125 0.48148148148148145 0.4088541666666667 0.4888888888888889 0.39791666666666664 0.48703703703703705 0.390625 0.47962962962962963 0.3927083333333333
2 0.46111111111111114 0.4114583333333333 0.45740740740740743 0.425 0.46574074074074073 0.428125 0.4740740740740741 0.41458333333333336 0.4722222222222222 0.41041666666666665 0.4675925925925926 0.4088541666666667
2 0.6833333333333333 0.4328125 0.6796296296296296 0.4348958333333333 0.6796296296296296 0.4390625 0.7064814814814815 0.44895833333333335 0.7111111111111111 0.4427083333333333 0.687962962962963 0.4322916666666667
2 0.7111111111111111 0.44635416666666666 0.7092592592592593 0.45260416666666664 0.7305555555555555 0.4609375 0.7379629629629629 0.46145833333333336 0.7407407407407407 0.4588541666666667 0.7388888888888889 0.45364583333333336 0.7157407407407408 0.44479166666666664
2 0.6527777777777778 0.42083333333333334 0.6509259259259259 0.425 0.675 0.4354166666666667 0.6833333333333333 0.4322916666666667 0.675 0.425 0.6611111111111111 0.4203125
2 0.6240740740740741 0.409375 0.6240740740740741 0.41510416666666666 0.6435185185185185 0.4234375 0.6509259259259259 0.42291666666666666 0.65 0.4171875 0.6296296296296297 0.4083333333333333
2 0.2388888888888889 0.44427083333333334 0.2388888888888889 0.44947916666666665 0.24814814814814815 0.4510416666666667 0.26666666666666666 0.4390625 0.26481481481481484 0.434375 0.2611111111111111 0.4322916666666667 0.25462962962962965 0.43333333333333335
2 0.2212962962962963 0.4630208333333333 0.2212962962962963 0.46822916666666664 0.23333333333333334 0.46875 0.24444444444444444 0.45677083333333335 0.24444444444444444 0.453125 0.2388888888888889 0.4510416666666667 0.23148148148148148 0.45260416666666664
2 0.21851851851851853 0.4765625 0.21851851851851853 0.48541666666666666 0.23055555555555557 0.48541666666666666 0.23148148148148148 0.4703125 0.2212962962962963 0.46979166666666666
2 0.21481481481481482 0.49114583333333334 0.21296296296296297 0.5057291666666667 0.22314814814814815 0.5072916666666667 0.22777777777777777 0.5020833333333333 0.22962962962962963 0.48489583333333336 0.21944444444444444 0.4822916666666667
2 0.21481481481481482 0.5088541666666667 0.21388888888888888 0.5151041666666667 0.21944444444444444 0.5291666666666667 0.23148148148148148 0.5286458333333334 0.22685185185185186 0.5130208333333334 0.22314814814814815 0.5088541666666667
2 0.22314814814814815 0.5286458333333334 0.2212962962962963 0.5338541666666666 0.22685185185185186 0.5447916666666667 0.23055555555555557 0.5484375 0.2351851851851852 0.5484375 0.24074074074074073 0.5442708333333334 0.23796296296296296 0.5369791666666667 0.23333333333333334 0.5302083333333333
2 0.3453703703703704 0.5723958333333333 0.3416666666666667 0.5744791666666667 0.34444444444444444 0.5817708333333333 0.37592592592592594 0.5744791666666667 0.37777777777777777 0.5708333333333333 0.3731481481481482 0.5666666666666667 0.3685185185185185 0.5666666666666667
2 0.30648148148148147 0.5833333333333334 0.3037037037037037 0.5895833333333333 0.30925925925925923 0.5921875 0.33611111111111114 0.5848958333333333 0.3416666666666667 0.5807291666666666 0.3388888888888889 0.5770833333333333 0.33240740740740743 0.5760416666666667
2 0.2675925925925926 0.5963541666666666 0.26851851851851855 0.6020833333333333 0.2759259259259259 0.6036458333333333 0.3037037037037037 0.5921875 0.30277777777777776 0.5875 0.2935185185185185 0.5854166666666667
2 0.6314814814814815 0.6927083333333334 0.6287037037037037 0.6958333333333333 0.6444444444444445 0.7072916666666667 0.6564814814814814 0.7114583333333333 0.6611111111111111 0.70625 0.6509259259259259 0.6984375 0.6370370370370371 0.6916666666666667
2 0.6638888888888889 0.7109375 0.6592592592592592 0.7135416666666666 0.6592592592592592 0.7171875 0.6759259259259259 0.7260416666666667 0.6824074074074075 0.7328125 0.6907407407407408 0.7317708333333334 0.6935185185185185 0.7265625 0.6685185185185185 0.7109375
1 0.3509259259259259 0.7338541666666667 0.35 0.7390625 0.35462962962962963 0.7416666666666667 0.38425925925925924 0.74375 0.39166666666666666 0.7416666666666667 0.39166666666666666 0.7369791666666666 0.38796296296296295 0.7348958333333333
1 0.3037037037037037 0.7411458333333333 0.30277777777777776 0.7494791666666667 0.3435185185185185 0.7453125 0.3416666666666667 0.7380208333333333
1 0.2601851851851852 0.7520833333333333 0.2574074074074074 0.7588541666666667 0.262037037037037 0.7609375 0.2962962962962963 0.7526041666666666 0.29814814814814816 0.7489583333333333 0.2916666666666667 0.7447916666666666
1 0.21666666666666667 0.7640625 0.21666666666666667 0.7713541666666667 0.22962962962962963 0.7703125 0.2564814814814815 0.7619791666666667 0.25462962962962965 0.7557291666666667
1 0.6916666666666667 0.7364583333333333 0.6925925925925925 0.74375 0.7268518518518519 0.740625 0.7324074074074074 0.7375 0.7287037037037037 0.7328125
1 0.7333333333333333 0.7307291666666667 0.7314814814814815 0.7359375 0.7342592592592593 0.7385416666666667 0.7583333333333333 0.7369791666666666 0.7731481481481481 0.734375 0.775 0.7276041666666667 0.7666666666666667 0.7265625
1 0.7768518518518519 0.7265625 0.7768518518518519 0.7333333333333333 0.8148148148148148 0.7328125 0.8185185185185185 0.73125 0.8185185185185185 0.7265625 0.8111111111111111 0.7234375 0.7944444444444444 0.7234375
1 0.6777777777777778 0.6796875 0.6759259259259259 0.6854166666666667 0.6796296296296296 0.6869791666666667 0.7111111111111111 0.6854166666666667 0.7148148148148148 0.6828125 0.7138888888888889 0.6791666666666667 0.7064814814814815 0.6765625
1 0.6351851851851852 0.6817708333333333 0.6351851851851852 0.6885416666666667 0.6435185185185185 0.6890625 0.6722222222222223 0.6848958333333334 0.6759259259259259 0.6807291666666667 0.675 0.6786458333333333 0.6648148148148149 0.6776041666666667
1 0.825 0.6921875 0.8277777777777777 0.7130208333333333 0.8305555555555556 0.7161458333333334 0.8416666666666667 0.715625 0.8444444444444444 0.7104166666666667 0.8388888888888889 0.6947916666666667 0.8333333333333334 0.6916666666666667
1 0.8166666666666667 0.6666666666666666 0.8101851851851852 0.6682291666666667 0.812037037037037 0.6755208333333333 0.8212962962962963 0.6869791666666667 0.8314814814814815 0.6901041666666666 0.837037037037037 0.6875 0.8379629629629629 0.6828125 0.8240740740740741 0.6682291666666667
1 0.7944444444444444 0.646875 0.7925925925925926 0.6515625 0.8064814814814815 0.665625 0.8101851851851852 0.6682291666666667 0.8185185185185185 0.6671875 0.8212962962962963 0.6609375 0.8111111111111111 0.6510416666666666 0.8 0.6442708333333333
1 0.7694444444444445 0.6270833333333333 0.7694444444444445 0.6333333333333333 0.7851851851851852 0.6458333333333334 0.7925925925925926 0.6479166666666667 0.7981481481481482 0.64375 0.7962962962962963 0.6401041666666667 0.7787037037037037 0.6260416666666667
1 0.7407407407407407 0.6078125 0.7398148148148148 0.6125 0.7546296296296297 0.6223958333333334 0.7648148148148148 0.6265625 0.7685185185185185 0.6260416666666667 0.7731481481481481 0.6234375 0.7694444444444445 0.61875 0.7518518518518519 0.6072916666666667
4 0.6805555555555556 0.759375 0.6814814814814815 0.7651041666666667 0.7129629629629629 0.775 0.7194444444444444 0.7734375 0.7202472222222221 0.7679609374999999 0.7083953703703704 0.7682385416666667 0.696049074074074 0.762959375 0.6891361111111112 0.7601807291666667
4 0.7251851851851853 0.7729625 0.7237037037037037 0.7765744791666667 0.7518518518518519 0.7890625 0.7583333333333333 0.7885416666666667 0.7587657407407408 0.7821317708333333 0.745925925925926 0.7785197916666667 0.7291361111111111 0.7740739583333334 0.7271601851851851 0.7746296874999999
4 0.5537037037037037 0.6739583333333333 0.5527777777777778 0.6786458333333333 0.5574074074074075 0.6817708333333333 0.5842592592592593 0.6901041666666666 0.5898148148148148 0.6890625 0.5925925925925926 0.684375 0.5861111111111111 0.6796875 0.5611111111111111 0.671875
4 0.5268518518518519 0.6515625 0.5268518518518519 0.6572916666666667 0.5398148148148149 0.6697916666666667 0.5462962962962963 0.6734375 0.5518518518518518 0.6729166666666667 0.5527777777777778 0.665625 0.5398148148148149 0.653125 0.5342592592592592 0.65
4 0.49444444444444446 0.6348958333333333 0.49537037037037035 0.640625 0.5111111111111111 0.6473958333333333 0.5212962962962963 0.6510416666666666 0.5296296296296297 0.65 0.5305555555555556 0.6458333333333334 0.5259259259259259 0.6421875 0.5037037037037037 0.6333333333333333 0.4981481481481482 0.6328125
4 0.45555555555555555 0.6265625 0.4583333333333333 0.6328125 0.4861111111111111 0.6390625 0.4925925925925926 0.6375 0.4935185185185185 0.6333333333333333 0.4888888888888889 0.6302083333333334 0.46111111111111114 0.6244791666666667
4 0.41203703703703703 0.6552083333333333 0.41388888888888886 0.6609375 0.42314814814814816 0.6614583333333334 0.4398148148148148 0.6484375 0.44166666666666665 0.6427083333333333 0.4324074074074074 0.640625
0 0.6203703703703703 0.6557291666666667 0.6212962962962963 0.6755208333333333 0.625 0.678125 0.6324074074074074 0.6786458333333333 0.6324074074074074 0.6572916666666667 0.6296296296296297 0.6552083333333333
0 0.6148148148148148 0.6296875 0.6129629629629629 0.6348958333333333 0.6194444444444445 0.6494791666666667 0.6240740740740741 0.6520833333333333 0.6324074074074074 0.6526041666666667 0.6361111111111111 0.6473958333333333 0.6268518518518519 0.6307291666666667 0.6222222222222222 0.6286458333333333
0 0.5944444444444444 0.6067708333333334 0.5935185185185186 0.6098958333333333 0.6027777777777777 0.6208333333333333 0.612037037037037 0.6270833333333333 0.6175925925925926 0.6270833333333333 0.6212962962962963 0.6213541666666667 0.6092592592592593 0.6083333333333333 0.6037037037037037 0.6052083333333333
0 0.5962962962962963 0.5770833333333333 0.5944444444444444 0.5911458333333334 0.5972222222222222 0.5953125 0.6027777777777777 0.5953125 0.6064814814814815 0.5916666666666667 0.6083333333333333 0.5744791666666667 0.600925925925926 0.5729166666666666
0 0.6111111111111112 0.559375 0.6018518518518519 0.5697916666666667 0.6018518518518519 0.571875 0.6083333333333333 0.5739583333333333 0.6138888888888889 0.5723958333333333 0.6240740740740741 0.5609375 0.6240740740740741 0.55625 0.6166666666666667 0.5557291666666667
0 0.6129629629629629 0.5458333333333333 0.6111111111111112 0.5505208333333333 0.6231481481481481 0.5515625 0.6342592592592593 0.5375 0.6333333333333333 0.5322916666666667 0.6259259259259259 0.53125 0.6222222222222222 0.5333333333333333
0 0.45925925925925926 0.5 0.45740740740740743 0.5026041666666666 0.46296296296296297 0.5135416666666667 0.4675925925925926 0.5182291666666666 0.4740740740740741 0.5197916666666667 0.48333333333333334 0.5151041666666667 0.46944444444444444 0.5015625
0 0.44722222222222224 0.48020833333333335 0.4425925925925926 0.48072916666666665 0.44537037037037036 0.4901041666666667 0.4564814814814815 0.49895833333333334 0.46296296296296297 0.4984375 0.4648148148148148 0.4942708333333333 0.46111111111111114 0.48802083333333335
0 0.3574074074074074 0.4390625 0.3592592592592593 0.453125 0.36666666666666664 0.4578125 0.37222222222222223 0.453125 0.3685185185185185 0.4427083333333333 0.36574074074074076 0.4390625
0 0.3685185185185185 0.45729166666666665 0.36574074074074076 0.4588541666666667 0.3675925925925926 0.4703125 0.37222222222222223 0.4765625 0.37777777777777777 0.47708333333333336 0.38055555555555554 0.4744791666666667 0.37777777777777777 0.4609375 0.375 0.4578125
0 0.36574074074074076 0.4791666666666667 0.36944444444444446 0.49322916666666666 0.3731481481481482 0.4973958333333333 0.37777777777777777 0.4979166666666667 0.3814814814814815 0.4953125 0.37962962962962965 0.4875 0.3731481481481482 0.4786458333333333 0.3685185185185185 0.47760416666666666
2 0.587037037037037 0.5223958333333333 0.5861111111111111 0.5255208333333333 0.5972222222222222 0.5291666666666667 0.6185185185185185 0.5317708333333333 0.6231481481481481 0.5296875 0.6222222222222222 0.5244791666666667 0.5916666666666667 0.5177083333333333
2 0.5472222222222223 0.5145833333333333 0.5453703703703704 0.51875 0.5546296296296296 0.521875 0.5731481481481482 0.525 0.5814814814814815 0.5234375 0.5787037037037037 0.5171875 0.5703703703703704 0.5166666666666667 0.5537037037037037 0.5109375
1 0.45555555555555555 0.5958333333333333 0.45555555555555555 0.603125 0.46296296296296297 0.6046875 0.4740740740740741 0.5885416666666666 0.4703703703703704 0.5822916666666667 0.46296296296296297 0.5833333333333334
1 0.44537037037037036 0.61875 0.44537037037037036 0.6270833333333333 0.45 0.628125 0.4564814814814815 0.625 0.46296296296296297 0.6114583333333333 0.462037037037037 0.6057291666666667 0.4527777777777778 0.6057291666666667
4 0.25462962962962965 0.5453125 0.25462962962962965 0.55 0.26481481481481484 0.5526041666666667 0.2861111111111111 0.5421875 0.28888888888888886 0.5369791666666667 0.27870370370370373 0.5328125
4 0.5166666666666667 0.4895833333333333 0.5166666666666667 0.4942708333333333 0.5231481481481481 0.496875 0.5287037037037037 0.5041666666666667 0.5370370370370371 0.5057291666666667 0.5416666666666666 0.5015625 0.5324074074074074 0.490625 0.5259259259259259 0.4875
4 0.5111111111111111 0.471875 0.5138888888888888 0.48072916666666665 0.5222222222222223 0.4859375 0.5287037037037037 0.4869791666666667 0.5314814814814814 0.48333333333333334 0.5259259259259259 0.47708333333333336 0.5185185185185185 0.4708333333333333
4 0.49722222222222223 0.453125 0.4925925925925926 0.45625 0.49722222222222223 0.4630208333333333 0.5083333333333333 0.46979166666666666 0.5157407407407407 0.46875 0.5148148148148148 0.4635416666666667
4 0.47129629629629627 0.44114583333333335 0.47314814814814815 0.44635416666666666 0.4842592592592593 0.453125 0.49074074074074076 0.4546875 0.4981481481481482 0.45260416666666664 0.49166666666666664 0.4453125 0.47685185185185186 0.4390625