1 0.7083333333333334 0.25729166666666664 0.7092592592592593 0.26510416666666664 0.7379629629629629 0.265625 0.7407407407407407 0.2640625 0.7398148148148148 0.25677083333333334 0.712037037037037 0.2557291666666667
1 0.46296296296296297 0.32447916666666665 0.4638888888888889 0.33125 0.49537037037037035 0.33541666666666664 0.4981481481481482 0.3302083333333333 0.49444444444444446 0.3265625 0.4666666666666667 0.3229166666666667
1 0.4287037037037037 0.31666666666666665 0.4305555555555556 0.32447916666666665 0.4583333333333333 0.3296875 0.462037037037037 0.32864583333333336 0.462037037037037 0.3229166666666667 0.4583333333333333 0.31979166666666664 0.43333333333333335 0.3151041666666667
1 0.4009259259259259 0.30572916666666666 0.4009259259259259 0.3125 0.41759259259259257 0.32083333333333336 0.425 0.32083333333333336 0.42685185185185187 0.31354166666666666 0.4074074074074074 0.30364583333333334
2 0.3851851851851852 0.28489583333333335 0.38333333333333336 0.28958333333333336 0.3888888888888889 0.30104166666666665 0.39814814814814814 0.3020833333333333 0.4009259259259259 0.3 0.3962962962962963 0.2864583333333333 0.3907407407407407 0.28229166666666666
2 0.3537037037037037 0.2755208333333333 0.35462962962962963 0.28072916666666664 0.37592592592592594 0.2859375 0.38425925925925924 0.2859375 0.38425925925925924 0.2791666666666667 0.3768518518518518 0.2760416666666667 0.36574074074074076 0.2734375
2 0.49722222222222223 0.30572916666666666 0.49722222222222223 0.31145833333333334 0.5055555555555555 0.321875 0.5111111111111111 0.32447916666666665 0.5175925925925926 0.32447916666666665 0.5203703703703704 0.31979166666666664 0.5120370370370371 0.3104166666666667 0.5018518518518519 0.30416666666666664
2 0.6601851851851852 0.3692708333333333 0.6611111111111111 0.375 0.6824074074074075 0.38385416666666666 0.6907407407407408 0.3828125 0.6907407407407408 0.3765625 0.675 0.36875 0.6648148148148149 0.36666666666666664
2 0.6935185185185185 0.3802083333333333 0.6916666666666667 0.3859375 0.7203703703703703 0.3963541666666667 0.725 0.39114583333333336 0.7231481481481481 0.38697916666666665 0.700925925925926 0.37916666666666665
2 0.7212962962962963 0.3963541666666667 0.7222222222222222 0.4 0.7425925925925926 0.4083333333333333 0.7537037037037037 0.4088541666666667 0.7546296296296297 0.4010416666666667 0.7296296296296296 0.390625
2 0.7555555555555555 0.40625 0.7546296296296297 0.4114583333333333 0.7611111111111111 0.4166666666666667 0.7805555555555556 0.4234375 0.7898148148148149 0.42083333333333334 0.7907407407407407 0.4171875 0.7861111111111111 0.41354166666666664 0.7611111111111111 0.4041666666666667
2 0.4759259259259259 0.3796875 0.4777777777777778 0.3848958333333333 0.48703703703703705 0.384375 0.49166666666666664 0.3729166666666667 0.4888888888888889 0.3645833333333333 0.48055555555555557 0.36822916666666666
2 0.49537037037037035 0.35885416666666664 0.49444444444444446 0.36614583333333334 0.5037037037037037 0.36614583333333334 0.5138888888888888 0.3541666666666667 0.5111111111111111 0.346875 0.5037037037037037 0.35
2 0.5027777777777778 0.3328125 0.5046296296296297 0.35 0.512962962962963 0.3458333333333333 0.5138888888888888 0.3338541666666667 0.5092592592592593 0.3296875
2 0.2361111111111111 0.39375 0.23333333333333334 0.4010416666666667 0.24259259259259258 0.4036458333333333 0.26296296296296295 0.39166666666666666 0.2638888888888889 0.38697916666666665 0.2601851851851852 0.384375 0.25462962962962965 0.384375
2 0.21203703703703702 0.4140625 0.2111111111111111 0.41822916666666665 0.22407407407407406 0.42083333333333334 0.23703703703703705 0.409375 0.23425925925925925 0.40260416666666665 0.22407407407407406 0.4036458333333333
2 0.20833333333333334 0.4239583333333333 0.2074074074074074 0.4328125 0.21666666666666667 0.4354166666666667 0.2212962962962963 0.4317708333333333 0.22314814814814815 0.42083333333333334 0.21574074074074073 0.41458333333333336 0.20925925925925926 0.41822916666666665
1 0.5305555555555556 0.3333333333333333 0.5324074074074074 0.34010416666666665 0.5583333333333333 0.3463541666666667 0.562962962962963 0.3453125 0.5638888888888889 0.3416666666666667 0.5564814814814815 0.33645833333333336 0.5361111111111111 0.33177083333333335
1 0.5703703703703704 0.3385416666666667 0.5657407407407408 0.3411458333333333 0.5657407407407408 0.3453125 0.5879629629629629 0.3541666666666667 0.5972222222222222 0.3541666666666667 0.6 0.3489583333333333 0.5972222222222222 0.3463541666666667 0.5796296296296296 0.33958333333333335
1 0.6018518518518519 0.35 0.6 0.3541666666666667 0.6027777777777777 0.3567708333333333 0.6268518518518519 0.36354166666666665 0.6333333333333333 0.36302083333333335 0.6333333333333333 0.3541666666666667 0.6083333333333333 0.3484375
0 0.362962962962963 0.39166666666666666 0.3638888888888889 0.4078125 0.37037037037037035 0.4125 0.37592592592592594 0.409375 0.3768518518518518 0.4005208333333333 0.3712962962962963 0.3927083333333333 0.36666666666666664 0.390625
0 0.3731481481481482 0.41302083333333334 0.36944444444444446 0.4140625 0.3731481481481482 0.43125 0.38333333333333336 0.4328125 0.38333333333333336 0.41458333333333336 0.37962962962962965 0.4119791666666667
0 0.3685185185185185 0.43333333333333335 0.37222222222222223 0.45208333333333334 0.3787037037037037 0.45416666666666666 0.3851851851851852 0.4510416666666667 0.38333333333333336 0.4348958333333333 0.3731481481481482 0.4322916666666667
0 0.6388888888888888 0.5078125 0.6388888888888888 0.5140625 0.6527777777777778 0.5135416666666667 0.6648148148148149 0.4979166666666667 0.6620370370370371 0.49270833333333336 0.6546296296296297 0.4921875 0.6509259259259259 0.4942708333333333
0 0.6296296296296297 0.5286458333333334 0.6268518518518519 0.534375 0.6361111111111111 0.5380208333333333 0.6518518518518519 0.5234375 0.6518518518518519 0.5171875 0.6435185185185185 0.515625
0 0.6157407407407407 0.546875 0.6148148148148148 0.5578125 0.6268518518518519 0.559375 0.6342592592592593 0.5395833333333333 0.6231481481481481 0.5354166666666667 0.6175925925925926 0.5395833333333333
0 0.6398148148148148 0.6244791666666667 0.6398148148148148 0.6479166666666667 0.6435185185185185 0.6510416666666666 0.6537037037037037 0.6510416666666666 0.6546296296296297 0.6286458333333333 0.6509259259259259 0.6244791666666667
0 0.637962962962963 0.596875 0.6425925925925926 0.6192708333333333 0.649074074074074 0.6223958333333334 0.6555555555555556 0.6223958333333334 0.6592592592592592 0.6166666666666667 0.6509259259259259 0.5994791666666667 0.6462962962962963 0.5963541666666666
0 0.6194444444444445 0.5703125 0.612037037037037 0.5744791666666667 0.6222222222222222 0.5859375 0.6305555555555555 0.5932291666666667 0.6416666666666667 0.5932291666666667 0.6425925925925926 0.5875 0.6324074074074074 0.5739583333333333 0.6277777777777778 0.5708333333333333
2 0.19907407407407407 0.446875 0.19722222222222222 0.4583333333333333 0.20833333333333334 0.46041666666666664 0.21666666666666667 0.44479166666666664 0.21666666666666667 0.43854166666666666 0.2064814814814815 0.4375
2 0.1962962962962963 0.45989583333333334 0.19907407407407407 0.47760416666666666 0.21296296296296297 0.47760416666666666 0.2074074074074074 0.45989583333333334 0.19907407407407407 0.4583333333333333
2 0.20092592592592592 0.47760416666666666 0.19907407407407407 0.4864583333333333 0.20555555555555555 0.49947916666666664 0.2101851851851852 0.5020833333333333 0.21944444444444444 0.5020833333333333 0.2222222222222222 0.49635416666666665 0.21296296296296297 0.478125 0.2101851851851852 0.4765625
2 0.3287037037037037 0.5307291666666667 0.32685185185185184 0.5364583333333334 0.33055555555555555 0.5395833333333333 0.3351851851851852 0.5395833333333333 0.3685185185185185 0.5317708333333333 0.37037037037037035 0.5286458333333334 0.36574074074074076 0.5239583333333333 0.35833333333333334 0.5239583333333333
2 0.28425925925925927 0.540625 0.28425925925925927 0.5484375 0.2916666666666667 0.5489583333333333 0.32037037037037036 0.5421875 0.325 0.5395833333333333 0.325 0.5348958333333333 0.3212962962962963 0.5322916666666667 0.3148148148148148 0.5328125
2 0.24166666666666667 0.5520833333333334 0.24444444444444444 0.559375 0.25092592592592594 0.5604166666666667 0.2814814814814815 0.5505208333333333 0.2833333333333333 0.54375 0.2796296296296296 0.540625 0.2712962962962963 0.5411458333333333
2 0.6851851851851852 0.690625 0.6833333333333333 0.6942708333333333 0.6888888888888889 0.6994791666666667 0.7101851851851851 0.7130208333333333 0.7203703703703703 0.7130208333333333 0.7240740740740741 0.7072916666666667 0.7027777777777777 0.6921875 0.6944444444444444 0.6885416666666667
2 0.65 0.665625 0.6509259259259259 0.6734375 0.6712962962962963 0.6885416666666667 0.6796296296296296 0.6890625 0.6851851851851852 0.6854166666666667 0.6814814814814815 0.6786458333333333 0.6638888888888889 0.6661458333333333
4 0.7092592592592593 0.7432291666666667 0.7064814814814815 0.7515625 0.7425925925925926 0.7640625 0.7518518518518519 0.7635416666666667 0.7481481481481481 0.7596109375 0.7435185185185185 0.7544005208333334 0.7296296296296296 0.7486697916666666 0.7175925925925926 0.7465859375
4 0.7546296296296297 0.7619791666666667 0.7537037037037037 0.7651041666666667 0.7592592592592593 0.7697916666666667 0.7935185185185185 0.7828125 0.8009259259259259 0.7802083333333333 0.799074074074074 0.7768036458333333 0.7962962962962963 0.7731567708333333 0.7796296296296297 0.7653416666666666 0.7703703703703704 0.7658625 0.7555555555555555 0.7611734375
4 0.3990740740740741 0.6182291666666667 0.3972222222222222 0.6229166666666667 0.4 0.6255208333333333 0.4111111111111111 0.6265625 0.4305555555555556 0.6130208333333333 0.43333333333333335 0.609375 0.4305555555555556 0.6041666666666666 0.4212962962962963 0.6041666666666666
4 0.5601851851851852 0.6453125 0.5601851851851852 0.6494791666666667 0.5685185185185185 0.6541666666666667 0.5944444444444444 0.6625 0.6037037037037037 0.6609375 0.6046296296296296 0.6541666666666667 0.5842592592592593 0.6458333333333334 0.5675925925925925 0.6416666666666667
4 0.5287037037037037 0.61875 0.5287037037037037 0.6234375 0.5462962962962963 0.6411458333333333 0.55 0.6432291666666666 0.5601851851851852 0.6411458333333333 0.5611111111111111 0.6364583333333333 0.5435185185185185 0.6177083333333333 0.5361111111111111 0.615625
4 0.4962962962962963 0.5989583333333334 0.49444444444444446 0.6057291666666667 0.49722222222222223 0.6072916666666667 0.525 0.6182291666666667 0.5351851851851852 0.615625 0.5370370370370371 0.6125 0.5277777777777778 0.6057291666666667 0.5055555555555555 0.596875
4 0.4527777777777778 0.5880208333333333 0.4527777777777778 0.5958333333333333 0.48333333333333334 0.6036458333333333 0.4935185185185185 0.6020833333333333 0.49444444444444446 0.5953125 0.45925925925925926 0.5864583333333333
4 0.2351851851851852 0.49635416666666665 0.2351851851851852 0.5036458333333333 0.24444444444444444 0.5067708333333333 0.2759259259259259 0.4942708333333333 0.275 0.49114583333333334 0.2638888888888889 0.4859375
4 0.5342592592592592 0.4473958333333333 0.5351851851851852 0.45260416666666664 0.5444444444444444 0.45989583333333334 0.5546296296296296 0.46458333333333335 0.5601851851851852 0.4640625 0.562962962962963 0.459375 0.5509259259259259 0.4484375 0.5425925925925926 0.44479166666666664 0.5361111111111111 0.4453125
4 0.5277777777777778 0.4276041666666667 0.5268518518518519 0.4322916666666667 0.5324074074074074 0.4390625 0.55 0.446875 0.5527777777777778 0.44166666666666665 0.5435185185185185 0.4317708333333333 0.5333333333333333 0.4270833333333333
4 0.5083333333333333 0.4088541666666667 0.5083333333333333 0.41510416666666666 0.5148148148148148 0.42135416666666664 0.524074074074074 0.42552083333333335 0.5361111111111111 0.4244791666666667 0.5361111111111111 0.42083333333333334 0.5185185185185185 0.4088541666666667 0.5157407407407407 0.40729166666666666
4 0.4888888888888889 0.396875 0.48703703703703705 0.4010416666666667 0.5037037037037037 0.40989583333333335 0.5092592592592593 0.4109375 0.5157407407407407 0.4083333333333333 0.512962962962963 0.40260416666666665 0.5037037037037037 0.39739583333333334 0.49444444444444446 0.39427083333333335
0 0.4666666666666667 0.4557291666666667 0.4740740740740741 0.4739583333333333 0.48055555555555557 0.4786458333333333 0.4861111111111111 0.478125 0.49074074074074076 0.4739583333333333 0.4962962962962963 0.4739583333333333 0.4888888888888889 0.47239583333333335 0.47685185185185186 0.4552083333333333
0 0.45925925925925926 0.4359375 0.4527777777777778 0.4359375 0.45555555555555555 0.44635416666666666 0.46296296296296297 0.45416666666666666 0.4740740740740741 0.4546875 0.4740740740740741 0.4473958333333333
1 0.45555555555555555 0.5557291666666667 0.4546296296296296 0.5640625 0.46296296296296297 0.5661458333333333 0.4777777777777778 0.5473958333333333 0.47685185185185186 0.5421875 0.46944444444444444 0.5411458333333333 0.4638888888888889 0.5432291666666667
1 0.44074074074074077 0.58125 0.44074074074074077 0.5885416666666666 0.44907407407407407 0.5901041666666667 0.46296296296296297 0.5708333333333333 0.462037037037037 0.5671875 0.4564814814814815 0.5645833333333333 0.45185185185185184 0.5651041666666666
2 0.5537037037037037 0.5442708333333334 0.5527777777777778 0.55 0.5555555555555556 0.5515625 0.5842592592592593 0.5604166666666667 0.5953703703703703 0.5572916666666666 0.5907407407407408 0.55 0.5611111111111111 0.5421875
2 0.512962962962963 0.5328125 0.5148148148148148 0.5390625 0.5444444444444444 0.5479166666666667 0.5518518518518518 0.546875 0.5537037037037037 0.5421875 0.549074074074074 0.5380208333333333 0.5212962962962963 0.5296875
1 0.6555555555555556 0.65625 0.6555555555555556 0.6604166666666667 0.6675925925925926 0.6630208333333333 0.6990740740740741 0.6609375 0.7027777777777777 0.659375 0.7037037037037037 0.6536458333333334 0.7 0.6505208333333333 0.6824074074074075 0.6505208333333333 0.6583333333333333 0.6536458333333334
1 0.7037037037037037 0.6541666666666667 0.7027777777777777 0.6578125 0.7074074074074074 0.6625 0.7481481481481481 0.6609375 0.7509259259259259 0.6578125 0.75 0.653125 0.7453703703703703 0.6505208333333333 0.7064814814814815 0.6526041666666667
1 0.7212962962962963 0.71875 0.7194444444444444 0.7244791666666667 0.7240740740740741 0.7286458333333333 0.7657407407407407 0.725 0.7703703703703704 0.721875 0.7685185185185185 0.715625 0.7277777777777777 0.7166666666666667
1 0.31574074074074077 0.7052083333333333 0.3148148148148148 0.7104166666666667 0.31851851851851853 0.7130208333333333 0.35462962962962963 0.7171875 0.3592592592592593 0.7171875 0.3638888888888889 0.7140625 0.362962962962963 0.7083333333333334 0.35648148148148145 0.70625 0.32314814814814813 0.7026041666666667
1 0.25833333333333336 0.7119791666666667 0.2574074074074074 0.7171875 0.2611111111111111 0.7213541666666666 0.3074074074074074 0.7177083333333333 0.3074074074074074 0.7098958333333333 0.3037037037037037 0.7078125
1 0.2037037037037037 0.7239583333333334 0.20462962962962963 0.7317708333333334 0.21296296296296297 0.7328125 0.25 0.725 0.2537037037037037 0.7223958333333333 0.25092592592592594 0.7161458333333334 0.24444444444444444 0.7145833333333333
1 0.15185185185185185 0.7348958333333333 0.15185185185185185 0.7411458333333333 0.15925925925925927 0.7442708333333333 0.19907407407407407 0.7359375 0.2037037037037037 0.7333333333333333 0.2 0.7265625 0.19537037037037036 0.7255208333333333
1 0.7712962962962963 0.7151041666666667 0.7712962962962963 0.7213541666666666 0.7759259259259259 0.7229166666666667 0.8185185185185185 0.7192708333333333 0.8212962962962963 0.7119791666666667 0.8101851851851852 0.7104166666666667 0.7768518518518519 0.7130208333333333
1 0.8240740740740741 0.7104166666666667 0.8240740740740741 0.7182291666666667 0.8694444444444445 0.71875 0.875 0.7161458333333334 0.8731481481481481 0.7098958333333333 0.862037037037037 0.7067708333333333
1 0.8824074074074074 0.6723958333333333 0.8888888888888888 0.6989583333333333 0.9037037037037037 0.7 0.9055555555555556 0.6921875 0.8981481481481481 0.6739583333333333 0.8944444444444445 0.6708333333333333
1 0.8657407407407407 0.64375 0.8657407407407407 0.6505208333333333 0.8796296296296297 0.6661458333333333 0.8851851851851852 0.6692708333333334 0.8972222222222223 0.6671875 0.899074074074074 0.6604166666666667 0.8796296296296297 0.6416666666666667
1 0.8453703703703703 0.6203125 0.8444444444444444 0.6265625 0.862037037037037 0.6432291666666666 0.8759259259259259 0.6416666666666667 0.8787037037037037 0.6364583333333333 0.8592592592592593 0.6192708333333333 0.8518518518518519 0.6171875
1 0.8166666666666667 0.5989583333333334 0.8175925925925925 0.6057291666666667 0.8416666666666667 0.6229166666666667 0.850925925925926 0.6161458333333333 0.8453703703703703 0.609375 0.8277777777777777 0.5963541666666666
1 0.7851851851851852 0.5760416666666667 0.7824074074074074 0.5817708333333333 0.8101851851851852 0.5984375 0.8175925925925925 0.5973958333333333 0.8212962962962963 0.5927083333333333 0.8185185185185185 0.5885416666666666 0.7962962962962963 0.5744791666666667 0.7888888888888889 0.5739583333333333