2 0.3277777777777778 0.5744791666666667 0.31851851851851853 0.5848958333333333 0.3212962962962963 0.5911458333333334 0.3314814814814815 0.5890625 0.34074074074074073 0.5744791666666667 0.3351851851851852 0.5703125
2 0.43148148148148147 0.5729166666666666 0.42962962962962964 0.578125 0.43425925925925923 0.5848958333333333 0.4444444444444444 0.5916666666666667 0.45092592592592595 0.5911458333333334 0.4537037037037037 0.5895833333333333 0.45185185185185184 0.584375 0.4425925925925926 0.5770833333333333
2 0.4287037037037037 0.5682291666666667 0.4287037037037037 0.5734375 0.4388888888888889 0.5739583333333333 0.44814814814814813 0.5651041666666666 0.44537037037037036 0.5572916666666666 0.4425925925925926 0.5567708333333333
2 0.37222222222222223 0.5213541666666667 0.3712962962962963 0.5270833333333333 0.37592592592592594 0.5307291666666667 0.38425925925925924 0.5229166666666667 0.38425925925925924 0.515625 0.3768518518518518 0.5151041666666667
2 0.36018518518518516 0.5390625 0.3592592592592593 0.5432291666666667 0.362962962962963 0.546875 0.37592592592592594 0.5359375 0.3768518518518518 0.5276041666666667 0.3685185185185185 0.5286458333333334
2 0.3472222222222222 0.5510416666666667 0.34629629629629627 0.5557291666666667 0.35555555555555557 0.5572916666666666 0.362962962962963 0.5473958333333333 0.3592592592592593 0.5421875 0.35185185185185186 0.5442708333333334
1 0.44351851851851853 0.5364583333333334 0.4425925925925926 0.5510416666666667 0.4462962962962963 0.5541666666666667 0.4527777777777778 0.5536458333333333 0.4546296296296296 0.5494791666666666 0.45092592592592595 0.5395833333333333 0.44537037037037036 0.5354166666666667
1 0.11018518518518519 0.5177083333333333 0.1111111111111111 0.5234375 0.1287037037037037 0.5291666666666667 0.1388888888888889 0.528125 0.1388888888888889 0.5244791666666667 0.13240740740740742 0.5208333333333334 0.11574074074074074 0.515625
4 0.16574074074074074 0.5208333333333334 0.1675925925925926 0.5276041666666667 0.17962962962962964 0.5265625 0.1962962962962963 0.5202890625000001 0.19753055555555554 0.5171630208333333 0.1935185185185185 0.5161161458333333 0.19814814814814816 0.5135416666666667 0.1787037037037037 0.5161458333333333
4 0.225 0.5036458333333333 0.225 0.5083333333333333 0.23055555555555557 0.509375 0.2537037037037037 0.5015625 0.25277777777777777 0.4973958333333333 0.24166666666666667 0.4979166666666667
4 0.6953703703703704 0.45625 0.6944444444444444 0.45989583333333334 0.6981481481481482 0.4625 0.7222222222222222 0.46041666666666664 0.725925925925926 0.45677083333333335 0.7203703703703703 0.45260416666666664 0.6990740740740741 0.45416666666666666
4 0.6611111111111111 0.39375 0.6601851851851852 0.39791666666666664 0.6648148148148149 0.39947916666666666 0.6824074074074075 0.39739583333333334 0.687037037037037 0.39427083333333335 0.6814814814814815 0.39010416666666664
2 0.4537037037037037 0.48802083333333335 0.45185185185185184 0.49322916666666666 0.45740740740740743 0.4953125 0.47314814814814815 0.4901041666666667 0.4777777777777778 0.48385416666666664 0.4703703703703704 0.4822916666666667
2 0.4212962962962963 0.4947916666666667 0.4203703703703704 0.5015625 0.425 0.5020833333333333 0.43148148148148147 0.4984375 0.44351851851851853 0.49635416666666665 0.44537037037037036 0.49270833333333336 0.43703703703703706 0.4895833333333333
2 0.40185185185185185 0.5046875 0.4 0.5119791666666667 0.4111111111111111 0.5088541666666667 0.41759259259259257 0.5052083333333334 0.4185185185185185 0.5015625 0.4148148148148148 0.5
0 0.4777777777777778 0.5880208333333333 0.4759259259259259 0.5947916666666667 0.48055555555555557 0.596875 0.5111111111111111 0.5916666666666667 0.5101851851851852 0.5854166666666667 0.5055555555555555 0.584375
0 0.5074074074074074 0.5875 0.5046296296296297 0.5916666666666667 0.5425925925925926 0.5848958333333333 0.5472222222222223 0.58125 0.5462962962962963 0.578125 0.5435185185185185 0.5760416666666667 0.5296296296296297 0.578125 0.5157407407407407 0.5817708333333333
0 0.55 0.5708333333333333 0.5444444444444444 0.5744791666666667 0.549074074074074 0.5817708333333333 0.5712962962962963 0.5708333333333333 0.5694444444444444 0.5671875
0 0.5694444444444444 0.5640625 0.5712962962962963 0.5697916666666667 0.5851851851851851 0.5661458333333333 0.5953703703703703 0.5604166666666667 0.5972222222222222 0.55
0 0.6092592592592593 0.5364583333333334 0.6064814814814815 0.54375 0.6157407407407407 0.5427083333333333 0.6194444444444445 0.5401041666666667 0.6240740740740741 0.5338541666666666 0.6222222222222222 0.5276041666666667 0.6157407407407407 0.5291666666666667
2 0.6564814814814814 0.42864583333333334 0.6574074074074074 0.434375 0.6824074074074075 0.434375 0.6824074074074075 0.42864583333333334
2 0.687962962962963 0.42916666666666664 0.6851851851851852 0.43072916666666666 0.687962962962963 0.4359375 0.7148148148148148 0.4354166666666667 0.7157407407407408 0.4322916666666667 0.7101851851851851 0.42916666666666664
2 0.7175925925925926 0.43125 0.7157407407407408 0.4354166666666667 0.7185185185185186 0.43645833333333334 0.7444444444444445 0.4375 0.7472222222222222 0.4359375 0.7462962962962963 0.4322916666666667 0.7407407407407407 0.43072916666666666