4 0.36574074074074076 0.5432291666666667 0.3648148148148148 0.5572916666666666 0.3685185185185185 0.5619791666666667 0.375 0.5630208333333333 0.3787037037037037 0.559375 0.37777777777777777 0.5473958333333333 0.37222222222222223 0.5432291666666667
4 0.6027777777777777 0.5395833333333333 0.6027777777777777 0.5453125 0.6101851851851852 0.5541666666666667 0.6157407407407407 0.5578125 0.6203703703703703 0.5578125 0.6240740740740741 0.553125 0.6166666666666667 0.5421875 0.6092592592592593 0.5385416666666667
2 0.4425925925925926 0.5723958333333333 0.4425925925925926 0.5786458333333333 0.4527777777777778 0.5786458333333333 0.46111111111111114 0.5645833333333333 0.46111111111111114 0.5598958333333334 0.4564814814814815 0.5578125 0.45092592592592595 0.5598958333333334
2 0.462037037037037 0.5364583333333334 0.46296296296296297 0.5421875 0.4740740740740741 0.540625 0.4777777777777778 0.5333333333333333 0.4740740740740741 0.528125 0.46574074074074073 0.5302083333333333
2 0.7657407407407407 0.5036458333333333 0.7685185185185185 0.5119791666666667 0.7805555555555556 0.5098958333333333 0.7962962962962963 0.5109375 0.8 0.5088541666666667 0.8 0.5036458333333333 0.7962962962962963 0.5010416666666667 0.7703703703703704 0.5010416666666667
2 0.8055555555555556 0.503125 0.8074074074074075 0.5109375 0.8388888888888889 0.5098958333333333 0.8416666666666667 0.5057291666666667 0.8398148148148148 0.5015625 0.8351851851851851 0.5005208333333333 0.8157407407407408 0.5005208333333333
2 0.3111111111111111 0.44114583333333335 0.30833333333333335 0.44583333333333336 0.31203703703703706 0.44895833333333335 0.32592592592592595 0.45416666666666666 0.3314814814814815 0.45416666666666666 0.33240740740740743 0.4479166666666667 0.32037037037037036 0.4421875
2 0.49722222222222223 0.4583333333333333 0.4981481481481482 0.46770833333333334 0.5259259259259259 0.46041666666666664 0.5222222222222223 0.45364583333333336
2 0.5296296296296297 0.4510416666666667 0.5268518518518519 0.45677083333333335 0.5342592592592592 0.4588541666666667 0.5555555555555556 0.45416666666666666 0.5574074074074075 0.4484375 0.5527777777777778 0.44635416666666666
2 0.55 0.49166666666666664 0.5481481481481482 0.4953125 0.5527777777777778 0.49947916666666664 0.5824074074074074 0.4942708333333333 0.5787037037037037 0.4875
2 0.5833333333333334 0.4864583333333333 0.5824074074074074 0.4921875 0.5851851851851851 0.49375 0.6129629629629629 0.4895833333333333 0.6157407407407407 0.4875 0.6148148148148148 0.48385416666666664 0.6092592592592593 0.4817708333333333 0.5944444444444444 0.4828125
2 0.12962962962962962 0.43333333333333335 0.13055555555555556 0.440625 0.15185185185185185 0.44427083333333334 0.15833333333333333 0.4427083333333333 0.15462962962962962 0.43645833333333334
2 0.09351851851851851 0.43854166666666666 0.09259259259259259 0.4427083333333333 0.09722222222222222 0.44479166666666664 0.125 0.4401041666666667 0.12037037037037036 0.434375 0.1037037037037037 0.4354166666666667
2 0.23425925925925925 0.415625 0.23425925925925925 0.4203125 0.23796296296296296 0.42239583333333336 0.262037037037037 0.4239583333333333 0.26481481481481484 0.421875 0.2601851851851852 0.4166666666666667 0.2462962962962963 0.41458333333333336
2 0.19907407407407407 0.4109375 0.20185185185185187 0.41770833333333335 0.2175925925925926 0.42135416666666664 0.23148148148148148 0.42135416666666664 0.23333333333333334 0.41822916666666665 0.22962962962962963 0.41458333333333336
1 0.2814814814814815 0.3536458333333333 0.2814814814814815 0.35989583333333336 0.287962962962963 0.3614583333333333 0.30185185185185187 0.3572916666666667 0.30462962962962964 0.35208333333333336 0.30092592592592593 0.3489583333333333 0.2953703703703704 0.3489583333333333
1 0.20833333333333334 0.4354166666666667 0.20555555555555555 0.43854166666666666 0.20833333333333334 0.4427083333333333 0.23425925925925925 0.4390625 0.23703703703703705 0.43645833333333334 0.23425925925925925 0.4317708333333333 0.22407407407407406 0.4317708333333333
1 0.23981481481481481 0.4317708333333333 0.2388888888888889 0.4354166666666667 0.24537037037037038 0.43802083333333336 0.26666666666666666 0.4328125 0.2675925925925926 0.4276041666666667 0.26481481481481484 0.42604166666666665 0.25 0.4276041666666667
1 0.17222222222222222 0.43802083333333336 0.17407407407407408 0.4453125 0.19907407407407407 0.44479166666666664 0.20462962962962963 0.4427083333333333 0.20277777777777778 0.4375 0.19814814814814816 0.43645833333333334
1 0.5416666666666666 0.5067708333333333 0.5425925925925926 0.5145833333333333 0.55 0.5192708333333333 0.5638888888888889 0.521875 0.5666666666666667 0.5151041666666667 0.5518518518518518 0.5067708333333333
1 0.5657407407407408 0.51875 0.562962962962963 0.521875 0.5648148148148148 0.5255208333333333 0.5796296296296296 0.5328125 0.5925925925925926 0.534375 0.5925925925925926 0.5265625 0.5787037037037037 0.5197916666666667
0 0.34444444444444444 0.4942708333333333 0.3425925925925926 0.4979166666666667 0.34629629629629627 0.5010416666666667 0.3685185185185185 0.5052083333333334 0.37407407407407406 0.503125 0.37222222222222223 0.4973958333333333 0.3490740740740741 0.49322916666666666
0 0.31574074074074077 0.4864583333333333 0.31574074074074077 0.49114583333333334 0.3212962962962963 0.4942708333333333 0.3425925925925926 0.49635416666666665 0.3425925925925926 0.4895833333333333 0.3212962962962963 0.48489583333333336
0 0.2796296296296296 0.48125 0.2824074074074074 0.48854166666666665 0.30648148148148147 0.4921875 0.3111111111111111 0.49114583333333334 0.31203703703703706 0.4869791666666667 0.3074074074074074 0.48385416666666664 0.2861111111111111 0.48020833333333335
0 0.3388888888888889 0.4583333333333333 0.33796296296296297 0.4635416666666667 0.3425925925925926 0.4666666666666667 0.35462962962962963 0.4708333333333333 0.36203703703703705 0.4703125 0.3638888888888889 0.4666666666666667 0.35833333333333334 0.46145833333333336 0.3416666666666667 0.45729166666666665
0 0.3638888888888889 0.4661458333333333 0.36203703703703705 0.4708333333333333 0.3648148148148148 0.4744791666666667 0.39166666666666666 0.478125 0.38981481481481484 0.46979166666666666 0.36944444444444446 0.46510416666666665
0 0.39537037037037037 0.471875 0.39537037037037037 0.48020833333333335 0.42592592592592593 0.4822916666666667 0.425 0.4744791666666667
0 0.42962962962962964 0.47708333333333336 0.43148148148148147 0.484375 0.4546296296296296 0.4864583333333333 0.46111111111111114 0.48489583333333336 0.462037037037037 0.48072916666666665 0.45740740740740743 0.47760416666666666
0 0.1527777777777778 0.49375 0.15092592592592594 0.4984375 0.15648148148148147 0.5020833333333333 0.17037037037037037 0.5052083333333334 0.1824074074074074 0.5046875 0.1787037037037037 0.4973958333333333