2 0.49074074074074076 0.24635416666666668 0.49074074074074076 0.2515625 0.5005111111111111 0.26324270833333335 0.5083333333333333 0.2609375 0.5113527777777778 0.25968541666666667 0.5027777777777778 0.2484375 0.4990055555555556 0.24528645833333332
2 0.5481481481481482 0.3104166666666667 0.5481481481481482 0.3109375 0.5425925925925926 0.3140625 0.5444444444444444 0.3177083333333333 0.5472222222222223 0.32083333333333336 0.5527777777777778 0.32447916666666665 0.5555555555555556 0.32864583333333336 0.5592592592592592 0.3302083333333333 0.5638888888888889 0.3302083333333333 0.5657407407407408 0.3296875 0.5675925925925925 0.328125 0.5675925925925925 0.32447916666666665 0.5666666666666667 0.3229166666666667 0.5611111111111111 0.3171875 0.5537037037037037 0.31145833333333334 0.55 0.3098958333333333
2 0.5314814814814814 0.29270833333333335 0.5287037037037037 0.2942708333333333 0.5287037037037037 0.3 0.5361111111111111 0.30833333333333335 0.5398148148148149 0.3104166666666667 0.5398148148148149 0.3109375 0.5416666666666666 0.31145833333333334 0.5444444444444444 0.31145833333333334 0.5481481481481482 0.3104166666666667 0.549074074074074 0.309375 0.549074074074074 0.30625 0.5472222222222223 0.303125 0.5453703703703704 0.3020833333333333 0.5388888888888889 0.29375 0.5370370370370371 0.29322916666666665 0.5361111111111111 0.2921875 0.5342592592592592 0.29270833333333335
2 0.5285175925925926 0.29475052083333336 0.5384555555555556 0.29288697916666667 0.5387574074074074 0.2898380208333334 0.5255064814814815 0.2761166666666667 0.5188814814814815 0.27713333333333334 0.5161703703703704 0.2808598958333333 0.5261083333333333 0.29424218750000003
2 0.5011129629629629 0.26663072916666664 0.5155685185185185 0.28136822916666665 0.5176768518518519 0.2778109375 0.5246027777777778 0.27645572916666666 0.5119546296296296 0.2618875 0.5047268518518518 0.26205677083333334 0.5011129629629629 0.26527552083333333
2 0.3978185185185185 0.2744229166666667 0.4291388888888889 0.2830619791666667 0.4333546296296297 0.27831875 0.43365555555555557 0.2747614583333334 0.4056490740740741 0.2661223958333333 0.40203518518518516 0.2679859375 0.39902314814814815 0.27340625
2 0.4327518518518519 0.28424791666666666 0.4399796296296296 0.30000156250000004 0.4499175925925926 0.29915468749999996 0.4505203703703704 0.2937338541666667 0.4435935185185185 0.27984322916666665 0.4348601851851852 0.2801822916666667
1 0.4537037037037037 0.30625 0.45185185185185184 0.309375 0.45185185185185184 0.3109375 0.4583333333333333 0.3145833333333333 0.45925925925925926 0.3145833333333333 0.4722222222222222 0.3223958333333333 0.4740740740740741 0.3229166666666667 0.4787037037037037 0.3223958333333333 0.48148148148148145 0.3203125 0.48148148148148145 0.31875 0.4824074074074074 0.3182291666666667 0.4824074074074074 0.3171875 0.4787037037037037 0.3140625 0.4648148148148148 0.30625 0.45925925925925926 0.30416666666666664 0.4583333333333333 0.3046875 0.45555555555555555 0.3046875
1 0.4824074074074074 0.32083333333333336 0.48148148148148145 0.3223958333333333 0.48148148148148145 0.3255208333333333 0.48333333333333334 0.32760416666666664 0.49166666666666664 0.3296875 0.49444444444444446 0.3296875 0.49907407407407406 0.33125 0.5064814814814815 0.3328125 0.5120370370370371 0.3328125 0.5148148148148148 0.33125 0.5166666666666667 0.32864583333333336 0.5166666666666667 0.32708333333333334 0.512962962962963 0.32447916666666665 0.4888888888888889 0.31927083333333334 0.4861111111111111 0.31927083333333334
1 0.5157407407407407 0.33177083333333335 0.5148148148148148 0.3333333333333333 0.5148148148148148 0.33541666666666664 0.5175925925925926 0.3375 0.5212962962962963 0.3385416666666667 0.5268518518518519 0.3385416666666667 0.5416666666666666 0.3421875 0.5472222222222223 0.3421875 0.55 0.34010416666666665 0.55 0.334375 0.5472222222222223 0.3333333333333333 0.5435185185185185 0.3333333333333333 0.5361111111111111 0.33125 0.5268518518518519 0.3302083333333333 0.5231481481481481 0.3302083333333333 0.5222222222222223 0.3296875 0.5185185185185185 0.3296875
1 0.5777777777777777 0.34322916666666664 0.5768518518518518 0.3453125 0.5814814814814815 0.3489583333333333 0.5842592592592593 0.3489583333333333 0.5898148148148148 0.35052083333333334 0.5925925925925926 0.35208333333333336 0.5972222222222222 0.353125 0.6018518518518519 0.35520833333333335 0.6064814814814815 0.35520833333333335 0.6092592592592593 0.3541666666666667 0.6101851851851852 0.353125 0.6101851851851852 0.3484375 0.6083333333333333 0.346875 0.6 0.34479166666666666 0.5981481481481481 0.34375 0.5888888888888889 0.3411458333333333 0.5833333333333334 0.3416666666666667 0.5805555555555556 0.3411458333333333
1 0.612037037037037 0.35260416666666666 0.612037037037037 0.3541666666666667 0.6111111111111112 0.3546875 0.6111111111111112 0.35572916666666665 0.612037037037037 0.35625 0.6166666666666667 0.3572916666666667 0.6268518518518519 0.3625 0.6361111111111111 0.36614583333333334 0.6398148148148148 0.36614583333333334 0.6416666666666667 0.3651041666666667 0.6435185185185185 0.36354166666666665 0.6435185185185185 0.36041666666666666 0.6425925925925926 0.35885416666666664 0.6287037037037037 0.35208333333333336 0.6259259259259259 0.3515625 0.6231481481481481 0.35 0.6194444444444445 0.3489583333333333
1 0.6444444444444445 0.36302083333333335 0.6425925925925926 0.36614583333333334 0.6472222222222223 0.3692708333333333 0.6675925925925926 0.37552083333333336 0.6712962962962963 0.37552083333333336 0.675 0.37447916666666664 0.6759259259259259 0.3734375 0.6759259259259259 0.3692708333333333 0.675 0.36822916666666666 0.6722222222222223 0.36770833333333336 0.6675925925925926 0.365625 0.6620370370370371 0.3645833333333333 0.6583333333333333 0.3625 0.6509259259259259 0.3609375 0.6462962962962963 0.3614583333333333
1 0.7185185185185186 0.2682291666666667 0.7194444444444444 0.27447916666666666 0.7444444444444445 0.2755208333333333 0.7509259259259259 0.27239583333333334 0.7481481481481481 0.2671875 0.725 0.265625
1 0.5881833333333334 0.5245984375 0.5906592592592593 0.5230510416666667 0.600837962962963 0.5232057291666666 0.6071657407407408 0.5420854166666668 0.6052398148148148 0.5448708333333333 0.5939601851851851 0.5450255208333333
1 0.5873574074074074 0.5222770833333333 0.5876333333333333 0.5055645833333333 0.5923101851851852 0.5035526041666667 0.601112962962963 0.5037072916666667 0.5986370370370371 0.5224322916666667 0.5909342592592592 0.5228963541666667 0.5881833333333334 0.5242890625
1 0.5628731481481482 0.5687020833333333 0.5603972222222222 0.5721062499999999 0.5601222222222222 0.5736541666666667 0.5592592592592592 0.5765625 0.5601851851851852 0.5770833333333333 0.5657407407407408 0.5770833333333333 0.5666666666666667 0.5776041666666667 0.5703703703703704 0.5770833333333333 0.575 0.5708333333333333 0.5777777777777777 0.565625 0.5777777777777777 0.5640625 0.5805555555555556 0.5614583333333333 0.5814814814814815 0.5567708333333333 0.575925925925926 0.5552083333333333 0.5722222222222222 0.5552083333333333 0.5712962962962963 0.5557291666666667 0.5666666666666667 0.55625 0.5657407407407408 0.5578125 0.5653490740740741 0.55988125 0.564799074074074 0.5623572916666667
1 0.5537037037037037 0.590625 0.5518518518518518 0.5963541666666666 0.5518518518518518 0.5994791666666667 0.5527777777777778 0.6005208333333333 0.5574074074074075 0.6026041666666667 0.5611111111111111 0.6015625 0.5657407407407408 0.5989583333333334 0.5675925925925925 0.5963541666666666 0.5675925925925925 0.5942708333333333 0.5685185185185185 0.59375 0.5703703703703704 0.5880208333333333 0.5703703703703704 0.5854166666666667 0.5712962962962963 0.5848958333333333 0.5712962962962963 0.5807291666666666 0.5703703703703704 0.5791666666666667 0.5685185185185185 0.578125 0.562037037037037 0.5786458333333333 0.5601851851851852 0.5796875 0.5564814814814815 0.5838541666666667
1 0.34074074074074073 0.7463541666666667 0.3435185185185185 0.7526041666666666 0.35462962962962963 0.7515625 0.38055555555555554 0.7442708333333333 0.3851851851851852 0.7411458333333333 0.38425925925925924 0.7375 0.3814814814814815 0.7354166666666667 0.375 0.7359375
1 0.3888888888888889 0.73125 0.38333333333333336 0.734375 0.38425925925925924 0.7375 0.38796296296296295 0.7401041666666667 0.39444444444444443 0.7401041666666667 0.42592592592592593 0.7307291666666667 0.42592592592592593 0.7244791666666667 0.41759259259259257 0.7234375
1 0.4287037037037037 0.7208333333333333 0.4287037037037037 0.7265625 0.4398148148148148 0.728125 0.4703703703703704 0.7239583333333334 0.4722222222222222 0.7171875 0.4666666666666667 0.715625
1 0.47685185185185186 0.7114583333333333 0.4777777777777778 0.71875 0.5157407407407407 0.7208333333333333 0.5194444444444445 0.7182291666666667 0.5185185185185185 0.7119791666666667
1 0.9111111111111111 0.6671875 0.9157407407407407 0.6890625 0.9175925925925926 0.690625 0.9287037037037037 0.6901041666666666 0.9324074074074075 0.6848958333333334 0.9259259259259259 0.6692708333333334 0.9212962962962963 0.6666666666666666
1 0.8953703703703704 0.6453125 0.9066490740740741 0.6608979166666666 0.9131842592592593 0.6651541666666667 0.9148148148148149 0.6661458333333333 0.925 0.6609375 0.925 0.6578125 0.9074074074074074 0.6427083333333333
1 0.8787037037037037 0.6239583333333333 0.8768518518518519 0.6265625 0.8935185185185185 0.6447916666666667 0.9037037037037037 0.64375 0.9074074074074074 0.6390625 0.8953703703703704 0.6260416666666667 0.8870370370370371 0.621875
1 0.8287037037037037 0.5859375 0.8268518518518518 0.5885416666666666 0.8342592592592593 0.5953125 0.8481481481481481 0.6036458333333333 0.8564814814814815 0.6036458333333333 0.8592592592592593 0.5973958333333333 0.8416666666666667 0.5848958333333333 0.8342592592592593 0.5838541666666667
1 0.8537037037037037 0.6052083333333333 0.8546296296296296 0.609375 0.8731481481481481 0.6239583333333333 0.8851851851851852 0.621875 0.8685185185185185 0.6046875 0.8592592592592593 0.603125
1 0.7432731481481482 0.6647671875000001 0.7817953703703704 0.6605109375 0.7817953703703704 0.6576088541666666 0.7776685185185185 0.6535458333333334 0.7394898148148148 0.65915625
1 0.7804194444444444 0.6632192708333334 0.8130953703703704 0.661478125 0.8168787037037037 0.65935 0.8144703703703704 0.6539328125 0.7814518518518518 0.6556739583333333 0.7817953703703704 0.6579958333333333 0.779387962962963 0.661478125
1 0.7989935185185185 0.7123609375 0.8024324074074074 0.7191322916666666 0.8392351851851853 0.7139088541666666 0.8395787037037037 0.7119739583333333 0.8354518518518519 0.7069437500000001
1 0.8423305555555556 0.7129416666666667 0.874662037037037 0.7077177083333334 0.8777574074074074 0.7057828125000001 0.8732861111111111 0.7021072916666667 0.8327 0.7057828125000001 0.8375157407407408 0.7069437500000001
1 0.8770694444444445 0.7084916666666667 0.9118083333333333 0.7061697916666667 0.9131842592592593 0.7050088541666667 0.9121518518518519 0.6997854166666666 0.8739740740740741 0.7013333333333333 0.8767259259259259 0.7040416666666667
2 0.7694444444444445 0.6890625 0.7685185185185185 0.6942708333333333 0.7916666666666666 0.7078125 0.7962962962962963 0.7078125 0.8027777777777778 0.7041666666666667 0.8018518518518518 0.7 0.7796296296296297 0.6869791666666667 0.774074074074074 0.6859375
2 0.737037037037037 0.6697916666666667 0.739462962962963 0.6733156250000001 0.7592592592592593 0.6869791666666667 0.7648148148148148 0.6875 0.7694444444444445 0.6854166666666667 0.7694444444444445 0.6807291666666667 0.7466055555555555 0.66504375
4 0.7914925925925926 0.7393901041666666 0.8278907407407406 0.750884375 0.8310833333333334 0.7480109375 0.8323601851851852 0.7431619791666667 0.8007518518518518 0.732565625 0.7934083333333333 0.7313083333333333
4 0.8304444444444444 0.750884375 0.8626916666666666 0.7629171874999999 0.867162037037037 0.7605822916666667 0.8693962962962962 0.7559130208333333 0.83715 0.7437005208333333 0.8339564814814815 0.7438802083333333
4 0.6660972222222222 0.6496630208333334 0.662962962962963 0.6536458333333334 0.6685185185185185 0.6572916666666667 0.6953703703703704 0.665625 0.7027777777777777 0.6640625 0.7027777777777777 0.6572916666666667 0.6712962962962963 0.6473958333333333
4 0.6370370370370371 0.628125 0.6361111111111111 0.6338541666666667 0.6518518518518519 0.6473958333333333 0.6574074074074074 0.6494791666666667 0.6620370370370371 0.6484375 0.6666666666666666 0.64375 0.6509259259259259 0.6276041666666666 0.6435185185185185 0.6260416666666667
4 0.6058074074074075 0.6102338541666666 0.6046296296296296 0.6166666666666667 0.6296296296296297 0.6270833333333333 0.637962962962963 0.6265625 0.6407407407407407 0.621875 0.6342592592592593 0.615625 0.612037037037037 0.6078125 0.6072601851851852 0.6085994791666667
4 0.5675925925925925 0.5994791666666667 0.5657407407407408 0.6067708333333334 0.5944444444444444 0.6140625 0.6 0.6135416666666667 0.6037037037037037 0.6098958333333333 0.600925925925926 0.6057291666666667 0.5768518518518518 0.5994791666666667
4 0.525 0.63125 0.5268518518518519 0.6354166666666666 0.5388888888888889 0.6359375 0.5555555555555556 0.6213541666666667 0.5555555555555556 0.6166666666666667 0.5444444444444444 0.6151041666666667
4 0.35185185185185186 0.5140625 0.3537037037037037 0.51875 0.3611111111111111 0.5197916666666667 0.38425925925925924 0.5083333333333333 0.3861111111111111 0.5052083333333334 0.37592592592592594 0.5
4 0.6055555555555555 0.46197916666666666 0.6064814814814815 0.4666666666666667 0.6194444444444445 0.47708333333333336 0.6287037037037037 0.478125 0.6333333333333333 0.4734375 0.6212962962962963 0.4625 0.6138888888888889 0.45989583333333334
4 0.5962962962962963 0.4421875 0.5953703703703703 0.44583333333333336 0.6036148148148148 0.45409479166666666 0.6092592592592593 0.4588541666666667 0.6185185185185185 0.4588541666666667 0.6247527777777777 0.45579375 0.605962962962963 0.44050625000000004
4 0.5747592592592593 0.42786093750000004 0.595562037037037 0.4422046875 0.6046212962962962 0.4406947916666667 0.605962962962963 0.43710885416666667 0.5861675925925927 0.4227651041666666
4 0.5512722222222223 0.41106354166666664 0.5761009259259259 0.4259734375 0.5841537037037037 0.42295364583333334 0.5861675925925927 0.41936770833333337 0.5646935185185186 0.40615625000000005
0 0.7240740740740741 0.6322916666666667 0.7222222222222222 0.6375 0.7268518518518519 0.6520833333333333 0.7305555555555555 0.6541666666666667 0.7407407407407407 0.6541666666666667 0.7435185185185185 0.65 0.737037037037037 0.6322916666666667
0 0.7194444444444444 0.6072916666666667 0.7166666666666667 0.609375 0.725925925925926 0.625 0.7305555555555555 0.628125 0.7351851851851852 0.628125 0.7428351851851851 0.6262244791666667 0.7342592592592593 0.6125 0.7293175925925927 0.6068526041666666
0 0.6944444444444444 0.5838541666666667 0.6990638888888889 0.5885677083333333 0.7090407407407407 0.5992489583333334 0.7109722222222222 0.6016026041666667 0.7101851851851851 0.603125 0.7203703703703703 0.603125 0.726099074074074 0.5997921875000001 0.7166666666666667 0.5885416666666666 0.7074314814814814 0.5811447916666667 0.7027777777777777 0.5817708333333333
0 0.6944444444444444 0.5505208333333333 0.6916666666666667 0.5682291666666667 0.7 0.5713541666666667 0.7055555555555556 0.5677083333333334 0.7055555555555556 0.5520833333333334
0 0.7092592592592593 0.53125 0.6962962962962963 0.5458333333333333 0.6981481481481482 0.55 0.7055555555555556 0.5505208333333333 0.7101851851851851 0.5484375 0.7185185185185186 0.5364583333333334 0.7194444444444444 0.5322916666666667 0.7129629629629629 0.5302083333333333
0 0.7083333333333334 0.5140625 0.7027777777777777 0.5265625 0.7129629629629629 0.528125 0.718375 0.524840625 0.7231481481481481 0.5145833333333333 0.7257768518518519 0.5090901041666667 0.717087037037037 0.5076416666666667 0.7129629629629629 0.5088541666666667
2 0.6796296296296296 0.4953125 0.6771777777777778 0.4993135416666667 0.6768518518518518 0.5015625 0.6981481481481482 0.5067708333333333 0.7092592592592593 0.5083333333333333 0.712037037037037 0.5067708333333333 0.7154777777777778 0.5020291666666666 0.709362962962963 0.5009432291666667 0.7064657407407406 0.49985677083333335 0.6849018518518518 0.49551197916666667
2 0.637962962962963 0.48854166666666665 0.6398148148148148 0.4947916666666667 0.6700962962962963 0.5016671875000001 0.6752462962962963 0.4938822916666667 0.6691314814814815 0.4918911458333334 0.6440268518518518 0.4864598958333334
0 0.44074074074074077 0.40208333333333335 0.4388888888888889 0.4046875 0.4444444444444444 0.41822916666666665 0.4527777777777778 0.42291666666666666 0.4583333333333333 0.4203125 0.4564814814814815 0.4109375 0.45092592592592595 0.40260416666666665
0 0.45555555555555555 0.4234375 0.45185185185185184 0.42552083333333335 0.45185185185185184 0.43020833333333336 0.4564814814814815 0.440625 0.45925925925925926 0.44375 0.4675925925925926 0.4432291666666667 0.46944444444444444 0.4348958333333333 0.46574074074074073 0.42552083333333335 0.462037037037037 0.42291666666666666
0 0.45555555555555555 0.4473958333333333 0.46296296296296297 0.46510416666666665 0.4722222222222222 0.465625 0.4740740740740741 0.4583333333333333 0.4675925925925926 0.44479166666666664 0.45925925925925926 0.44479166666666664
0 0.524074074074074 0.4140625 0.5231481481481481 0.425 0.5242509259259259 0.42739999999999995 0.5324074074074074 0.428125 0.5362444444444444 0.4259541666666667 0.5392425925925926 0.4136671875 0.5388138888888889 0.4088484375 0.5333333333333333 0.40729166666666666 0.5277777777777778 0.4083333333333333
0 0.5259259259259259 0.4296875 0.5259259259259259 0.4390625 0.5314814814814814 0.44895833333333335 0.5439537037037038 0.4495645833333333 0.5398148148148149 0.4328125 0.5342592592592592 0.4296875
0 0.5351851851851852 0.44947916666666665 0.5324074074074074 0.45625 0.5425925925925926 0.4661458333333333 0.5472222222222223 0.46927083333333336 0.5574074074074075 0.46927083333333336 0.5611111111111111 0.4671875 0.5550898148148148 0.46040625 0.5413833333333333 0.4502875
0 0.5518518518518518 0.47239583333333335 0.5527777777777778 0.48125 0.5638888888888889 0.49166666666666664 0.5743638888888889 0.490521875 0.5722222222222222 0.48377604166666666 0.5649407407407407 0.47438020833333333 0.5623712962962963 0.4717296875
2 0.5407407407407407 0.38125 0.5388888888888889 0.39166666666666666 0.5462962962962963 0.3953125 0.5518518518518518 0.3927083333333333 0.5541490740740741 0.3820270833333333 0.5535268518518518 0.380103125 0.5546296296296296 0.3765625 0.5509259259259259 0.37447916666666664 0.5462962962962963 0.375
2 0.5537037037037037 0.36822916666666666 0.5518518518518518 0.3729166666666667 0.5601851851851852 0.37552083333333336 0.5685185185185185 0.365625 0.5721851851851852 0.3584130208333333 0.5647222222222222 0.35701354166666666 0.5594361111111111 0.3615614583333333
2 0.5546296296296296 0.3416666666666667 0.5555555555555556 0.35520833333333335 0.5648148148148148 0.3567708333333333 0.5675925925925925 0.35572916666666665 0.5675925925925925 0.3416666666666667 0.5638888888888889 0.3390625
2 0.37222222222222223 0.5677083333333334 0.3731481481481482 0.5729166666666666 0.3768518518518518 0.575 0.3814814814814815 0.5744791666666667 0.4064814814814815 0.5635416666666667 0.4074074074074074 0.55625 0.39537037037037037 0.5572916666666666
2 0.4101851851851852 0.5546875 0.4064814814814815 0.5588541666666667 0.41203703703703703 0.5630208333333333 0.4388888888888889 0.5552083333333333 0.44537037037037036 0.5489583333333333 0.44351851851851853 0.546875 0.43796296296296294 0.546875
2 0.4527777777777778 0.5432291666666667 0.44537037037037036 0.5463541666666667 0.44814814814814813 0.5515625 0.45925925925925926 0.5505208333333333 0.4777777777777778 0.5447916666666667 0.48148148148148145 0.5390625 0.4722222222222222 0.5380208333333333
2 0.6037037037037037 0.5479166666666667 0.6064435185185185 0.5526296875 0.6333333333333333 0.5614583333333333 0.6398148148148148 0.559375 0.6407407407407407 0.553125 0.6305555555555555 0.5489583333333333 0.6101851851851852 0.5432291666666667
2 0.6416666666666667 0.5572916666666666 0.6398148148148148 0.5614583333333333 0.6425925925925926 0.5640625 0.6675925925925926 0.571875 0.6759259259259259 0.5703125 0.6796083333333333 0.5653583333333334 0.6666666666666666 0.5604166666666667 0.6481481481481481 0.5557291666666667
2 0.7833333333333333 0.425 0.7796296296296297 0.42864583333333334 0.7851851851851852 0.4322916666666667 0.8037037037037037 0.4401041666666667 0.8111111111111111 0.43854166666666666 0.8138888888888889 0.4348958333333333 0.8037037037037037 0.42864583333333334 0.7908657407407408 0.424071875
2 0.7546296296296297 0.4114583333333333 0.7518518518518519 0.41458333333333336 0.7555555555555555 0.4171875 0.7805555555555556 0.4265625 0.7851851851851852 0.421875 0.7814814814814814 0.41770833333333335 0.7629564814814815 0.4087973958333333
2 0.7268518518518519 0.396875 0.7240740740740741 0.4005208333333333 0.7462962962962963 0.4114583333333333 0.7527777777777778 0.4119791666666667 0.7583333333333333 0.4078125 0.7555555555555555 0.4041666666666667 0.7339166666666667 0.3945838541666667
2 0.700925925925926 0.38333333333333336 0.6972222222222222 0.38645833333333335 0.7 0.39010416666666664 0.7240740740740741 0.39947916666666666 0.7287037037037037 0.39375 0.7092592592592593 0.3828125
2 0.3148148148148148 0.4921875 0.31203703703703706 0.49375 0.31296296296296294 0.49895833333333334 0.32314814814814813 0.5130208333333334 0.32592592592592595 0.5145833333333333 0.33611111111111114 0.5135416666666667 0.33796296296296297 0.5083333333333333 0.32407407407407407 0.490625
2 0.31851851851851853 0.4046875 0.31851851851851853 0.409375 0.3277777777777778 0.40989583333333335 0.3416666666666667 0.39947916666666666 0.34444444444444444 0.3921875 0.3416666666666667 0.390625 0.3333333333333333 0.3921875
2 0.3055555555555556 0.421875 0.30462962962962964 0.4276041666666667 0.31666666666666665 0.42864583333333334 0.32407407407407407 0.41875 0.32407407407407407 0.4114583333333333 0.31666666666666665 0.4109375
2 0.3037037037037037 0.42864583333333334 0.30574074074074076 0.44836614583333334 0.3173916666666667 0.4485921875 0.31666666666666665 0.43020833333333336 0.3138888888888889 0.428125
2 0.3037037037037037 0.471875 0.30277777777777776 0.47708333333333336 0.3101851851851852 0.49114583333333334 0.3138888888888889 0.49270833333333336 0.32407407407407407 0.49114583333333334 0.325 0.4875 0.31666666666666665 0.4744791666666667 0.31203703703703706 0.471875
2 0.30185185185185187 0.45208333333333334 0.30092592592592593 0.4671875 0.3055555555555556 0.4703125 0.3138888888888889 0.4708333333333333 0.31658888888888886 0.46689791666666663 0.31618703703703704 0.4592140625 0.31618703703703704 0.45175624999999997 0.3148148148148148 0.4479166666666667 0.30648148148148147 0.4479166666666667
2 0.3264611111111111 0.3571359375 0.3343574074074074 0.37379218750000004 0.34570833333333334 0.3736536458333333 0.34570833333333334 0.36962812500000003 0.3375648148148148 0.352971875 0.32818796296296293 0.3531109375
2 0.3232527777777778 0.34922447916666666 0.322512962962963 0.33603854166666663 0.3235 0.3332625 0.3331231481481482 0.33284583333333334 0.3360842592592593 0.34936302083333337 0.3350972222222222 0.35130625000000004 0.33559074074074075 0.35324947916666666 0.32744814814814815 0.35324947916666666 0.3264611111111111 0.35533177083333334
2 0.3333703703703704 0.33118020833333334 0.3370712962962963 0.31605104166666664 0.32868148148148146 0.3143854166666667 0.3244870370370371 0.31882708333333337 0.322512962962963 0.3338177083333333 0.3244870370370371 0.3331234375 0.33262962962962966 0.3331234375
2 0.3395388888888889 0.31494062500000003 0.34398055555555557 0.2992557291666667 0.34398055555555557 0.29731250000000004 0.34373425925925927 0.29536927083333336 0.33682500000000004 0.294953125 0.32843518518518516 0.3103598958333333 0.32843518518518516 0.3134135416666667 0.33781203703703705 0.31535677083333336
2 0.3476824074074074 0.2978677083333333 0.3590333333333333 0.28551458333333335 0.3587861111111111 0.28204427083333333 0.3528638888888889 0.27968489583333334 0.3375648148148148 0.2920380208333333 0.3358379629629629 0.29523072916666665 0.3427472222222222 0.29523072916666665 0.3442277777777778 0.2974515625
2 0.362487962962963 0.2844041666666667 0.3797611111111111 0.2767703125 0.38025462962962964 0.27205104166666666 0.37556574074074073 0.2695526041666667 0.3528638888888889 0.2778807291666666 0.3506435185185185 0.28024010416666667 0.35434444444444446 0.28051770833333334 0.3587861111111111 0.28259947916666667 0.35952685185185185 0.2844041666666667