4 0.7314814814814815 0.46770833333333334 0.7314814814814815 0.4734375 0.7388888888888889 0.4744791666666667 0.7574074074074074 0.471875 0.7611111111111111 0.4661458333333333 0.7490740740740741 0.46458333333333335
4 0.7601851851851852 0.4671875 0.7592592592592593 0.4703125 0.7620370370370371 0.4708333333333333 0.7870370370370371 0.46822916666666664 0.7916666666666666 0.4666666666666667 0.7916666666666666 0.4609375 0.7666666666666667 0.4630208333333333
4 0.7342592592592593 0.46927083333333336 0.7342592592592593 0.4734375 0.7472222222222222 0.4734375 0.7361111111111112 0.471875
4 0.33055555555555555 0.43072916666666666 0.34074074074074073 0.43645833333333334 0.362962962962963 0.43802083333333336 0.3675925925925926 0.4354166666666667 0.36574074074074076 0.4296875 0.35185185185185186 0.4270833333333333
4 0.2462962962962963 0.5026041666666666 0.24537037037037038 0.5046875 0.2518518518518518 0.5083333333333333 0.2824074074074074 0.5088541666666667 0.28425925925925927 0.5072916666666667 0.28055555555555556 0.5010416666666667 0.24814814814814815 0.5005208333333333
0 0.4564814814814815 0.4395833333333333 0.4546296296296296 0.4427083333333333 0.4601851851851852 0.4473958333333333 0.4824074074074074 0.4390625 0.48148148148148145 0.4348958333333333 0.4759259259259259 0.43333333333333335
0 0.4861111111111111 0.4322916666666667 0.4824074074074074 0.43645833333333334 0.48703703703703705 0.4401041666666667 0.5046296296296297 0.4348958333333333 0.5074074074074074 0.4276041666666667
0 0.5092592592592593 0.4244791666666667 0.5092592592592593 0.43125 0.5157407407407407 0.43125 0.5324074074074074 0.425 0.5324074074074074 0.42083333333333334 0.5259259259259259 0.41875
0 0.5138888888888888 0.38958333333333334 0.512962962962963 0.39427083333333335 0.5231481481481481 0.39479166666666665 0.5361111111111111 0.39010416666666664 0.5370370370370371 0.3848958333333333 0.5314814814814814 0.38385416666666666
0 0.537962962962963 0.38177083333333334 0.537962962962963 0.3875 0.5462962962962963 0.3875 0.5592592592592592 0.38385416666666666 0.5592592592592592 0.37864583333333335 0.5564814814814815 0.3776041666666667
0 0.5601851851851852 0.3776041666666667 0.5601851851851852 0.38333333333333336 0.5657407407407408 0.38333333333333336 0.5842592592592593 0.3802083333333333 0.5851851851851851 0.3765625 0.5824074074074074 0.37395833333333334 0.575 0.37395833333333334
0 0.5879629629629629 0.37395833333333334 0.5888888888888889 0.3796875 0.6138888888888889 0.37604166666666666 0.6111111111111112 0.37083333333333335 0.5916666666666667 0.371875
0 0.6148148148148148 0.3703125 0.6138888888888889 0.3765625 0.6398148148148148 0.3734375 0.6370370370370371 0.36875
0 0.6416666666666667 0.37083333333333335 0.6435185185185185 0.37552083333333336 0.6675925925925926 0.3765625 0.6694444444444444 0.375 0.6638888888888889 0.3703125 0.6462962962962963 0.36822916666666666
0 0.5444444444444444 0.44427083333333334 0.5435185185185185 0.45 0.5462962962962963 0.4515625 0.5712962962962963 0.44947916666666665 0.5731481481481482 0.4473958333333333 0.5666666666666667 0.4395833333333333
0 0.5166666666666667 0.4515625 0.5157407407407407 0.4546875 0.5222222222222223 0.4578125 0.5398148148148149 0.453125 0.5416666666666666 0.44895833333333335 0.5333333333333333 0.44635416666666666
0 0.49444444444444446 0.46041666666666664 0.49537037037037035 0.465625 0.5027777777777778 0.4666666666666667 0.5166666666666667 0.45989583333333334 0.5157407407407407 0.45625 0.5074074074074074 0.45416666666666666
0 0.4722222222222222 0.4703125 0.46944444444444444 0.4734375 0.4722222222222222 0.47708333333333336 0.48148148148148145 0.47708333333333336 0.4935185185185185 0.46822916666666664 0.4925925925925926 0.4635416666666667
2 0.2490740740740741 0.609375 0.25 0.615625 0.25833333333333336 0.6166666666666667 0.2759259259259259 0.6 0.275 0.5963541666666666 0.26851851851851855 0.5947916666666667 0.262037037037037 0.596875
2 0.27037037037037037 0.5875 0.26851851851851855 0.5947916666666667 0.27870370370370373 0.5958333333333333 0.2935185185185185 0.5854166666666667 0.2935185185185185 0.5791666666666667 0.28425925925925927 0.5791666666666667
2 0.2759259259259259 0.44583333333333336 0.2777777777777778 0.45260416666666664 0.2935185185185185 0.45625 0.30092592592592593 0.4557291666666667 0.30277777777777776 0.4515625 0.29907407407407405 0.4484375 0.2796296296296296 0.44427083333333334
2 0.6018518518518519 0.4375 0.5990740740740741 0.4390625 0.6018518518518519 0.44479166666666664 0.6277777777777778 0.4401041666666667 0.625 0.4348958333333333
1 0.9305555555555556 0.45 0.9305555555555556 0.45364583333333336 0.9490740740740741 0.4609375 0.9583333333333334 0.46041666666666664 0.9601851851851851 0.45625 0.950925925925926 0.4510416666666667 0.9398148148148148 0.4473958333333333
1 0.34814814814814815 0.49270833333333336 0.34629629629629627 0.5 0.3490740740740741 0.5020833333333333 0.3787037037037037 0.4984375 0.3768518518518518 0.49166666666666664
1 0.30925925925925923 0.5 0.3101851851851852 0.5067708333333333 0.3425925925925926 0.5026041666666666 0.3425925925925926 0.4984375 0.33796296296296297 0.4953125 0.3138888888888889 0.4973958333333333
1 0.4388888888888889 0.4869791666666667 0.43796296296296294 0.4947916666666667 0.4685185185185185 0.4890625 0.4638888888888889 0.4828125
1 0.4101851851851852 0.4947916666666667 0.4083333333333333 0.4979166666666667 0.41944444444444445 0.5005208333333333 0.43703703703703706 0.4942708333333333 0.43703703703703706 0.48854166666666665 0.4212962962962963 0.4901041666666667
2 0.5222222222222223 0.5078125 0.5185185185185185 0.5098958333333333 0.5259259259259259 0.5229166666666667 0.5361111111111111 0.5244791666666667 0.537962962962963 0.5208333333333334 0.5342592592592592 0.5145833333333333 0.5268518518518519 0.5083333333333333
2 0.5101851851851852 0.4921875 0.5111111111111111 0.5020833333333333 0.5194444444444445 0.5078125 0.525 0.5057291666666667 0.5222222222222223 0.49635416666666665 0.5166666666666667 0.49114583333333334
2 0.32685185185185184 0.4557291666666667 0.3333333333333333 0.4635416666666667 0.3537037037037037 0.46875 0.3611111111111111 0.46770833333333334 0.3592592592592593 0.46197916666666666 0.35185185185185186 0.459375
2 0.675 0.390625 0.674074074074074 0.39427083333333335 0.6796296296296296 0.3953125 0.6935185185185185 0.39010416666666664 0.6953703703703704 0.384375 0.6916666666666667 0.37916666666666665