4 0.3638888888888889 0.546875 0.3648148148148148 0.553125 0.3731481481481482 0.5541666666666667 0.39537037037037037 0.54375 0.3962962962962963 0.5395833333333333 0.38425925925925924 0.5354166666666667
4 0.47685185185185186 0.671875 0.475 0.6760416666666667 0.4842592592592593 0.6796875 0.48703703703703705 0.6786458333333333 0.5027777777777778 0.6651041666666667 0.5037037037037037 0.6604166666666667 0.49444444444444446 0.6572916666666667 0.487962962962963 0.6598958333333333
1 0.5111111111111111 0.6130208333333333 0.5111111111111111 0.621875 0.524074074074074 0.6223958333333334 0.5324074074074074 0.6015625 0.5185185185185185 0.6010416666666667
1 0.5009259259259259 0.6359375 0.5009259259259259 0.6447916666666667 0.5046296296296297 0.6463541666666667 0.5166666666666667 0.6432291666666666 0.5222222222222223 0.625 0.5083333333333333 0.6244791666666667
1 0.5398148148148149 0.5708333333333333 0.5388888888888889 0.5864583333333333 0.5462962962962963 0.5921875 0.5555555555555556 0.5890625 0.5546296296296296 0.5723958333333333 0.5453703703703704 0.5692708333333333
1 0.5416666666666666 0.5510416666666667 0.5407407407407407 0.5677083333333334 0.55 0.56875 0.5546296296296296 0.565625 0.5583333333333333 0.5526041666666667 0.5481481481481482 0.5489583333333333
1 0.5277777777777778 0.36614583333333334 0.5287037037037037 0.37135416666666665 0.549074074074074 0.37864583333333335 0.5555555555555556 0.3776041666666667 0.5555555555555556 0.3723958333333333 0.549074074074074 0.36822916666666666 0.5361111111111111 0.3645833333333333
1 0.5046296296296297 0.3494791666666667 0.5055555555555555 0.35572916666666665 0.5194444444444445 0.36302083333333335 0.525 0.365625 0.5333333333333333 0.36302083333333335 0.5324074074074074 0.35833333333333334 0.5185185185185185 0.35052083333333334 0.5083333333333333 0.34739583333333335
1 0.4842592592592593 0.3302083333333333 0.48333333333333334 0.33489583333333334 0.4935185185185185 0.3463541666666667 0.49722222222222223 0.3494791666666667 0.5055555555555555 0.3484375 0.5092592592592593 0.34375 0.4981481481481482 0.3302083333333333 0.49444444444444446 0.32864583333333336
1 0.687037037037037 0.31979166666666664 0.6888888888888889 0.32395833333333335 0.6962962962962963 0.32708333333333334 0.7092592592592593 0.32760416666666664 0.7111111111111111 0.3234375 0.7083333333333334 0.32135416666666666 0.6925925925925925 0.3182291666666667
2 0.6268518518518519 0.7265625 0.6259259259259259 0.73125 0.6361111111111111 0.7447916666666666 0.6481481481481481 0.7447916666666666 0.649074074074074 0.7401041666666667 0.6407407407407407 0.7302083333333333 0.6333333333333333 0.7260416666666667
2 0.5342592592592592 0.42239583333333336 0.5333333333333333 0.4322916666666667 0.5425925925925926 0.4354166666666667 0.5509259259259259 0.4276041666666667 0.5509259259259259 0.41770833333333335 0.5462962962962963 0.41510416666666666 0.5388888888888889 0.415625
2 0.5472222222222223 0.4078125 0.5472222222222223 0.41458333333333336 0.5592592592592592 0.415625 0.5666666666666667 0.40520833333333334 0.5666666666666667 0.39739583333333334 0.5546296296296296 0.39947916666666666
2 0.5527777777777778 0.3828125 0.5527777777777778 0.396875 0.5601851851851852 0.39739583333333334 0.5657407407407408 0.3958333333333333 0.5675925925925925 0.39114583333333336 0.5666666666666667 0.378125 0.5574074074074075 0.378125
2 0.5537037037037037 0.3484375 0.5574074074074075 0.36614583333333334 0.5666666666666667 0.36770833333333336 0.5712962962962963 0.3625 0.5675925925925925 0.3515625 0.5611111111111111 0.346875
2 0.5462962962962963 0.3260416666666667 0.5481481481481482 0.3421875 0.5555555555555556 0.3463541666666667 0.562037037037037 0.34375 0.5574074074074075 0.3265625 0.5527777777777778 0.325
2 0.5398148148148149 0.30364583333333334 0.5444444444444444 0.3229166666666667 0.5564814814814815 0.32447916666666665 0.5527777777777778 0.3078125
2 0.5324074074074074 0.2859375 0.5324074074074074 0.29375 0.5388888888888889 0.30572916666666666 0.55 0.30520833333333336 0.5444444444444444 0.28802083333333334
2 0.5259259259259259 0.2677083333333333 0.5305555555555556 0.2838541666666667 0.5333333333333333 0.2859375 0.5398148148148149 0.2859375 0.5435185185185185 0.284375 0.5398148148148149 0.26875 0.5351851851851852 0.26614583333333336
2 0.475 0.29791666666666666 0.475 0.3151041666666667 0.47685185185185186 0.3177083333333333 0.4842592592592593 0.31875 0.4898148148148148 0.31614583333333335 0.487962962962963 0.3020833333333333 0.48333333333333334 0.29791666666666666
2 0.44907407407407407 0.28020833333333334 0.44814814814814813 0.2828125 0.46296296296296297 0.29322916666666665 0.4703703703703704 0.296875 0.4787037037037037 0.2947916666666667 0.47685185185185186 0.28854166666666664 0.46296296296296297 0.2791666666666667 0.4527777777777778 0.278125
0 0.3731481481481482 0.3703125 0.375 0.390625 0.38425925925925924 0.3921875 0.3888888888888889 0.3880208333333333 0.38796296296296295 0.375 0.38425925925925924 0.3703125
0 0.37222222222222223 0.34791666666666665 0.37037037037037035 0.3645833333333333 0.37592592592592594 0.3671875 0.38425925925925924 0.3640625 0.3861111111111111 0.3463541666666667 0.375 0.3458333333333333
0 0.375 0.3328125 0.3731481481481482 0.34270833333333334 0.38333333333333336 0.3453125 0.38796296296296295 0.3421875 0.39166666666666666 0.328125 0.38796296296296295 0.3229166666666667 0.37962962962962965 0.3229166666666667
0 0.45555555555555555 0.4348958333333333 0.45555555555555555 0.45 0.4601851851851852 0.4557291666666667 0.4703703703703704 0.45364583333333336 0.46944444444444444 0.43802083333333336 0.4666666666666667 0.434375
0 0.46296296296296297 0.4588541666666667 0.4601851851851852 0.46041666666666664 0.46111111111111114 0.4786458333333333 0.46296296296296297 0.48072916666666665 0.4703703703703704 0.48125 0.47685185185185186 0.4739583333333333 0.4759259259259259 0.4630208333333333 0.47314814814814815 0.45989583333333334
0 0.45925925925925926 0.4822916666666667 0.4601851851851852 0.5010416666666667 0.4675925925925926 0.5041666666666667 0.47314814814814815 0.5015625 0.47314814814814815 0.4869791666666667 0.4703703703703704 0.48333333333333334
0 0.525 0.5166666666666667 0.5277777777777778 0.5333333333333333 0.5324074074074074 0.5359375 0.5398148148148149 0.5348958333333333 0.5453703703703704 0.5296875 0.5398148148148149 0.5171875 0.5361111111111111 0.5145833333333333
0 0.5157407407407407 0.49322916666666666 0.5148148148148148 0.4979166666666667 0.5222222222222223 0.5130208333333334 0.5268518518518519 0.5140625 0.5361111111111111 0.5119791666666667 0.5314814814814814 0.49375
0 0.5157407407407407 0.4713541666666667 0.5148148148148148 0.49114583333333334 0.525 0.49166666666666664 0.5305555555555556 0.48802083333333335 0.5296296296296297 0.475 0.5259259259259259 0.471875
0 0.5166666666666667 0.453125 0.5148148148148148 0.46770833333333334 0.5287037037037037 0.46979166666666666 0.5342592592592592 0.45260416666666664 0.5222222222222223 0.4484375