2 0.7064814814814815 0.48072916666666665 0.7083333333333334 0.4875 0.7324074074074074 0.4890625 0.7379629629629629 0.4875 0.7388888888888889 0.48333333333333334 0.7296296296296296 0.4796875
2 0.6722222222222223 0.48020833333333335 0.6731481481481482 0.48489583333333336 0.6777777777777778 0.4875 0.700925925925926 0.4875 0.7046296296296296 0.48541666666666666 0.700925925925926 0.48020833333333335
2 0.6407407407407407 0.48072916666666665 0.6425925925925926 0.4875 0.6685185185185185 0.4875 0.6722222222222223 0.484375 0.6712962962962963 0.48072916666666665 0.6666666666666666 0.4796875
2 0.3527777777777778 0.6505208333333333 0.3490740740740741 0.6578125 0.3592592592592593 0.6604166666666667 0.37407407407407406 0.6505208333333333 0.3731481481481482 0.6432291666666666 0.36574074074074076 0.6416666666666667
2 0.34814814814814815 0.6578125 0.34814814814814815 0.6703125 0.35555555555555557 0.6796875 0.3638888888888889 0.6817708333333333 0.3685185185185185 0.6791666666666667 0.36666666666666664 0.6739583333333333 0.35833333333333334 0.6625
2 0.3101851851851852 0.6026041666666667 0.30925925925925923 0.609375 0.31666666666666665 0.6109375 0.33055555555555555 0.5989583333333334 0.3296296296296296 0.5953125 0.3194444444444444 0.5953125
2 0.35648148148148145 0.5744791666666667 0.34444444444444444 0.58125 0.34814814814814815 0.5869791666666667 0.3592592592592593 0.5864583333333333 0.3712962962962963 0.578125 0.36574074074074076 0.571875
2 0.3712962962962963 0.5671875 0.3685185185185185 0.5713541666666667 0.37222222222222223 0.575 0.37592592592592594 0.575 0.3990740740740741 0.5661458333333333 0.39351851851851855 0.5604166666666667
2 0.41203703703703703 0.5567708333333333 0.40555555555555556 0.5604166666666667 0.40925925925925927 0.565625 0.4324074074074074 0.5583333333333333 0.43425925925925923 0.5536458333333333 0.42592592592592593 0.5520833333333334
2 0.2935185185185185 0.6203125 0.29259259259259257 0.6265625 0.29907407407407405 0.6286458333333333 0.31296296296296294 0.6177083333333333 0.3148148148148148 0.6119791666666666 0.3074074074074074 0.6098958333333333
2 0.2759259259259259 0.6369791666666667 0.2740740740740741 0.640625 0.27870370370370373 0.6432291666666666 0.2861111111111111 0.6421875 0.2962962962962963 0.6302083333333334 0.29074074074074074 0.6255208333333333 0.2814814814814815 0.6296875
2 0.25833333333333336 0.6541666666666667 0.2564814814814815 0.6583333333333333 0.2638888888888889 0.6619791666666667 0.2675925925925926 0.6614583333333334 0.2814814814814815 0.6473958333333333 0.2814814814814815 0.64375 0.2759259259259259 0.640625 0.26851851851851855 0.6432291666666666
2 0.23703703703703705 0.6744791666666666 0.2388888888888889 0.6807291666666667 0.24444444444444444 0.68125 0.25092592592592594 0.6786458333333333 0.26481481481481484 0.6645833333333333 0.25833333333333336 0.6578125 0.25 0.6609375
1 0.07685185185185185 0.5979166666666667 0.075 0.6026041666666667 0.07777777777777778 0.6057291666666667 0.08796296296296297 0.6109375 0.09722222222222222 0.6125 0.09907407407407408 0.6088541666666667 0.09351851851851851 0.6026041666666667
1 0.37222222222222223 0.6213541666666667 0.3712962962962963 0.6333333333333333 0.3731481481481482 0.6354166666666666 0.37962962962962965 0.6359375 0.38425925925925924 0.6333333333333333 0.3851851851851852 0.6265625 0.38425925925925924 0.6161458333333333 0.37962962962962965 0.6119791666666666 0.375 0.6130208333333333
1 0.5925925925925926 0.459375 0.5916666666666667 0.4630208333333333 0.5953703703703703 0.46510416666666665 0.6046296296296296 0.4640625 0.6185185185185185 0.45989583333333334 0.6175925925925926 0.45260416666666664 0.5972222222222222 0.45625
1 0.6212962962962963 0.44947916666666665 0.6175925925925926 0.453125 0.6231481481481481 0.45677083333333335 0.6425925925925926 0.4515625 0.6453703703703704 0.4453125 0.637962962962963 0.44375
0 0.5185185185185185 0.4984375 0.5175925925925926 0.5046875 0.5222222222222223 0.509375 0.5324074074074074 0.5015625 0.5333333333333333 0.4942708333333333 0.525 0.49322916666666666
0 0.4666666666666667 0.5422984375 0.4601851851851852 0.5456848958333332 0.4638888888888889 0.55 0.48148148148148145 0.5432291666666667 0.4861111111111111 0.5359375 0.48148148148148145 0.5328125 0.47638888888888886 0.5376093750000001
0 0.5157407407407407 0.5598958333333334 0.512962962962963 0.5651041666666666 0.5212962962962963 0.5677083333333334 0.5324074074074074 0.5609375 0.5370370370370371 0.5536458333333333 0.5324074074074074 0.5515625 0.5259259259259259 0.5520833333333334
0 0.5324074074074074 0.54375 0.5305555555555556 0.5505208333333333 0.5370370370370371 0.5520833333333334 0.5518518518518518 0.5432291666666667 0.5537037037037037 0.5348958333333333 0.5462962962962963 0.5354166666666667
0 0.5564814814814815 0.5291666666666667 0.5537037037037037 0.5364583333333334 0.5611111111111111 0.5380208333333333 0.5731481481481482 0.5296875 0.575 0.525 0.5675925925925925 0.5223958333333333
0 0.5425925925925926 0.6166666666666667 0.5416666666666666 0.6208333333333333 0.55 0.6244791666666667 0.5648148148148148 0.6119791666666666 0.5648148148148148 0.6052083333333333 0.5592592592592592 0.6041666666666666 0.5546296296296296 0.6057291666666667
0 0.5194444444444445 0.6333333333333333 0.5185185185185185 0.6375 0.5259259259259259 0.6395833333333333 0.5453703703703704 0.6296875 0.5481481481481482 0.6260416666666667 0.5398148148148149 0.621875
0 0.4935185185185185 0.6473958333333333 0.4925925925925926 0.6536458333333334 0.5009259259259259 0.6546875 0.5166666666666667 0.6473958333333333 0.525 0.6401041666666667 0.5185185185185185 0.6359375
0 0.4648148148148148 0.6598958333333333 0.45555555555555555 0.6645833333333333 0.45925925925925926 0.6713541666666667 0.4898148148148148 0.6598958333333333 0.4935185185185185 0.6578125 0.4925925925925926 0.6536458333333334 0.4842592592592593 0.6526041666666667
0 0.38981481481481484 0.678125 0.38981481481481484 0.6875 0.4203703703703704 0.6828125 0.425 0.6796875 0.4222222222222222 0.6744791666666666 0.40185185185185185 0.6770833333333334 0.39351851851851855 0.6760416666666667
4 0.2740740740740741 0.5479166666666667 0.27037037037037037 0.553125 0.2777777777777778 0.5552083333333333 0.2962962962962963 0.5505208333333333 0.30185185185185187 0.5453125 0.2962962962962963 0.5416666666666666
4 0.24166666666666667 0.5598958333333334 0.24074074074074073 0.5640625 0.24722222222222223 0.5661458333333333 0.26851851851851855 0.5588541666666667 0.2722222222222222 0.5552083333333333 0.2675925925925926 0.5520833333333334
4 0.2111111111111111 0.5713541666666667 0.2111111111111111 0.5765625 0.21666666666666667 0.578125 0.24259259259259258 0.5677083333333334 0.24074074074074073 0.5635416666666667 0.2324074074074074 0.5630208333333333
4 0.18333333333333332 0.58125 0.18333333333333332 0.5864583333333333 0.18981481481481483 0.5880208333333333 0.2111111111111111 0.5786458333333333 0.2101851851851852 0.5723958333333333 0.19907407407407407 0.5744791666666667
4 0.16296296296296298 0.5880208333333333 0.15 0.5953125 0.15185185185185185 0.5989583333333334 0.16203703703703703 0.5989583333333334 0.18425925925925926 0.5885416666666666 0.17962962962962964 0.584375 0.17222222222222222 0.584375
4 0.12222222222222222 0.6015625 0.12129629629629629 0.60625 0.12777777777777777 0.6098958333333333 0.14907407407407408 0.6026041666666667 0.1527777777777778 0.596875 0.15092592592592594 0.5947916666666667 0.14351851851851852 0.5953125
4 0.6712962962962963 0.5140625 0.675 0.5208333333333334 0.7027777777777777 0.5171875 0.7055555555555556 0.5151041666666667 0.7018518518518518 0.509375 0.6787037037037037 0.5114583333333333
0 0.4914527777777778 0.5301697916666667 0.48803425925925925 0.5330552083333333 0.49074074074074076 0.5364583333333334 0.5111111111111111 0.521875 0.5064814814814815 0.51875 0.5 0.5227958333333333