1 0.32222222222222224 0.3958333333333333 0.32407407407407407 0.4015625 0.3490740740740741 0.4010416666666667 0.3527777777777778 0.39739583333333334 0.3453703703703704 0.39427083333333335
1 0.35185185185185186 0.39984739583333334 0.35577314814814814 0.40205416666666666 0.3731481481481482 0.40260416666666665 0.3768518518518518 0.4005208333333333 0.3768518518518518 0.39739583333333334 0.3675925925925926 0.39479166666666665 0.35490185185185186 0.39715052083333335
1 0.5416666666666666 0.38177083333333334 0.5435185185185185 0.3880208333333333 0.5638888888888889 0.3890625 0.5666666666666667 0.3875 0.562962962962963 0.3828125
1 0.5731481481481482 0.38177083333333334 0.5703703703703704 0.38333333333333336 0.5731481481481482 0.3880208333333333 0.5972222222222222 0.38697916666666665 0.5953703703703703 0.38177083333333334
1 0.4222222222222222 0.6052083333333333 0.42407407407407405 0.6104166666666667 0.44537037037037036 0.6171875 0.4537037037037037 0.6161458333333333 0.45555555555555555 0.6119791666666666 0.4527777777777778 0.6083333333333333 0.4305555555555556 0.6020833333333333
1 0.38796296296296295 0.5932291666666667 0.387037037037037 0.5984375 0.3925925925925926 0.6020833333333333 0.4111111111111111 0.6088541666666667 0.41759259259259257 0.6083333333333333 0.41944444444444445 0.6026041666666667 0.4148148148148148 0.6 0.3972222222222222 0.5927083333333333
1 0.35648148148148145 0.5838541666666667 0.35555555555555557 0.5921875 0.37962962962962965 0.5984375 0.3851851851851852 0.5979166666666667 0.387037037037037 0.5916666666666667 0.38333333333333336 0.5895833333333333 0.36574074074074076 0.584375
1 0.48703703703703705 0.615625 0.4861111111111111 0.6203125 0.49074074074074076 0.6234375 0.5185185185185185 0.6260416666666667 0.5231481481481481 0.6234375 0.5231481481481481 0.6192708333333333 0.5185185185185185 0.6166666666666667 0.49166666666666664 0.6135416666666667
1 0.525 0.6213541666666667 0.5259259259259259 0.6296875 0.5472222222222223 0.634375 0.5574074074074075 0.634375 0.5592592592592592 0.6291666666666667 0.5555555555555556 0.6260416666666667
1 0.5592592592592592 0.634375 0.5583333333333333 0.6369791666666667 0.575925925925926 0.6473958333333333 0.5842592592592593 0.6505208333333333 0.5907407407407408 0.6479166666666667 0.5861111111111111 0.640625 0.5731481481481482 0.6333333333333333 0.5638888888888889 0.6302083333333334
1 0.19814814814814816 0.7125 0.19907407407407407 0.7213541666666666 0.2351851851851852 0.7223958333333333 0.23981481481481481 0.7203125 0.23943333333333336 0.7162817708333333 0.23159074074074074 0.7121135416666667 0.207625 0.7118682291666667
1 0.2935185185185185 0.3723958333333333 0.2935185185185185 0.37864583333333335 0.3148148148148148 0.37916666666666665 0.3194444444444444 0.3776041666666667 0.31666666666666665 0.37083333333333335 0.3101851851851852 0.3697916666666667
1 0.262037037037037 0.371875 0.2601851851851852 0.3770833333333333 0.26296296296296295 0.37864583333333335 0.28703703703703703 0.3796875 0.2898148148148148 0.3776041666666667 0.2861111111111111 0.371875
1 0.3230935185185185 0.37388750000000004 0.3217861111111111 0.37805520833333334 0.3326796296296296 0.37805520833333334 0.34074074074074073 0.37916666666666665 0.34629629629629627 0.3770833333333333 0.3435185185185185 0.37135416666666665 0.32788703703703703 0.37217135416666663
4 0.5120370370370371 0.42135416666666664 0.5111111111111111 0.42604166666666665 0.5148148148148148 0.4270833333333333 0.5268518518518519 0.42239583333333336 0.537962962962963 0.4140625 0.5296296296296297 0.41302083333333334
4 0.6407407407407407 0.4828125 0.637962962962963 0.48802083333333335 0.6444444444444445 0.4901041666666667 0.6648148148148149 0.48072916666666665 0.6611111111111111 0.47708333333333336 0.6546296296296297 0.47708333333333336
4 0.42962962962962964 0.4984375 0.42777777777777776 0.503125 0.4351851851851852 0.5109375 0.44907407407407407 0.5140625 0.44537037037037036 0.5046875 0.4388888888888889 0.5
2 0.6212962962962963 0.45208333333333334 0.6138888888888889 0.45625 0.6185185185185185 0.4578125 0.6388888888888888 0.45416666666666666 0.6425925925925926 0.44947916666666665 0.6407407407407407 0.44635416666666666
2 0.4361111111111111 0.44895833333333335 0.4351851851851852 0.45364583333333336 0.4398148148148148 0.45625 0.46296296296296297 0.4609375 0.46296296296296297 0.45677083333333335 0.4564814814814815 0.45260416666666664 0.4425925925925926 0.4484375
2 0.4111111111111111 0.4421875 0.4111111111111111 0.45 0.4564814814814815 0.46145833333333336 0.46296296296296297 0.4609375 0.462037037037037 0.4557291666666667 0.45740740740740743 0.45260416666666664 0.4166666666666667 0.44114583333333335
2 0.3990740740740741 0.48541666666666666 0.39537037037037037 0.4875 0.39814814814814814 0.49166666666666664 0.4166666666666667 0.49583333333333335 0.42777777777777776 0.49375 0.4287037037037037 0.49114583333333334 0.4212962962962963 0.4875
2 0.36203703703703705 0.4791666666666667 0.36018518518518516 0.48385416666666664 0.36574074074074076 0.4864583333333333 0.3861111111111111 0.4901041666666667 0.39166666666666666 0.48854166666666665 0.38796296296296295 0.4828125 0.36944444444444446 0.4786458333333333
2 0.30462962962962964 0.5640625 0.3037037037037037 0.56875 0.3212962962962963 0.5786458333333333 0.33240740740740743 0.5776041666666667 0.33240740740740743 0.571875 0.3138888888888889 0.5625
2 0.2824074074074074 0.5505208333333333 0.2777777777777778 0.5536458333333333 0.2777777777777778 0.5572916666666666 0.30092592592592593 0.5677083333333334 0.3055555555555556 0.5645833333333333 0.3055555555555556 0.5598958333333334
2 0.4898148148148148 0.5734375 0.4898148148148148 0.5807291666666666 0.49537037037037035 0.5817708333333333 0.5 0.578125 0.5027777777777778 0.56875 0.5027777777777778 0.5645833333333333 0.4981481481481482 0.5619791666666667 0.4935185185185185 0.5635416666666667
2 0.4722222222222222 0.590625 0.47129629629629627 0.5953125 0.48055555555555557 0.596875 0.487962962962963 0.5848958333333333 0.48518518518518516 0.5817708333333333 0.47962962962962963 0.5817708333333333
2 0.46944444444444444 0.6020833333333333 0.4675925925925926 0.6161458333333333 0.48055555555555557 0.6166666666666667 0.48333333333333334 0.6135416666666667 0.48148148148148145 0.5989583333333334 0.47314814814814815 0.596875
2 0.5935185185185186 0.6583333333333333 0.5935185185185186 0.6645833333333333 0.6018518518518519 0.6770833333333334 0.612037037037037 0.678125 0.6138888888888889 0.6729166666666667 0.6046296296296296 0.6567708333333333 0.6 0.6546875
2 0.6138888888888889 0.6786458333333333 0.6166666666666667 0.6854166666666667 0.6462962962962963 0.6932291666666667 0.65 0.6911458333333333 0.6518518518518519 0.684375 0.6462962962962963 0.6817708333333333 0.6231481481481481 0.6760416666666667 0.6157407407407407 0.6760416666666667
2 0.525 0.7067708333333333 0.525 0.7135416666666666 0.5324074074074074 0.7239583333333334 0.5388888888888889 0.7276041666666667 0.5453703703703704 0.7276041666666667 0.5472222222222223 0.7229166666666667 0.5398148148148149 0.7125 0.5324074074074074 0.7052083333333333
2 0.512962962962963 0.684375 0.5101851851851852 0.6901041666666666 0.5203703703703704 0.7026041666666667 0.524074074074074 0.7046875 0.5324074074074074 0.7041666666666667 0.5222222222222223 0.6880208333333333
2 0.49537037037037035 0.6671875 0.4962962962962963 0.675 0.5092592592592593 0.6859375 0.5166666666666667 0.6822916666666666 0.5120370370370371 0.675 0.5046296296296297 0.6661458333333333
2 0.48703703703703705 0.6453125 0.48518518518518516 0.6541666666666667 0.49074074074074076 0.6619791666666667 0.49537037037037035 0.665625 0.5018518518518519 0.665625 0.5037037037037037 0.6609375 0.4981481481481482 0.6526041666666667 0.4925925925925926 0.646875
2 0.46574074074074073 0.6286458333333333 0.47129629629629627 0.640625 0.47685185185185186 0.6458333333333334 0.48333333333333334 0.6473958333333333 0.487962962962963 0.6411458333333333 0.4787037037037037 0.6296875 0.4722222222222222 0.6265625
0 0.7 0.5973958333333333 0.7027777777777777 0.6104166666666667 0.7064814814814815 0.6130208333333333 0.7138888888888889 0.6119791666666666 0.7129629629629629 0.5984375 0.7101851851851851 0.5963541666666666
0 0.674074074074074 0.6786458333333333 0.674074074074074 0.6854166666666667 0.6833333333333333 0.6869791666666667 0.6990740740740741 0.6760416666666667 0.7018518518518518 0.6703125 0.6925925925925925 0.6671875
0 0.6935185185185185 0.6619791666666667 0.6935185185185185 0.6666666666666666 0.7027777777777777 0.6692708333333334 0.7129629629629629 0.653125 0.7027777777777777 0.6510416666666666
0 0.7027777777777777 0.6432291666666666 0.7027777777777777 0.6515625 0.7129629629629629 0.6510416666666666 0.7166666666666667 0.6463541666666667 0.7166666666666667 0.634375 0.7064814814814815 0.6348958333333333
0 0.7064814814814815 0.6125 0.7055555555555556 0.6302083333333334 0.7166666666666667 0.6317708333333333 0.7175925925925926 0.6151041666666667 0.7129629629629629 0.6119791666666666
0 0.687962962962963 0.5786458333333333 0.687037037037037 0.5848958333333333 0.6944444444444444 0.5932291666666667 0.6990740740740741 0.596875 0.7046296296296296 0.5958333333333333 0.7064814814814815 0.5901041666666667 0.6990740740740741 0.5796875 0.6925925925925925 0.5776041666666667
0 0.5842592592592593 0.5401041666666667 0.5796296296296296 0.5427083333333333 0.5814814814814815 0.5510416666666667 0.5861111111111111 0.5572916666666666 0.5953703703703703 0.5583333333333333 0.5990740740740741 0.5536458333333333 0.5944444444444444 0.5442708333333334
0 0.5703703703703704 0.5098958333333333 0.5703703703703704 0.5239583333333333 0.5814814814814815 0.5265625 0.5814814814814815 0.5161458333333333 0.575 0.5104166666666666
0 0.4842592592592593 0.49375 0.48333333333333334 0.4979166666666667 0.49166666666666664 0.5041666666666667 0.49477129629629624 0.50524375 0.49695 0.5042630208333333 0.4925925925925926 0.5035276041666666 0.49477129629629624 0.5042630208333333 0.49782129629629635 0.5057338541666667 0.5 0.5008307291666667 0.5034861111111111 0.5032822916666667 0.5026148148148147 0.5015661458333333 0.49537037037037035 0.49375 0.49074074074074076 0.49114583333333334
0 0.5 0.5103921875 0.4982574074074075 0.5106375 0.5037037037037037 0.5203125 0.5108935185185185 0.5211802083333333 0.5152509259259259 0.5189734375 0.5157407407407407 0.5171875 0.5069712962962963 0.5084307291666667 0.5021787037037037 0.5072052083333333
0 0.5122 0.5248578125 0.5095861111111111 0.5275546875 0.5113287037037038 0.5297609375 0.5108935185185185 0.5327031249999999 0.5143787037037038 0.5354 0.5139435185185185 0.5344192708333334 0.5183009259259259 0.5354 0.5204796296296297 0.5354 0.5174296296296296 0.5233864583333333 0.5169935185185185 0.521425 0.5126361111111112 0.5228963541666667
0 0.5130722222222223 0.541284375 0.5135074074074074 0.5444713541666667 0.5117648148148148 0.5481489583333333 0.5108935185185185 0.5510911458333333 0.5095861111111111 0.5525625000000001 0.5148148148148148 0.5541666666666667 0.5194444444444445 0.5505208333333333 0.5212962962962963 0.5401041666666667 0.5209148148148148 0.5425104166666667 0.5148148148148148 0.5395682291666667