4 0.30833333333333335 0.48541666666666666 0.3074074074074074 0.490625 0.31296296296296294 0.4921875 0.3351851851851852 0.49375 0.3398148148148148 0.49114583333333334 0.3388888888888889 0.4875 0.33240740740740743 0.48541666666666666 0.3194444444444444 0.48385416666666664
4 0.27685185185185185 0.4817708333333333 0.2740740740740741 0.48333333333333334 0.2759259259259259 0.4875 0.30277777777777776 0.4901041666666667 0.30648148148148147 0.48802083333333335 0.3037037037037037 0.48333333333333334
4 0.24074074074074073 0.4796875 0.24074074074074073 0.48385416666666664 0.24722222222222223 0.4859375 0.26944444444444443 0.4869791666666667 0.27314814814814814 0.48489583333333336 0.26944444444444443 0.48020833333333335 0.24444444444444444 0.47760416666666666
4 0.20925925925925926 0.47708333333333336 0.20833333333333334 0.48072916666666665 0.21388888888888888 0.4828125 0.23333333333333334 0.484375 0.24166666666666667 0.4828125 0.24166666666666667 0.478125 0.23796296296296296 0.4765625 0.21296296296296297 0.47552083333333334
4 0.17685185185185184 0.4734375 0.17592592592592593 0.47760416666666666 0.18055555555555555 0.48020833333333335 0.20833333333333334 0.48072916666666665 0.20462962962962963 0.4744791666666667
4 0.1425925925925926 0.4703125 0.14351851851851852 0.47708333333333336 0.175 0.478125 0.17592592592592593 0.4739583333333333 0.17037037037037037 0.4703125 0.14814814814814814 0.46822916666666664
4 0.6259259259259259 0.6151041666666667 0.6268518518518519 0.61875 0.6481481481481481 0.6265625 0.6537037037037037 0.6270833333333333 0.6583333333333333 0.625 0.6574074074074074 0.6197916666666666 0.6462962962962963 0.6151041666666667 0.6342592592592593 0.6119791666666666
4 0.7342592592592593 0.5510416666666667 0.7305555555555555 0.5536458333333333 0.7351851851851852 0.5572916666666666 0.7509259259259259 0.5619791666666667 0.7657407407407407 0.5630208333333333 0.7648148148148148 0.5588541666666667 0.7546296296296297 0.5536458333333333 0.7407407407407407 0.55
2 0.25833333333333336 0.5385416666666667 0.25833333333333336 0.5458333333333333 0.2722222222222222 0.5447916666666667 0.287962962962963 0.5395833333333333 0.2824074074074074 0.534375
2 0.22407407407407406 0.5458333333333333 0.22314814814814815 0.5505208333333333 0.23055555555555557 0.5526041666666667 0.2537037037037037 0.5484375 0.25555555555555554 0.5416666666666666 0.24074074074074073 0.5421875
2 0.19074074074074074 0.5510416666666667 0.18981481481481483 0.5557291666666667 0.19537037037037036 0.5578125 0.22037037037037038 0.553125 0.2222222222222222 0.5484375 0.21851851851851853 0.5458333333333333 0.2111111111111111 0.5458333333333333
2 0.1574074074074074 0.5567708333333333 0.15648148148148147 0.5614583333333333 0.16018518518518518 0.5645833333333333 0.1925925925925926 0.5572916666666666 0.18888888888888888 0.5510416666666667
2 0.12129629629629629 0.5625 0.12314814814814815 0.5692708333333333 0.15648148148148147 0.5640625 0.15555555555555556 0.5588541666666667 0.15092592592592594 0.5572916666666666
2 0.22037037037037038 0.5890625 0.21574074074074073 0.5916666666666667 0.21574074074074073 0.5953125 0.22037037037037038 0.5973958333333333 0.2388888888888889 0.5958333333333333 0.25092592592592594 0.5921875 0.2462962962962963 0.5864583333333333
2 0.1935185185185185 0.6083333333333333 0.1925925925925926 0.6125 0.20185185185185187 0.6145833333333334 0.21388888888888888 0.6020833333333333 0.21296296296296297 0.5927083333333333 0.2037037037037037 0.5963541666666666
2 0.38333333333333336 0.54375 0.3824074074074074 0.5473958333333333 0.3861111111111111 0.5494791666666666 0.41203703703703703 0.55 0.41203703703703703 0.5442708333333334 0.4074074074074074 0.5421875
2 0.34444444444444444 0.5348958333333333 0.3453703703703704 0.5411458333333333 0.3712962962962963 0.5453125 0.375 0.5442708333333334 0.37592592592592594 0.5395833333333333 0.37037037037037035 0.5359375 0.35 0.5333333333333333
2 0.31203703703703706 0.5364583333333334 0.3101851851851852 0.5401041666666667 0.31574074074074077 0.5432291666666667 0.3314814814814815 0.5432291666666667 0.3425925925925926 0.5401041666666667 0.3388888888888889 0.534375 0.32037037037037036 0.5333333333333333
2 0.7027777777777777 0.603125 0.7018518518518518 0.609375 0.7194444444444444 0.6197916666666666 0.7240740740740741 0.6203125 0.7268518518518519 0.6166666666666667 0.725 0.6125 0.7101851851851851 0.6036458333333333
1 0.1175925925925926 0.45260416666666664 0.1175925925925926 0.4640625 0.12407407407407407 0.4666666666666667 0.13055555555555556 0.4635416666666667 0.12962962962962962 0.45260416666666664 0.1259259259259259 0.44895833333333335 0.12037037037037036 0.44947916666666665
1 0.3037037037037037 0.546875 0.30277777777777776 0.5546875 0.3074074074074074 0.559375 0.3138888888888889 0.5526041666666667 0.31203703703703706 0.540625 0.3074074074074074 0.540625
1 0.2916666666666667 0.5640625 0.28888888888888886 0.5708333333333333 0.2935185185185185 0.5744791666666667 0.30277777777777776 0.5666666666666667 0.30277777777777776 0.55625 0.2962962962962963 0.5572916666666666
1 0.26481481481481484 0.5807291666666666 0.26481481481481484 0.5864583333333333 0.2722222222222222 0.5880208333333333 0.29259259259259257 0.578125 0.29259259259259257 0.5744791666666667 0.2898148148148148 0.571875 0.2833333333333333 0.5723958333333333
1 0.39351851851851855 0.6375 0.3925925925925926 0.64375 0.3972222222222222 0.6447916666666667 0.42407407407407405 0.6416666666666667 0.42777777777777776 0.6364583333333333 0.425 0.6333333333333333 0.41759259259259257 0.6333333333333333
0 0.35555555555555557 0.6411458333333333 0.35648148148148145 0.6479166666666667 0.3814814814814815 0.646875 0.38981481481481484 0.6442708333333333 0.387037037037037 0.6385416666666667
0 0.31666666666666665 0.6416666666666667 0.3194444444444444 0.6479166666666667 0.3490740740740741 0.6484375 0.3537037037037037 0.646875 0.3509259259259259 0.6401041666666667 0.3212962962962963 0.6395833333333333
0 0.2796296296296296 0.6364583333333333 0.27314814814814814 0.6369791666666667 0.275 0.64375 0.31203703703703706 0.6463541666666667 0.3101851851851852 0.6395833333333333
0 0.23981481481481481 0.6317708333333333 0.2388888888888889 0.6369791666666667 0.24444444444444444 0.6395833333333333 0.27314814814814814 0.64375 0.2722222222222222 0.6364583333333333 0.2537037037037037 0.6322916666666667
0 0.2074074074074074 0.6229166666666667 0.20555555555555555 0.6265625 0.20925925925925926 0.6307291666666667 0.23796296296296296 0.6369791666666667 0.23703703703703705 0.6291666666666667 0.21666666666666667 0.6213541666666667
0 0.45092592592592595 0.5869791666666667 0.4546296296296296 0.5927083333333333 0.4777777777777778 0.590625 0.48333333333333334 0.5880208333333333 0.4824074074074074 0.584375 0.47685185185185186 0.5828125
0 0.48518518518518516 0.5817708333333333 0.48333333333333334 0.5848958333333333 0.48703703703703705 0.5880208333333333 0.5157407407407407 0.5854166666666667 0.5175925925925926 0.5828125 0.512962962962963 0.5786458333333333 0.49722222222222223 0.578125
0 0.5203703703703704 0.5791666666666667 0.5148148148148148 0.5817708333333333 0.524074074074074 0.5864583333333333 0.5462962962962963 0.5833333333333334 0.5509259259259259 0.578125 0.5435185185185185 0.5760416666666667
0 0.44166666666666665 0.5484375 0.4398148148148148 0.5536458333333333 0.4462962962962963 0.5572916666666666 0.46296296296296297 0.5583333333333333 0.4722222222222222 0.5567708333333333 0.4685185185185185 0.5484375 0.4527777777777778 0.546875
0 0.48383796296296294 0.5524166666666667 0.47685185185185186 0.5572916666666666 0.5027777777777778 0.5567708333333333 0.5074074074074074 0.5541666666666667 0.5060601851851851 0.5493854166666666
0 0.5410777777777778 0.54294375 0.5377101851851852 0.5463541666666667 0.5361111111111111 0.55 0.5592592592592592 0.5463541666666667 0.562962962962963 0.54375 0.5601851851851852 0.5385416666666667
0 0.5215490740740741 0.5471119791666667 0.5148148148148148 0.5497640625 0.5074074074074074 0.553125 0.5194444444444445 0.5546875 0.5314814814814814 0.5505208333333333 0.5323231481481482 0.547490625 0.5282824074074074 0.5478697916666667