1 0.6685185185185185 0.228125 0.6675925925925926 0.234375 0.6712962962962963 0.23802083333333332 0.7027777777777777 0.234375 0.7046296296296296 0.23177083333333334 0.7037037037037037 0.2265625 0.6972222222222222 0.22447916666666667
1 0.4222222222222222 0.3390625 0.42314814814814816 0.34479166666666666 0.4287037037037037 0.34791666666666665 0.4527777777777778 0.34791666666666665 0.45555555555555555 0.3453125 0.4537037037037037 0.34010416666666665
1 0.48055555555555557 0.3416666666666667 0.4777777777777778 0.3453125 0.4842592592592593 0.3489583333333333 0.5092592592592593 0.35208333333333336 0.5111111111111111 0.34791666666666665 0.5046296296296297 0.34427083333333336 0.4842592592592593 0.340625
1 0.4185185185185185 0.5119791666666667 0.4185185185185185 0.525 0.43148148148148147 0.525 0.4388888888888889 0.5072916666666667 0.43425925925925923 0.5052083333333334 0.425 0.50625
1 0.4166666666666667 0.5317708333333333 0.41574074074074074 0.5447916666666667 0.4222222222222222 0.5479166666666667 0.4305555555555556 0.5432291666666667 0.43148148148148147 0.5291666666666667 0.425 0.5260416666666666 0.4203703703703704 0.5265625
1 0.37222222222222223 0.571875 0.3712962962962963 0.5791666666666667 0.38333333333333336 0.5828125 0.3972222222222222 0.565625 0.3972222222222222 0.5614583333333333 0.38333333333333336 0.5598958333333334
1 0.35555555555555557 0.5994791666666667 0.35833333333333334 0.6046875 0.37407407407407406 0.6020833333333333 0.37962962962962965 0.5838541666666667 0.36574074074074076 0.5848958333333333
1 0.5166666666666667 0.6630208333333333 0.5148148148148148 0.6682291666666667 0.5222222222222223 0.671875 0.5537037037037037 0.66875 0.5564814814814815 0.665625 0.5527777777777778 0.6598958333333333
1 0.5574074074074075 0.6614583333333334 0.5574074074074075 0.6677083333333333 0.5638888888888889 0.6703125 0.5972222222222222 0.66875 0.6027777777777777 0.6666666666666666 0.6027777777777777 0.6614583333333334 0.5981481481481481 0.659375
1 0.6537037037037037 0.71875 0.6537037037037037 0.7239583333333334 0.6601851851851852 0.7270833333333333 0.7027777777777777 0.7276041666666667 0.7046296296296296 0.7255208333333333 0.7037037037037037 0.7192708333333333 0.6953703703703704 0.7166666666666667
1 0.6055555555555555 0.7213541666666666 0.6018518518518519 0.7234375 0.6046296296296296 0.7317708333333334 0.6509259259259259 0.7286458333333333 0.6527777777777778 0.7270833333333333 0.6518518518518519 0.7213541666666666 0.6481481481481481 0.7192708333333333
1 0.5564814814814815 0.7260416666666667 0.5564814814814815 0.7328125 0.5657407407407408 0.7348958333333333 0.5990740740740741 0.7333333333333333 0.6037037037037037 0.73125 0.600925925925926 0.7234375
1 0.7222222222222222 0.6802083333333333 0.7231481481481481 0.70625 0.7268518518518519 0.7083333333333334 0.7388888888888889 0.7078125 0.7388888888888889 0.68125 0.7351851851851852 0.6796875
1 0.7138888888888889 0.6484375 0.7157407407407408 0.6578125 0.7268518518518519 0.6734375 0.7314814814814815 0.6760416666666667 0.7398148148148148 0.6755208333333333 0.7425925925925926 0.6713541666666667 0.7268518518518519 0.6489583333333333 0.7212962962962963 0.6473958333333333
1 0.7 0.6255208333333333 0.712037037037037 0.6458333333333334 0.7268518518518519 0.6479166666666667 0.7277777777777777 0.6432291666666666 0.7148148148148148 0.6260416666666667 0.7092592592592593 0.6234375
1 0.6787037037037037 0.6026041666666667 0.6777777777777778 0.60625 0.6851851851851852 0.615625 0.6925925925925925 0.6234375 0.6990740740740741 0.6255208333333333 0.7055555555555556 0.6223958333333334 0.7055555555555556 0.6192708333333333 0.6962962962962963 0.6057291666666667 0.687962962962963 0.5994791666666667
1 0.6518518518518519 0.5796875 0.6527777777777778 0.5848958333333333 0.6694444444444444 0.5984375 0.6787037037037037 0.6020833333333333 0.6861111111111111 0.5989583333333334 0.6842592592592592 0.5942708333333333 0.6712962962962963 0.5838541666666667 0.6574074074074074 0.5776041666666667
1 0.24444444444444444 0.7104166666666667 0.24166666666666667 0.7135416666666666 0.24444444444444444 0.7203125 0.25555555555555554 0.7192708333333333 0.275 0.7213541666666666 0.2814814814814815 0.7192708333333333 0.27870370370370373 0.7125
1 0.20555555555555555 0.7166666666666667 0.19722222222222222 0.7203125 0.2064814814814815 0.7255208333333333 0.23981481481481481 0.7234375 0.24259259259259258 0.7208333333333333 0.24074074074074073 0.7135416666666666
1 0.1638888888888889 0.7276041666666667 0.1638888888888889 0.7317708333333334 0.17407407407407408 0.734375 0.20277777777777778 0.7276041666666667 0.2037037037037037 0.721875 0.20092592592592592 0.7197916666666667 0.19166666666666668 0.7203125
1 0.13148148148148148 0.7369791666666666 0.13055555555555556 0.7421875 0.14814814814814814 0.7416666666666667 0.1648148148148148 0.7375 0.1638888888888889 0.7296875 0.15092592592592594 0.7302083333333333
2 0.2361111111111111 0.43333333333333335 0.23703703703703705 0.43802083333333336 0.2462962962962963 0.44114583333333335 0.26296296296296295 0.42916666666666664 0.26296296296296295 0.425 0.25092592592592594 0.42291666666666666
2 0.21666666666666667 0.453125 0.2175925925925926 0.4583333333333333 0.23055555555555557 0.4588541666666667 0.24166666666666667 0.4432291666666667 0.22777777777777777 0.4427083333333333
2 0.2111111111111111 0.46770833333333334 0.2101851851851852 0.4744791666666667 0.2222222222222222 0.47552083333333334 0.22870370370370371 0.45989583333333334 0.21666666666666667 0.4583333333333333
2 0.20185185185185187 0.4869791666666667 0.20277777777777778 0.4942708333333333 0.21296296296296297 0.49635416666666665 0.22037037037037038 0.48385416666666664 0.21944444444444444 0.47604166666666664 0.20833333333333334 0.47604166666666664
2 0.19907407407407407 0.4979166666666667 0.2 0.5119791666666667 0.21296296296296297 0.5145833333333333 0.21296296296296297 0.4984375 0.20462962962962963 0.49583333333333335
2 0.20092592592592592 0.5140625 0.19907407407407407 0.5223958333333333 0.20185185185185187 0.5296875 0.2101851851851852 0.5338541666666666 0.21574074074074073 0.5296875 0.21296296296296297 0.5161458333333333
0 0.30648148148148147 0.3171875 0.30277777777777776 0.3223958333333333 0.31203703703703706 0.3260416666666667 0.3314814814814815 0.3151041666666667 0.3314814814814815 0.3104166666666667 0.32037037037037036 0.309375
0 0.2675925925925926 0.3614583333333333 0.26481481481481484 0.37083333333333335 0.275 0.3729166666666667 0.2833333333333333 0.359375 0.2740740740740741 0.35625
0 0.25833333333333336 0.38177083333333334 0.25833333333333336 0.38958333333333334 0.26851851851851855 0.39114583333333336 0.27314814814814814 0.3859375 0.2740740740740741 0.37447916666666664 0.26296296296296295 0.37447916666666664
0 0.25833333333333336 0.38958333333333334 0.2574074074074074 0.4041666666666667 0.26296296296296295 0.4083333333333333 0.26851851851851855 0.4083333333333333 0.2722222222222222 0.4046875 0.2712962962962963 0.3927083333333333
0 0.275 0.3489583333333333 0.2759259259259259 0.3546875 0.2851851851851852 0.3572916666666667 0.2962962962962963 0.3423744791666667 0.2935185185185185 0.34185364583333333 0.2962962962962963 0.334375 0.28888888888888886 0.334375
0 0.3314814814814815 0.4203125 0.3314814814814815 0.4359375 0.33425925925925926 0.43802083333333336 0.3435185185185185 0.43802083333333336 0.3472222222222222 0.4244791666666667 0.33796296296296297 0.4192708333333333
0 0.3333333333333333 0.44479166666666664 0.3333333333333333 0.4557291666666667 0.34444444444444444 0.4583333333333333 0.34814814814814815 0.45416666666666666 0.34629629629629627 0.4401041666666667 0.33796296296296297 0.4395833333333333
0 0.3277777777777778 0.46041666666666664 0.32685185185185184 0.4734375 0.3314814814814815 0.478125 0.33796296296296297 0.478125 0.3435185185185185 0.4744791666666667 0.3425925925925926 0.4609375 0.3388888888888889 0.4583333333333333
0 0.4009259259259259 0.4239583333333333 0.3990740740740741 0.4328125 0.4046296296296296 0.4354166666666667 0.4111111111111111 0.4354166666666667 0.4185185185185185 0.421875 0.4166666666666667 0.41770833333333335 0.4111111111111111 0.415625 0.40555555555555556 0.4166666666666667
0 0.3972222222222222 0.43854166666666666 0.3972222222222222 0.44375 0.40185185185185185 0.4395833333333333
0 0.39537037037037037 0.45625 0.39537037037037037 0.4635416666666667 0.4074074074074074 0.4739583333333333 0.412962962962963 0.4708333333333333 0.40925925925925927 0.4583333333333333 0.4046296296296296 0.45625
0 0.39537037037037037 0.4390625 0.39537037037037037 0.45416666666666666 0.4046296296296296 0.4557291666666667 0.4111111111111111 0.4515625 0.41203703703703703 0.4401041666666667 0.40185185185185185 0.43645833333333334
0 0.40370370370370373 0.47552083333333334 0.4074074074074074 0.49270833333333336 0.41759259259259257 0.49583333333333335 0.42407407407407405 0.49114583333333334 0.42314814814814816 0.48854166666666665 0.41388888888888886 0.47708333333333336 0.4074074074074074 0.4739583333333333
0 0.5388888888888889 0.5145833333333333 0.5388888888888889 0.521875 0.549074074074074 0.5234375 0.5666666666666667 0.5057291666666667 0.5657407407407408 0.5026041666666666 0.5574074074074075 0.5 0.5537037037037037 0.5010416666666667
0 0.5212962962962963 0.5395833333333333 0.5212962962962963 0.5453125 0.5259259259259259 0.5479166666666667 0.5324074074074074 0.5473958333333333 0.55 0.5286458333333334 0.5361111111111111 0.5260416666666666
0 0.5055555555555555 0.5604166666666667 0.5055555555555555 0.5682291666666667 0.5175925925925926 0.5697916666666667 0.5277777777777778 0.5510416666666667 0.5194444444444445 0.5453125 0.5120370370370371 0.5484375
0 0.5009259259259259 0.5828125 0.5101851851851852 0.6026041666666667 0.5138888888888888 0.6046875 0.5231481481481481 0.6041666666666666 0.525 0.6005208333333333 0.5166666666666667 0.5838541666666667 0.5055555555555555 0.5802083333333333
0 0.512962962962963 0.609375 0.5157407407407407 0.6291666666666667 0.5203703703703704 0.6317708333333333 0.5277777777777778 0.6317708333333333 0.5305555555555556 0.6302083333333334 0.5287037037037037 0.6114583333333333 0.5185185185185185 0.6067708333333334
0 0.5055555555555555 0.6401041666666667 0.5055555555555555 0.6572916666666667 0.5185185185185185 0.6609375 0.5231481481481481 0.6583333333333333 0.5259259259259259 0.6395833333333333 0.5194444444444445 0.6354166666666666 0.5111111111111111 0.634375 0.5074074074074074 0.6354166666666666
2 0.48148148148148145 0.484375 0.4824074074074074 0.490625 0.49074074074074076 0.49322916666666666 0.5166666666666667 0.4947916666666667 0.5157407407407407 0.490625 0.5074074074074074 0.4875 0.4842592592592593 0.4828125
2 0.5157407407407407 0.490625 0.5148148148148148 0.4942708333333333 0.525 0.4979166666666667 0.549074074074074 0.5005208333333333 0.5574074074074075 0.49895833333333334 0.5564814814814815 0.49375 0.55 0.4921875 0.5314814814814814 0.4895833333333333
2 0.28425925925925927 0.5536458333333333 0.2777777777777778 0.5572916666666666 0.2861111111111111 0.5635416666666667 0.3138888888888889 0.5546875 0.31666666666666665 0.55 0.3074074074074074 0.5463541666666667
2 0.24537037037037038 0.5677083333333334 0.24444444444444444 0.5744791666666667 0.25277777777777777 0.5744791666666667 0.28055555555555556 0.565625 0.2814814814814815 0.5604166666666667 0.27870370370370373 0.5578125 0.2712962962962963 0.5572916666666666
2 0.21666666666666667 0.5770833333333333 0.21574074074074073 0.58125 0.22314814814814815 0.5848958333333333 0.23981481481481481 0.5786458333333333 0.2490740740740741 0.5708333333333333 0.24537037037037038 0.5671875 0.23703703703703705 0.5666666666666667
2 0.5333333333333333 0.6973958333333333 0.5314814814814814 0.703125 0.5351851851851852 0.7083333333333334 0.5546296296296296 0.721875 0.5638888888888889 0.7213541666666666 0.5666666666666667 0.7161458333333334 0.5472222222222223 0.6989583333333333 0.5398148148148149 0.6953125
2 0.5083333333333333 0.675 0.5074074074074074 0.6786458333333333 0.525 0.6963541666666667 0.5296296296296297 0.6979166666666666 0.537962962962963 0.6958333333333333 0.5388888888888889 0.6921875 0.5305555555555556 0.68125 0.5185185185185185 0.6744791666666666
4 0.4398148148148148 0.6541666666666667 0.43796296296296294 0.6578125 0.4462962962962963 0.6635416666666667 0.4666666666666667 0.671875 0.475 0.6708333333333333 0.4777777777777778 0.6645833333333333 0.47129629629629627 0.6604166666666667 0.44907407407407407 0.6515625
4 0.4185185185185185 0.6302083333333334 0.4185185185185185 0.6364583333333333 0.42777777777777776 0.65 0.4351851851851852 0.6546875 0.4425925925925926 0.653125 0.4462962962962963 0.6510416666666666 0.44537037037037036 0.6463541666666667 0.4351851851851852 0.6307291666666667 0.4287037037037037 0.628125
4 0.33055555555555555 0.6234375 0.31666666666666665 0.6333333333333333 0.3175925925925926 0.6390625 0.3212962962962963 0.6411458333333333 0.3296296296296296 0.6411458333333333 0.35185185185185186 0.6265625 0.3509259259259259 0.621875 0.3453703703703704 0.6192708333333333
4 0.4046296296296296 0.6179203125 0.4083333333333333 0.6158364583333333 0.39814814814814814 0.6173989583333334 0.4 0.6184411458333333 0.412962962962963 0.628125 0.42962962962962964 0.628125 0.42777777777777776 0.6229166666666667 0.40370370370370373 0.6109375 0.41203703703703703 0.6168781249999999
4 0.462037037037037 0.4588541666666667 0.46111111111111114 0.4640625 0.47314814814814815 0.47708333333333336 0.48055555555555557 0.47708333333333336 0.4842592592592593 0.4734375 0.4759259259259259 0.46197916666666666
4 0.45925925925925926 0.4390625 0.46296296296296297 0.4515625 0.46944444444444444 0.4578125 0.47685185185185186 0.459375 0.48055555555555557 0.4546875 0.4703703703703704 0.43854166666666666
4 0.5768518518518518 0.7697916666666667 0.5777777777777777 0.775 0.6037037037037037 0.7875 0.612037037037037 0.7901041666666667 0.6194444444444445 0.7885416666666667 0.6203703703703703 0.7822916666666667 0.5907407407407408 0.7671875 0.5814814814814815 0.765625
4 0.5388888888888889 0.7515625 0.5398148148148149 0.7578125 0.5555555555555556 0.765625 0.5685185185185185 0.7697916666666667 0.5768518518518518 0.7682291666666666 0.5777777777777777 0.7640625 0.5518518518518518 0.7505208333333333 0.5425925925925926 0.7494791666666667