1 0.3037037037037037 0.64190625 0.29907407407407405 0.6447916666666667 0.30277777777777776 0.6494791666666667 0.33240740740740743 0.6489583333333333 0.3425925925925926 0.646875 0.3435185185185185 0.6403432291666667
1 0.65 0.5375 0.649074074074074 0.5401041666666667 0.6592592592592592 0.546875 0.675 0.5536458333333333 0.6824074074074075 0.5536458333333333 0.6842592592592592 0.5484375 0.675 0.5427083333333333 0.6574074074074074 0.5354166666666667
1 0.6111111111111112 0.528125 0.6092592592592593 0.5333333333333333 0.612037037037037 0.5359375 0.6472222222222223 0.5395833333333333 0.649074074074074 0.5359375 0.6444444444444445 0.5317708333333333
1 0.5694444444444444 0.5229166666666667 0.5685185185185185 0.5260416666666666 0.5740740740740741 0.5307291666666667 0.6055555555555555 0.5328125 0.6083333333333333 0.5302083333333333 0.6083333333333333 0.5260416666666666 0.6037037037037037 0.5229166666666667 0.5777777777777777 0.5208333333333334
2 0.6277777777777778 0.6166666666666667 0.6287037037037037 0.6229166666666667 0.6398148148148148 0.6333333333333333 0.6472222222222223 0.6375 0.6509259259259259 0.6364583333333333 0.6555555555555556 0.6338541666666667 0.6555555555555556 0.6291666666666667 0.6398148148148148 0.615625 0.6361111111111111 0.6130208333333333
2 0.6064814814814815 0.5947916666666667 0.6101851851851852 0.6020833333333333 0.6259259259259259 0.6135416666666667 0.6361111111111111 0.6125 0.6333333333333333 0.60625 0.6157407407407407 0.5916666666666667
2 0.5879629629629629 0.5770833333333333 0.5879629629629629 0.5817708333333333 0.6027777777777777 0.59375 0.6092592592592593 0.5942708333333333 0.6166666666666667 0.5916666666666667 0.5981481481481481 0.5744791666666667
2 0.5777777777777777 0.5536458333333333 0.5777777777777777 0.5677083333333334 0.5879629629629629 0.5755208333333334 0.5981481481481481 0.575 0.5888888888888889 0.5598958333333334
2 0.5518518518518518 0.5369791666666667 0.5518518518518518 0.5432291666666667 0.5611111111111111 0.5526041666666667 0.5740740740740741 0.55625 0.5768518518518518 0.5520833333333334 0.5722222222222222 0.5458333333333333 0.5601851851851852 0.5364583333333334
2 0.6888888888888889 0.5604166666666667 0.6888888888888889 0.5671875 0.7 0.5786458333333333 0.7055555555555556 0.58125 0.712037037037037 0.58125 0.7148148148148148 0.5765625 0.7027777777777777 0.5614583333333333 0.6972222222222222 0.5583333333333333
2 0.7148148148148148 0.5817708333333333 0.7175925925925926 0.5885416666666666 0.7425925925925926 0.5932291666666667 0.7546296296296297 0.5927083333333333 0.7555555555555555 0.5869791666666667 0.7509259259259259 0.584375 0.7212962962962963 0.5786458333333333
2 0.5472222222222223 0.5052083333333334 0.5509259259259259 0.5255208333333333 0.562037037037037 0.5265625 0.5648148148148148 0.5197916666666667 0.5601851851851852 0.5072916666666667 0.5509259259259259 0.5041666666666667
2 0.5481481481481482 0.4979166666666667 0.5472222222222223 0.5046875 0.5564814814814815 0.5036458333333333 0.5638888888888889 0.4921875 0.5601851851851852 0.4864583333333333 0.5527777777777778 0.4875
2 0.5638888888888889 0.4666666666666667 0.562962962962963 0.48541666666666666 0.5675925925925925 0.4869791666666667 0.5740740740740741 0.484375 0.5740740740740741 0.4666666666666667 0.5675925925925925 0.46458333333333335
4 0.700925925925926 0.3697916666666667 0.7 0.3729166666666667 0.7037037037037037 0.375 0.7101851851851851 0.37447916666666664 0.725925925925926 0.36666666666666664 0.725925925925926 0.36041666666666666 0.7203703703703703 0.35885416666666664
4 0.5509259259259259 0.30364583333333334 0.5481481481481482 0.3072916666666667 0.5537037037037037 0.3109375 0.5712962962962963 0.30104166666666665 0.5740740740740741 0.29322916666666665 0.5675925925925925 0.29322916666666665
0 0.6546296296296297 0.43645833333333334 0.65 0.4395833333333333 0.6574074074074074 0.45260416666666664 0.662962962962963 0.4552083333333333 0.6712962962962963 0.4546875 0.674074074074074 0.44947916666666665 0.6685185185185185 0.4427083333333333 0.6601851851851852 0.4359375
0 0.637962962962963 0.4197916666666667 0.6425925925925926 0.43333333333333335 0.6472222222222223 0.4375 0.6509259259259259 0.4375 0.6546296296296297 0.434375 0.65 0.42083333333333334 0.6472222222222223 0.41822916666666665
0 0.6305555555555555 0.40572916666666664 0.6296296296296297 0.41041666666666665 0.6370370370370371 0.42552083333333335 0.6537037037037037 0.45 0.6611111111111111 0.4552083333333333 0.6703703703703704 0.4546875 0.6731481481481482 0.44895833333333335 0.6601851851851852 0.4359375 0.6472222222222223 0.40989583333333335 0.637962962962963 0.403125
0 0.7722222222222223 0.471875 0.775 0.48125 0.7833333333333333 0.4890625 0.7907407407407407 0.4901041666666667 0.7962962962962963 0.4875 0.7962962962962963 0.48385416666666664 0.7898148148148149 0.47552083333333334 0.7824074074074074 0.4708333333333333
0 0.7870370370370371 0.490625 0.7935185185185185 0.50625 0.7962962962962963 0.5083333333333333 0.8027777777777778 0.5078125 0.8074074074074075 0.5057291666666667 0.8074074074074075 0.5020833333333333 0.8 0.48854166666666665 0.7962962962962963 0.4875
0 0.7962962962962963 0.5083333333333333 0.799074074074074 0.5255208333333333 0.8037037037037037 0.528125 0.812037037037037 0.528125 0.8138888888888889 0.5208333333333334 0.8101851851851852 0.5078125 0.8064814814814815 0.50625
0 0.799074074074074 0.5322916666666667 0.799074074074074 0.5463541666666667 0.8138888888888889 0.546875 0.8138888888888889 0.5291666666666667 0.8027777777777778 0.528125
0 0.7787037037037037 0.5770833333333333 0.775 0.5854166666666667 0.7888888888888889 0.5869791666666667 0.8037037037037037 0.5713541666666667 0.8037037037037037 0.5677083333333334 0.7898148148148149 0.5671875
2 0.4444444444444444 0.33697916666666666 0.4444444444444444 0.34270833333333334 0.4740740740740741 0.3484375 0.475 0.3416666666666667 0.47129629629629627 0.33958333333333335 0.44907407407407407 0.33541666666666664
2 0.40555555555555556 0.3807291666666667 0.40185185185185185 0.3828125 0.40185185185185185 0.3875 0.4064814814814815 0.390625 0.42777777777777776 0.3932291666666667 0.4361111111111111 0.39114583333333336 0.43703703703703706 0.38645833333333335 0.4324074074074074 0.38333333333333336
2 0.4398148148148148 0.39010416666666664 0.43796296296296294 0.39479166666666665 0.4444444444444444 0.3963541666666667 0.46296296296296297 0.39791666666666664 0.4740740740740741 0.3953125 0.47314814814814815 0.38958333333333334 0.45092592592592595 0.3854166666666667 0.4444444444444444 0.3859375