1 0.4685185185185185 0.4869791666666667 0.4740740740740741 0.4921875 0.48518518518518516 0.49583333333333335 0.5009259259259259 0.4973958333333333 0.5046296296296297 0.4953125 0.5037037037037037 0.490625 0.4861111111111111 0.48385416666666664 0.4759259259259259 0.48333333333333334
1 0.3648148148148148 0.4114583333333333 0.3638888888888889 0.41510416666666666 0.37962962962962965 0.4322916666666667 0.387037037037037 0.4359375 0.4 0.43385416666666665 0.3990740740740741 0.42552083333333335 0.3851851851851852 0.4109375 0.375 0.4088541666666667
1 0.38796296296296295 0.43697916666666664 0.387037037037037 0.4427083333333333 0.40925925925925927 0.4578125 0.4148148148148148 0.4588541666666667 0.42592592592592593 0.45677083333333335 0.4212962962962963 0.4479166666666667 0.4027777777777778 0.4375 0.3972222222222222 0.4354166666666667
1 0.3731481481481482 0.384375 0.37222222222222223 0.39010416666666664 0.38055555555555554 0.39375 0.39814814814814814 0.3875 0.4083333333333333 0.37916666666666665 0.39537037037037037 0.375
1 0.6222222222222222 0.39739583333333334 0.6259259259259259 0.4114583333333333 0.637962962962963 0.41302083333333334 0.6398148148148148 0.4005208333333333 0.6351851851851852 0.39375 0.6268518518518519 0.39375
1 0.6305555555555555 0.415625 0.6287037037037037 0.42135416666666664 0.6324074074074074 0.4348958333333333 0.6333333333333333 0.43645833333333334 0.6407407407407407 0.43645833333333334 0.649074074074074 0.4328125 0.6453703703703704 0.41770833333333335 0.6398148148148148 0.41510416666666666
1 0.6833333333333333 0.6453125 0.6842592592592592 0.65 0.6898148148148148 0.6510416666666666 0.7055555555555556 0.6473958333333333 0.7129629629629629 0.6432291666666666 0.7129629629629629 0.6401041666666667 0.6972222222222222 0.640625
4 0.37592592592592594 0.30833333333333335 0.37407407407407406 0.3145833333333333 0.37962962962962965 0.3182291666666667 0.4106064814814815 0.3226526041666667 0.4144777777777778 0.31867604166666663 0.4138046296296296 0.3145078125 0.40303055555555556 0.3129921875 0.38981481481481484 0.30833333333333335
4 0.42171759259259256 0.3193432291666667 0.42171759259259256 0.3231322916666667 0.4111111111111111 0.32395833333333335 0.4361111111111111 0.32708333333333334 0.44907407407407407 0.3234375 0.4462962962962963 0.3177083333333333 0.4237370370370371 0.31706979166666666
4 0.5296296296296297 0.36770833333333336 0.5277777777777778 0.37395833333333334 0.5333333333333333 0.3765625 0.5527777777777778 0.378125 0.5638888888888889 0.3729166666666667 0.5555555555555556 0.3692708333333333
4 0.6175925925925926 0.35572916666666665 0.6166666666666667 0.3734375 0.6194444444444445 0.3770833333333333 0.6296296296296297 0.3770833333333333 0.6318185185185186 0.36519062500000005 0.6257574074074074 0.3595072916666667
4 0.725925925925926 0.41458333333333336 0.725 0.428125 0.7277777777777777 0.43072916666666666 0.7342592592592593 0.43072916666666666 0.7407407407407407 0.42552083333333335 0.7416666666666667 0.4140625 0.7379629629629629 0.4109375 0.7324074074074074 0.41041666666666665
0 0.5120370370370371 0.39375 0.5111111111111111 0.39739583333333334 0.5231481481481481 0.4114583333333333 0.5259259259259259 0.41302083333333334 0.5370370370370371 0.41041666666666665 0.5361111111111111 0.40208333333333335 0.5268518518518519 0.38958333333333334 0.5203703703703704 0.3885416666666667
0 0.5712962962962963 0.4630208333333333 0.5703703703703704 0.4671875 0.5796296296296296 0.4822916666666667 0.5851851851851851 0.48333333333333334 0.5935185185185186 0.48125 0.5944444444444444 0.4765625 0.587037037037037 0.4625 0.575925925925926 0.4609375
0 0.5879629629629629 0.5088541666666667 0.5861111111111111 0.5145833333333333 0.5898148148148148 0.5286458333333334 0.5990740740740741 0.53125 0.6055555555555555 0.5270833333333333 0.6027777777777777 0.5114583333333333 0.5962962962962963 0.5083333333333333
0 0.5796296296296296 0.484375 0.5805555555555556 0.5020833333333333 0.5851851851851851 0.5057291666666667 0.5907407407407408 0.5057291666666667 0.5972222222222222 0.5015625 0.5953703703703703 0.4875 0.5907407407407408 0.48385416666666664
0 0.6675925925925926 0.49375 0.6675925925925926 0.4984375 0.6805555555555556 0.5072916666666667 0.6851851851851852 0.509375 0.6935185185185185 0.5088541666666667 0.6925925925925925 0.5041666666666667 0.6824074074074075 0.4947916666666667 0.675 0.4921875
0 0.6888888888888889 0.50625 0.6851851851851852 0.5114583333333333 0.6972222222222222 0.5203125 0.7055555555555556 0.5213541666666667 0.7092592592592593 0.5192708333333333 0.7083333333333334 0.5145833333333333 0.6944444444444444 0.5067708333333333
0 0.6972222222222222 0.5234375 0.6962962962962963 0.5260416666666666 0.7064814814814815 0.5364583333333334 0.7203703703703703 0.5359375 0.7166666666666667 0.5265625 0.7092592592592593 0.5203125
0 0.712037037037037 0.5375 0.7092592592592593 0.540625 0.7157407407407408 0.5546875 0.7268518518518519 0.5552083333333333 0.7287037037037037 0.5479166666666667 0.7240740740740741 0.5395833333333333 0.7203703703703703 0.5369791666666667
0 0.7398148148148148 0.5182291666666666 0.7407407407407407 0.525 0.7472222222222222 0.53125 0.7574074074074074 0.5307291666666667 0.7583333333333333 0.525 0.7527777777777778 0.51875 0.7472222222222222 0.515625
0 0.7268518518518519 0.5010416666666667 0.7287037037037037 0.5114583333333333 0.737037037037037 0.51875 0.7416666666666667 0.5182291666666666 0.7462962962962963 0.5145833333333333 0.7407407407407407 0.5052083333333334 0.7361111111111112 0.5015625
0 0.7194444444444444 0.48541666666666666 0.7157407407407408 0.4875 0.7185185185185186 0.4947916666666667 0.7268518518518519 0.5010416666666667 0.7342592592592593 0.5 0.7351851851851852 0.4942708333333333 0.7296296296296296 0.4875
1 0.7175925925925926 0.6369791666666667 0.7166666666666667 0.6411458333333333 0.7212962962962963 0.6416666666666667 0.7407407407407407 0.6375 0.7416666666666667 0.6333333333333333 0.7379629629629629 0.63125 0.7296296296296296 0.63125
2 0.7333333333333333 0.6119791666666666 0.7324074074074074 0.6171875 0.7379629629629629 0.6265625 0.7472222222222222 0.6296875 0.7537037037037037 0.6265625 0.7481481481481481 0.6161458333333333 0.7425925925925926 0.6119791666666666
2 0.7203703703703703 0.5734375 0.7194444444444444 0.5776041666666667 0.7268518518518519 0.5901041666666667 0.7379629629629629 0.5895833333333333 0.7388888888888889 0.5833333333333334 0.7333333333333333 0.5734375 0.7296296296296296 0.571875
2 0.7814814814814814 0.4890625 0.7796296296296297 0.5015625 0.7824074074074074 0.50625 0.7870370370370371 0.5067708333333333 0.7935185185185185 0.5026041666666666 0.7925925925925926 0.490625