2 0.44166666666666665 0.55625 0.4388888888888889 0.56875 0.4462962962962963 0.5713541666666667 0.4527777777777778 0.5671875 0.4564814814814815 0.55 0.44907407407407407 0.5505208333333333
2 0.4722222222222222 0.5182291666666666 0.4685185185185185 0.5302083333333333 0.47685185185185186 0.5338541666666666 0.4888888888888889 0.51875 0.48055555555555557 0.5140625 0.4759259259259259 0.5145833333333333
2 0.5675925925925925 0.6197916666666666 0.562962962962963 0.6234375 0.562962962962963 0.6270833333333333 0.5675925925925925 0.6296875 0.5944444444444444 0.6354166666666666 0.600925925925926 0.6348958333333333 0.6037037037037037 0.6296875 0.5990740740740741 0.6265625
2 0.549074074074074 0.5989583333333334 0.55 0.6161458333333333 0.5546296296296296 0.6229166666666667 0.5601851851851852 0.6239583333333333 0.5657407407407408 0.6192708333333333 0.5611111111111111 0.6020833333333333 0.5527777777777778 0.5979166666666667
2 0.6814814814814815 0.4869791666666667 0.6814814814814815 0.49322916666666666 0.687037037037037 0.49583333333333335 0.6953703703703704 0.4953125 0.7083333333333334 0.4828125 0.7083333333333334 0.478125 0.7027777777777777 0.47552083333333334 0.6981481481481482 0.4765625
2 0.7064814814814815 0.4671875 0.7046296296296296 0.4744791666666667 0.7111111111111111 0.478125 0.7203703703703703 0.4708333333333333 0.7231481481481481 0.4583333333333333 0.7148148148148148 0.4588541666666667
2 0.6481481481481481 0.3807291666666667 0.6444444444444445 0.3854166666666667 0.6509259259259259 0.3880208333333333 0.6675925925925926 0.38385416666666666 0.675 0.37916666666666665 0.6722222222222223 0.375 0.6657407407407407 0.37447916666666664
2 0.6157407407407407 0.390625 0.6157407407407407 0.3958333333333333 0.6203703703703703 0.39739583333333334 0.6425925925925926 0.39010416666666664 0.6444444444444445 0.38333333333333336 0.6398148148148148 0.38229166666666664
2 0.5851851851851851 0.3984375 0.5879629629629629 0.40520833333333334 0.6055555555555555 0.40208333333333335 0.6129629629629629 0.4 0.6138888888888889 0.3927083333333333 0.6018518518518519 0.3932291666666667
2 0.3972222222222222 0.34375 0.39814814814814814 0.3494791666666667 0.4185185185185185 0.3619791666666667 0.42407407407407405 0.359375 0.4185185185185185 0.35208333333333336
2 0.4083333333333333 0.44583333333333336 0.4074074074074074 0.45 0.412962962962963 0.45260416666666664 0.43148148148148147 0.4552083333333333 0.4361111111111111 0.45260416666666664 0.43148148148148147 0.446875
2 0.3768518518518518 0.44427083333333334 0.37592592592592594 0.44895833333333335 0.3814814814814815 0.45208333333333334 0.40185185185185185 0.45260416666666664 0.4064814814814815 0.45 0.4046296296296296 0.44583333333333336 0.38796296296296295 0.4432291666666667
1 0.39351851851851855 0.5614583333333333 0.39351851851851855 0.5666666666666667 0.4064814814814815 0.5708333333333333 0.4185185185185185 0.5729166666666666 0.42592592592592593 0.5703125 0.425 0.5661458333333333 0.40555555555555556 0.5604166666666667 0.4 0.559375
1 0.36203703703703705 0.553125 0.3638888888888889 0.5588541666666667 0.3685185185185185 0.5614583333333333 0.3861111111111111 0.5677083333333334 0.39166666666666666 0.5671875 0.39351851851851855 0.5630208333333333 0.3888888888888889 0.5598958333333334 0.375 0.5541666666666667
1 0.33611111111111114 0.5484375 0.337037037037037 0.5536458333333333 0.36203703703703705 0.5604166666666667 0.36203703703703705 0.5526041666666667 0.35462962962962963 0.5520833333333334 0.3425925925925926 0.546875
1 0.6805555555555556 0.2984375 0.6777777777777778 0.30364583333333334 0.6814814814814815 0.3067708333333333 0.7074074074074074 0.30052083333333335 0.7037037037037037 0.2947916666666667
1 0.649074074074074 0.30833333333333335 0.6509259259259259 0.3145833333333333 0.6620370370370371 0.31302083333333336 0.6777777777777778 0.3078125 0.6777777777777778 0.30364583333333334 0.6712962962962963 0.3015625
1 0.6231481481481481 0.31197916666666664 0.6203703703703703 0.31354166666666666 0.6212962962962963 0.32083333333333336 0.6472222222222223 0.31614583333333335 0.65 0.3140625 0.6435185185185185 0.309375
1 0.5879629629629629 0.31875 0.5898148148148148 0.325 0.6129629629629629 0.32395833333333335 0.6175925925925926 0.32135416666666666 0.6148148148148148 0.31614583333333335 0.5916666666666667 0.31614583333333335
0 0.41759259259259257 0.365625 0.41574074074074074 0.3765625 0.4222222222222222 0.3776041666666667 0.42685185185185187 0.37395833333333334 0.42685185185185187 0.365625 0.4222222222222222 0.36302083333333335
0 0.4074074074074074 0.4109375 0.4064814814814815 0.41822916666666665 0.4111111111111111 0.4197916666666667 0.4222222222222222 0.4109375 0.4212962962962963 0.40520833333333334 0.4148148148148148 0.4041666666666667
0 0.38796296296296295 0.425 0.387037037037037 0.43020833333333336 0.3962962962962963 0.4328125 0.4046296296296296 0.4270833333333333 0.4111111111111111 0.41770833333333335 0.3990740740740741 0.41770833333333335
0 0.3824074074074074 0.4322916666666667 0.3731481481481482 0.4390625 0.37592592592592594 0.44479166666666664 0.39166666666666666 0.440625 0.39166666666666666 0.4322916666666667 0.387037037037037 0.43020833333333336
0 0.6268518518518519 0.6177083333333333 0.6277777777777778 0.6265625 0.6361111111111111 0.6286458333333333 0.6601851851851852 0.6151041666666667 0.6620370370370371 0.6114583333333333 0.6509259259259259 0.6057291666666667
0 0.6851851851851852 0.553125 0.6833333333333333 0.5640625 0.6935185185185185 0.565625 0.700925925925926 0.5536458333333333 0.6990740740740741 0.5432291666666667 0.6888888888888889 0.54375
0 0.675 0.5765625 0.6712962962962963 0.5848958333333333 0.6824074074074075 0.5880208333333333 0.6888888888888889 0.5822916666666667 0.6935185185185185 0.5682291666666667 0.6824074074074075 0.5677083333333334
0 0.6814814814814815 0.5088541666666667 0.6796296296296296 0.5151041666666667 0.6851851851851852 0.5260416666666666 0.6935185185185185 0.5267489583333334 0.6994712962962962 0.5236203125 0.6944444444444444 0.5151041666666667 0.687037037037037 0.5078125
0 0.39537037037037037 0.08489583333333334 0.39351851851851855 0.0859375 0.3972222222222222 0.0859375
0 0.6555555555555556 0.6005208333333333 0.6537037037037037 0.6057291666666667 0.6611111111111111 0.6104166666666667 0.6787037037037037 0.5989583333333334 0.6814814814814815 0.5947916666666667 0.6787037037037037 0.5880208333333333 0.6712962962962963 0.5869791666666667
0 0.4925925925925926 0.4984375 0.49074074074074076 0.5015625 0.4962962962962963 0.5026041666666666 0.5092592592592593 0.5010416666666667 0.5157407407407407 0.4901041666666667 0.5157407407407407 0.48333333333333334 0.5120370370370371 0.48072916666666665 0.5064814814814815 0.4817708333333333 0.4981481481481482 0.4953125
1 0.16111111111111112 0.68125 0.16018518518518518 0.6854166666666667 0.1638888888888889 0.6875 0.19537037037037036 0.6869791666666667 0.20092592592592592 0.6822916666666666 0.19537037037037036 0.6776041666666667 0.18518518518518517 0.6765625 0.1675925925925926 0.678125
2 0.45925925925925926 0.65625 0.4583333333333333 0.6619791666666667 0.4648148148148148 0.6786458333333333 0.4666666666666667 0.6802083333333333 0.47685185185185186 0.6796875 0.4787037037037037 0.6739583333333333 0.4703703703703704 0.6567708333333333
2 0.45925925925925926 0.6307291666666667 0.44907407407407407 0.6328125 0.4527777777777778 0.6442708333333333 0.45925925925925926 0.6536458333333334 0.4703703703703704 0.6557291666666667 0.4703703703703704 0.6489583333333333
2 0.44537037037037036 0.615625 0.4425925925925926 0.6234375 0.46296296296296297 0.6755208333333333 0.4675925925925926 0.6796875 0.4740740740740741 0.6802083333333333 0.47962962962962963 0.6786458333333333 0.47962962962962963 0.6713541666666667 0.47314814814814815 0.6609375 0.47129629629629627 0.6463541666666667 0.4564814814814815 0.6197916666666666 0.4527777777777778 0.6166666666666667
2 0.43425925925925923 0.5911458333333334 0.4425925925925926 0.6135416666666667 0.44537037037037036 0.6161458333333333 0.45555555555555555 0.6182291666666667 0.45740740740740743 0.6119791666666666 0.4527777777777778 0.6026041666666667 0.4425925925925926 0.5911458333333334
2 0.42962962962962964 0.58125 0.4287037037037037 0.5859375 0.4351851851851852 0.5979166666666667 0.4425925925925926 0.5989583333333334 0.4462962962962963 0.5942708333333333 0.44166666666666665 0.584375 0.43333333333333335 0.5807291666666666
2 0.5666666666666667 0.6203125 0.562962962962963 0.6270833333333333 0.5675925925925925 0.6296875 0.5935185185185186 0.6354166666666666 0.6018518518518519 0.634375 0.6037037037037037 0.6296875 0.5990740740740741 0.6265625
2 0.549074074074074 0.5989583333333334 0.55 0.6161458333333333 0.5546296296296296 0.6229166666666667 0.5601851851851852 0.6239583333333333 0.5657407407407408 0.6192708333333333 0.5611111111111111 0.6020833333333333 0.5527777777777778 0.5979166666666667
2 0.4462962962962963 0.540625 0.44537037037037036 0.55 0.45925925925925926 0.5463541666666667 0.46944444444444444 0.5359375 0.462037037037037 0.5333333333333333
4 0.22407407407407406 0.6635416666666667 0.22407407407407406 0.6697916666666667 0.23425925925925925 0.6708333333333333 0.23796296296296296 0.6692708333333334 0.25 0.6552083333333333 0.2490740740740741 0.6489583333333333 0.24074074074074073 0.6473958333333333
4 0.24351851851851852 0.6421875 0.24259259259259258 0.6473958333333333 0.25277777777777777 0.6505208333333333 0.2675925925925926 0.6364583333333333 0.26851851851851855 0.6302083333333334 0.25833333333333336 0.628125
4 0.262037037037037 0.6192708333333333 0.25925925925925924 0.6270833333333333 0.26851851851851855 0.6302083333333334 0.28055555555555556 0.6192708333333333 0.28425925925925927 0.6104166666666667 0.2722222222222222 0.6098958333333333
4 0.2777777777777778 0.6015625 0.2759259259259259 0.6072916666666667 0.287962962962963 0.609375 0.30092592592592593 0.5932291666666667 0.29259259259259257 0.590625
4 0.3 0.5755208333333334 0.2916666666666667 0.5880208333333333 0.3037037037037037 0.5916666666666667 0.3175925925925926 0.5776041666666667 0.32037037037037036 0.56875 0.3074074074074074 0.5703125
1 0.4564814814814815 0.565625 0.4527777777777778 0.5713541666666667 0.45740740740740743 0.5755208333333334 0.4861111111111111 0.5755208333333334 0.4842592592592593 0.5666666666666667