1 0.6342592592592593 0.5473958333333333 0.6370370370370371 0.5677083333333334 0.6481481481481481 0.5692708333333333 0.6518518518518519 0.5671875 0.6481481481481481 0.5484375 0.6444444444444445 0.5463541666666667
1 0.6314814814814815 0.5270833333333333 0.6333333333333333 0.5453125 0.6435185185185185 0.5458333333333333 0.65 0.5291666666666667 0.6462962962962963 0.5265625
1 0.5981481481481481 0.6052083333333333 0.5935185185185186 0.6239583333333333 0.6018518518518519 0.628125 0.6101851851851852 0.6229166666666667 0.6148148148148148 0.6046875 0.6046296296296296 0.6020833333333333
1 0.6018518518518519 0.5932291666666667 0.6027777777777777 0.6015625 0.6157407407407407 0.6005208333333333 0.6240740740740741 0.5869791666666667 0.6212962962962963 0.5791666666666667 0.6092592592592593 0.5807291666666666
1 0.8703703703703703 0.6442708333333333 0.8703703703703703 0.6489583333333333 0.8814814814814815 0.6619791666666667 0.8870370370370371 0.6651041666666667 0.8972222222222223 0.6619791666666667 0.8962962962962963 0.6572916666666667 0.8833333333333333 0.64375 0.8759259259259259 0.6421875
1 0.887962962962963 0.6640625 0.8870370370370371 0.6671875 0.9 0.6848958333333334 0.9148148148148149 0.6848958333333334 0.9148148148148149 0.6786458333333333 0.9037037037037037 0.6651041666666667 0.8972222222222223 0.6625
1 0.9018518518518519 0.6859375 0.9009259259259259 0.6895833333333333 0.9101851851851852 0.7067708333333333 0.9138888888888889 0.7088541666666667 0.9203703703703704 0.7083333333333334 0.9277777777777778 0.7046875 0.9287037037037037 0.7015625 0.9185185185185185 0.6880208333333333 0.9138888888888889 0.684375
1 0.5833333333333334 0.34322916666666664 0.5861111111111111 0.3484375 0.6018518518518519 0.353125 0.6166666666666667 0.3536458333333333 0.6175925925925926 0.34791666666666665 0.6092592592592593 0.34375 0.5879629629629629 0.33958333333333335
1 0.5537037037037037 0.32760416666666664 0.55 0.33177083333333335 0.5638888888888889 0.3385416666666667 0.5805555555555556 0.34322916666666664 0.5851851851851851 0.3411458333333333 0.587037037037037 0.3375 0.5768518518518518 0.33125 0.5592592592592592 0.3260416666666667
1 0.5268518518518519 0.3109375 0.5268518518518519 0.31666666666666665 0.5435185185185185 0.32916666666666666 0.5527777777777778 0.32760416666666664 0.5546296296296296 0.321875 0.5407407407407407 0.3109375 0.5361111111111111 0.30885416666666665
1 0.7796296296296297 0.29322916666666665 0.7787037037037037 0.29791666666666666 0.7824074074074074 0.2994791666666667 0.799074074074074 0.3026041666666667 0.8092592592592592 0.30052083333333335 0.8101851851851852 0.29635416666666664 0.8055555555555556 0.2942708333333333 0.7898148148148149 0.2911458333333333
1 0.5120370370370371 0.7385416666666667 0.5083333333333333 0.740625 0.5111111111111111 0.746875 0.5425925925925926 0.75 0.5518518518518518 0.7479166666666667 0.55 0.7411458333333333
1 0.462037037037037 0.7479166666666667 0.4638888888888889 0.7541666666666667 0.475 0.7546875 0.5037037037037037 0.7515625 0.5074074074074074 0.7463541666666667 0.5046296296296297 0.7432291666666667 0.5 0.7432291666666667
1 0.41944444444444445 0.7572916666666667 0.4166666666666667 0.7619791666666667 0.425 0.7671875 0.45740740740740743 0.7583333333333333 0.45925925925925926 0.7505208333333333 0.4462962962962963 0.7505208333333333
1 0.3712962962962963 0.7703125 0.37222222222222223 0.7765625 0.3814814814814815 0.778125 0.4185185185185185 0.7692708333333333 0.4185185185185185 0.7625 0.4083333333333333 0.7609375
4 0.5657407407407408 0.6546875 0.5638888888888889 0.6609375 0.5712962962962963 0.6635416666666667 0.5768518518518518 0.6630208333333333 0.5925925925925926 0.6489583333333333 0.5953703703703703 0.6421875 0.5842592592592593 0.6401041666666667
4 0.6055555555555555 0.6270833333333333 0.6083333333333333 0.634375 0.6231481481481481 0.6401171875 0.6369046296296296 0.6436895833333334 0.6416666666666667 0.6445828124999999 0.6453703703703704 0.6398192708333333 0.6453703703703704 0.6386286458333333 0.6509259259259259 0.6364583333333333 0.6157407407407407 0.625
4 0.6398148148148148 0.6364583333333333 0.6361111111111111 0.6401041666666667 0.6388888888888888 0.64375 0.6648148148148149 0.6583333333333333 0.6759259259259259 0.6536458333333334 0.6759259259259259 0.6494791666666667 0.6592592592592592 0.6395833333333333 0.649074074074074 0.6364583333333333
4 0.6694444444444444 0.6572916666666667 0.6675925925925926 0.6614583333333334 0.6824074074074075 0.6796875 0.6925925925925925 0.68125 0.6972222222222222 0.6791666666666667 0.6972222222222222 0.675 0.6888888888888889 0.6630208333333333 0.6787037037037037 0.6557291666666667
4 0.6925925925925925 0.6817708333333333 0.6944444444444444 0.6895833333333333 0.7203703703703703 0.7 0.7305555555555555 0.6984375 0.7305555555555555 0.6932291666666667 0.712037037037037 0.684375 0.6962962962962963 0.6796875
4 0.8099203703703705 0.7740875 0.8009259259259259 0.771875 0.8018518518518518 0.7791666666666667 0.8268518518518518 0.7895682291666667 0.8332009259259259 0.7898661458333333 0.8363759259259259 0.7877822916666666 0.8374342592592592 0.7854005208333333 0.8342592592592593 0.781828125 0.8342592592592593 0.7815302083333333 0.8236768518518519 0.7770645833333333 0.8083333333333333 0.7725989583333334
4 0.8464287037037037 0.7889729166666667 0.8427250000000001 0.7904614583333333 0.8384916666666667 0.7925453124999999 0.8527777777777777 0.8010416666666667 0.8611111111111112 0.803125 0.8694444444444445 0.8020833333333334 0.8623018518518518 0.7958203125 0.8543648148148149 0.7931411458333333 0.8464287037037037 0.7889729166666667
0 0.7560185185185185 0.6661458333333333 0.75 0.6661458333333333 0.7481481481481481 0.6682291666666667 0.75 0.6859375 0.7537037037037037 0.6895833333333333 0.7648148148148148 0.6890625 0.7685185185185185 0.6864583333333333 0.7657407407407407 0.6708333333333333 0.7620370370370371 0.6661458333333333
0 0.7509259259259259 0.6395833333333333 0.7444444444444445 0.6447916666666667 0.7518518518518519 0.6609375 0.7546296296296297 0.6630208333333333 0.7592592592592593 0.6630208333333333 0.7685185185185185 0.6609375 0.7694444444444445 0.6572916666666667 0.7620370370370371 0.6421875 0.7518518518518519 0.6395833333333333
0 0.7324074074074074 0.6135416666666667 0.725 0.6161458333333333 0.725925925925926 0.6192708333333333 0.737037037037037 0.6333333333333333 0.7444444444444445 0.6364583333333333 0.7537037037037037 0.6333333333333333 0.7546296296296297 0.6302083333333334 0.7444444444444445 0.615625 0.7388888888888889 0.6135416666666667
0 0.7574074074074074 0.5369791666666667 0.7481481481481481 0.5416666666666666 0.7407407407407407 0.5526041666666667 0.7407407407407407 0.5572916666666666 0.7453703703703703 0.5588541666666667 0.7509259259259259 0.5588541666666667 0.7574074074074074 0.5541666666666667 0.762962962962963 0.54375 0.762962962962963 0.5395833333333333 0.7592592592592593 0.5369791666666667
0 0.75 0.5609375 0.7444444444444445 0.5630208333333333 0.7388888888888889 0.5692708333333333 0.7333333333333333 0.5770833333333333 0.7351851851851852 0.5802083333333333 0.7444444444444445 0.58125 0.7518518518518519 0.5744791666666667 0.7564814814814815 0.5671875 0.7564814814814815 0.5635416666666667 0.7518518518518519 0.5609375
0 0.7333333333333333 0.5796875 0.7268518518518519 0.5838541666666667 0.725925925925926 0.6 0.7305555555555555 0.6020833333333333 0.7379629629629629 0.6020833333333333 0.7425925925925926 0.5973958333333333 0.7435185185185185 0.5833333333333334 0.7342592592592593 0.5796875
0 0.5185185185185185 0.45625 0.5138888888888888 0.45989583333333334 0.5185185185185185 0.47708333333333336 0.5212962962962963 0.4786458333333333 0.5296296296296297 0.4786458333333333 0.5324074074074074 0.47552083333333334 0.5296296296296297 0.46197916666666666 0.5259259259259259 0.45729166666666665 0.5194444444444445 0.45677083333333335
0 0.5194444444444445 0.43333333333333335 0.5138888888888888 0.4348958333333333 0.5157407407407407 0.45208333333333334 0.5185185185185185 0.4557291666666667 0.5268518518518519 0.4552083333333333 0.5314814814814814 0.4510416666666667 0.5287037037037037 0.4354166666666667 0.525 0.43333333333333335
0 0.5101851851851852 0.409375 0.5027777777777778 0.41510416666666666 0.5120370370370371 0.4328125 0.5185185185185185 0.4322916666666667 0.5222222222222223 0.4296875 0.5185185185185185 0.41041666666666665 0.512962962962963 0.409375
0 0.5907407407407408 0.421875 0.5861111111111111 0.4239583333333333 0.5833333333333334 0.43072916666666666 0.5842592592592593 0.4432291666666667 0.5990740740740741 0.4432291666666667 0.5956351851851851 0.43745677083333334 0.5940472222222223 0.42912083333333334 0.5953703703703703 0.421875
0 0.5842592592592593 0.44427083333333334 0.5833333333333334 0.4588541666666667 0.5879629629629629 0.4666666666666667 0.6018518518518519 0.46510416666666665 0.5972222222222222 0.4591895833333333 0.5940472222222223 0.45264010416666667 0.5953703703703703 0.44479166666666664 0.5907407407407408 0.44427083333333334
0 0.6 0.4666666666666667 0.5879629629629629 0.46770833333333334 0.5861111111111111 0.4703125 0.5981481481481481 0.4869791666666667 0.6037037037037037 0.4890625 0.6157407407407407 0.4875 0.608862037037037 0.48151770833333335 0.6019842592592592 0.47556354166666664 0.6027777777777777 0.4666666666666667
0 0.6129629629629629 0.4890625 0.6055555555555555 0.490625 0.600925925925926 0.4947916666666667 0.6092592592592593 0.5078125 0.6157407407407407 0.5119791666666667 0.6263231481481482 0.5071213541666667 0.621561111111111 0.5011666666666666 0.6173277777777778 0.4955104166666667
0 0.4046296296296296 0.3484375 0.39814814814814814 0.3494791666666667 0.3962962962962963 0.35208333333333336 0.4 0.36666666666666664 0.40185185185185185 0.3703125 0.4111111111111111 0.3729166666666667 0.4148148148148148 0.37083333333333335 0.4148148148148148 0.36302083333333335 0.4074074074074074 0.3484375
2 0.512962962962963 0.28020833333333334 0.5092592592592593 0.2828125 0.5111111111111111 0.29583333333333334 0.5148148148148148 0.30104166666666665 0.5222222222222223 0.3020833333333333 0.5268518518518519 0.2989583333333333 0.5268518518518519 0.29375 0.5222222222222223 0.28229166666666666 0.5175925925925926 0.28020833333333334
2 0.4824074074074074 0.2640625 0.4777777777777778 0.2677083333333333 0.47962962962962963 0.2708333333333333 0.4962962962962963 0.2791666666666667 0.5064814814814815 0.28177083333333336 0.5120370370370371 0.27708333333333335 0.5092592592592593 0.27239583333333334 0.487962962962963 0.2640625
2 0.6203703703703703 0.3223958333333333 0.6129629629629629 0.325 0.612037037037037 0.32864583333333336 0.6222222222222222 0.3421875 0.6296296296296297 0.34375 0.6351851851851852 0.3416666666666667 0.6370370370370371 0.3380208333333333 0.6222222222222222 0.3223958333333333
2 0.6101851851851852 0.30416666666666664 0.6018518518518519 0.3046875 0.6 0.3078125 0.6046296296296296 0.3177083333333333 0.612037037037037 0.32395833333333335 0.6203703703703703 0.32083333333333336 0.6203703703703703 0.31666666666666665 0.612037037037037 0.30416666666666664
2 0.5981481481481481 0.28229166666666666 0.5953703703703703 0.28489583333333335 0.5879629629629629 0.2859375 0.5888888888888889 0.2890625 0.5981481481481481 0.3026041666666667 0.6083333333333333 0.30416666666666664 0.6111111111111112 0.3020833333333333 0.6101851851851852 0.29739583333333336 0.5981481481481481 0.2828125
2 0.5805555555555556 0.26614583333333336 0.5768518518518518 0.26927083333333335 0.5851851851851851 0.2833333333333333 0.5879629629629629 0.2859375 0.5990740740740741 0.2859375 0.5981481481481481 0.2796875 0.5916666666666667 0.2703125 0.5879629629629629 0.26666666666666666 0.5814814814814815 0.26614583333333336
2 0.5740740740740741 0.25 0.5703703703703704 0.25052083333333336 0.5666666666666667 0.2552083333333333 0.5787037037037037 0.26875 0.5879629629629629 0.26666666666666666 0.5879629629629629 0.2625 0.5833333333333334 0.25416666666666665 0.575 0.25052083333333336
2 0.7564814814814815 0.4083333333333333 0.75 0.40989583333333335 0.7490740740740741 0.41510416666666666 0.7666666666666667 0.42604166666666665 0.7712962962962963 0.4265625 0.7759259259259259 0.425 0.7787037037037037 0.42135416666666664 0.7583333333333333 0.4083333333333333
2 0.7777777777777778 0.4234375 0.7722222222222223 0.42864583333333334 0.7888888888888889 0.4401041666666667 0.7962962962962963 0.44166666666666665 0.8027777777777778 0.43854166666666666 0.8037037037037037 0.4354166666666667 0.7833333333333333 0.4234375
2 0.8037037037037037 0.44114583333333335 0.7981481481481482 0.4421875 0.7972222222222223 0.44583333333333336 0.8055555555555556 0.45260416666666664 0.8203703703703704 0.4588541666666667 0.8277777777777777 0.453125 0.8175925925925925 0.4453125 0.8064814814814815 0.44114583333333335
2 0.8268518518518518 0.45677083333333335 0.8212962962962963 0.459375 0.8212962962962963 0.4635416666666667 0.8388888888888889 0.4739583333333333 0.8481481481481481 0.4739583333333333 0.850925925925926 0.471875 0.85 0.4666666666666667 0.8296296296296296 0.45677083333333335
2 0.37962962962962965 0.4984375 0.37037037037037035 0.5010416666666667 0.37037037037037035 0.5052083333333334 0.3787037037037037 0.5213541666666667 0.387037037037037 0.5223958333333333 0.39444444444444443 0.5182291666666666 0.39537037037037037 0.5151041666666667 0.387037037037037 0.5015625 0.3814814814814815 0.4984375
2 0.37222222222222223 0.4739583333333333 0.36203703703703705 0.4765625 0.36203703703703705 0.4859375 0.3685185185185185 0.496875 0.37777777777777777 0.4979166666666667 0.38333333333333336 0.496875 0.38425925925925924 0.49166666666666664 0.37592592592592594 0.475 0.3731481481481482 0.4739583333333333
2 0.37222222222222223 0.446875 0.36574074074074076 0.4473958333333333 0.3611111111111111 0.45364583333333336 0.36018518518518516 0.4713541666666667 0.362962962962963 0.475 0.3731481481481482 0.4739583333333333 0.37592592592592594 0.471875 0.37962962962962965 0.45208333333333334 0.37962962962962965 0.4484375 0.37592592592592594 0.446875
2 0.36944444444444446 0.42864583333333334 0.3638888888888889 0.44479166666666664 0.3675925925925926 0.45 0.375 0.45260416666666664 0.3787037037037037 0.4515625 0.38055555555555554 0.446875 0.3814814814814815 0.43020833333333336 0.37777777777777777 0.42864583333333334
2 0.3882277777777778 0.4089109375 0.3845240740740741 0.4086135416666667 0.3787037037037037 0.40989583333333335 0.36666666666666664 0.425 0.36944444444444446 0.42916666666666664 0.38333333333333336 0.4270833333333333 0.39537037037037037 0.409375 0.3924601851851852 0.4106973958333333 0.39140185185185183 0.41039947916666664
2 0.6129629629629629 0.3885416666666667 0.6064814814814815 0.39010416666666664 0.6037037037037037 0.3927083333333333 0.6 0.40572916666666664 0.6027777777777777 0.409375 0.6111111111111112 0.409375 0.6175925925925926 0.4015625 0.6194444444444445 0.3932291666666667 0.6138888888888889 0.3890625
2 0.6296296296296297 0.3723958333333333 0.6194444444444445 0.3734375 0.6148148148148148 0.38697916666666665 0.6212962962962963 0.390625 0.6259259259259259 0.38958333333333334 0.6361111111111111 0.37864583333333335 0.6361111111111111 0.37552083333333336 0.6305555555555555 0.3723958333333333
2 0.6287037037037037 0.353125 0.6185185185185185 0.35572916666666665 0.6194444444444445 0.3692708333333333 0.6222222222222222 0.37083333333333335 0.6333333333333333 0.3697916666666667 0.6351851851851852 0.35833333333333334 0.6333333333333333 0.3541666666666667 0.6296296296296297 0.353125
2 0.725 0.5223958333333333 0.7166666666666667 0.5260416666666666 0.7185185185185186 0.5291666666666667 0.7509259259259259 0.5385416666666667 0.7555555555555555 0.5359375 0.7546296296296297 0.5296875 0.7277777777777777 0.5223958333333333
2 0.6916666666666667 0.5083333333333333 0.6842592592592592 0.515625 0.6861111111111111 0.51875 0.7 0.5244791666666667 0.7092592592592593 0.5265625 0.7166666666666667 0.5260416666666666 0.7166666666666667 0.5192708333333333 0.6972222222222222 0.5130208333333334 0.6925925925925925 0.5088541666666667
2 0.6824074074074075 0.5838541666666667 0.6787037037037037 0.5880208333333333 0.6814814814814815 0.5916666666666667 0.6962962962962963 0.596875 0.7027777777777777 0.6020833333333333 0.7166666666666667 0.5989583333333334 0.7083333333333334 0.5911458333333334 0.6888888888888889 0.5838541666666667
2 0.6509259259259259 0.5697916666666667 0.6462962962962963 0.5744791666666667 0.649074074074074 0.5791666666666667 0.6944444444444444 0.596875 0.7018518518518518 0.6026041666666667 0.712037037037037 0.5989583333333334 0.712037037037037 0.5942708333333333 0.7027777777777777 0.5875 0.687962962962963 0.5838541666666667 0.6555555555555556 0.5697916666666667
2 0.45 0.5703125 0.4185185185185185 0.58125 0.4212962962962963 0.5869791666666667 0.425 0.5885416666666666 0.42962962962962964 0.5880208333333333 0.4564814814814815 0.5786458333333333 0.45555555555555555 0.5703125
2 0.7657407407407407 0.7026041666666667 0.7601851851851852 0.7046875 0.7611111111111111 0.7104166666666667 0.7722222222222223 0.7213541666666666 0.7796296296296297 0.7244791666666667 0.7898148148148149 0.7213541666666666 0.7888888888888889 0.7166666666666667 0.7796296296296297 0.7078125 0.7694444444444445 0.7026041666666667
2 0.7888888888888889 0.7234375 0.7842592592592592 0.7265625 0.7842592592592592 0.7302083333333333 0.8009259259259259 0.7453125 0.8064814814814815 0.7463541666666667 0.8157407407407408 0.7442708333333333 0.8166666666666667 0.7401041666666667 0.8138888888888889 0.7375 0.8 0.7265625 0.7925925925925926 0.7234375
4 0.4351851851851852 0.5109375 0.425 0.5125 0.40555555555555556 0.521875 0.40555555555555556 0.5260416666666666 0.4101851851851852 0.5291666666666667 0.4212962962962963 0.5276041666666667 0.44166666666666665 0.5166666666666667 0.4425925925925926 0.5145833333333333 0.4388888888888889 0.5109375
4 0.6574074074074074 0.4609375 0.6472222222222223 0.4630208333333333 0.6481481481481481 0.4666666666666667 0.6574074074074074 0.48072916666666665 0.6675925925925926 0.4817708333333333 0.6731481481481482 0.4765625 0.6611111111111111 0.46197916666666666 0.6583333333333333 0.46145833333333336
4 0.662962962962963 0.4828125 0.6583333333333333 0.4828125 0.6546296296296297 0.4875 0.6675925925925926 0.49947916666666664 0.6777777777777778 0.5010416666666667 0.6814814814814815 0.4984375 0.6796296296296296 0.49375 0.6675925925925926 0.4828125
4 0.6398148148148148 0.4421875 0.6333333333333333 0.4453125 0.6370370370370371 0.453125 0.6481481481481481 0.46145833333333336 0.6574074074074074 0.4609375 0.6601851851851852 0.45625 0.6472222222222223 0.44427083333333334 0.6416666666666667 0.4421875
4 0.6157407407407407 0.4234375 0.6101851851851852 0.42864583333333334 0.6296296296296297 0.4421875 0.6398148148148148 0.4421875 0.6416666666666667 0.4390625 0.6370370370370371 0.4322916666666667 0.6287037037037037 0.4265625 0.6194444444444445 0.4234375