1 0.16944444444444445 0.7786458333333334 0.1685185185185185 0.7833333333333333 0.17407407407407408 0.7859375 0.2074074074074074 0.7869791666666667 0.21388888888888888 0.7864583333333334 0.21666666666666667 0.7838541666666666 0.21666666666666667 0.7786458333333334 0.20833333333333334 0.7770833333333333 0.175 0.775
1 0.5083333333333333 0.6510416666666666 0.5083333333333333 0.659375 0.5472222222222223 0.6635416666666667 0.55 0.6578125 0.5444444444444444 0.6541666666666667 0.5157407407407407 0.65
1 0.5518518518518518 0.6604166666666667 0.549074074074074 0.6635416666666667 0.5509259259259259 0.66875 0.5842592592592593 0.6765625 0.5898148148148148 0.6760416666666667 0.5916666666666667 0.6713541666666667 0.5851851851851851 0.6666666666666666
1 0.5907407407407408 0.6770833333333334 0.5935185185185186 0.6817708333333333 0.6138888888888889 0.6953125 0.6231481481481481 0.6958333333333333 0.625 0.6885416666666667 0.612037037037037 0.6791666666666667 0.5981481481481481 0.6729166666666667
2 0.6287037037037037 0.7083333333333334 0.6351851851851852 0.73125 0.6388888888888888 0.7333333333333333 0.6462962962962963 0.7333333333333333 0.65 0.7286458333333333 0.6425925925925926 0.709375 0.637962962962963 0.7067708333333333
2 0.6509259259259259 0.7348958333333333 0.65 0.7411458333333333 0.6583333333333333 0.7442708333333333 0.6851851851851852 0.7515625 0.6925925925925925 0.7494791666666667 0.6944444444444444 0.7447916666666666 0.6916666666666667 0.7427083333333333 0.6611111111111111 0.7333333333333333 0.6546296296296297 0.7328125
2 0.537962962962963 0.771875 0.5370370370370371 0.7755208333333333 0.55 0.7979166666666667 0.562037037037037 0.7973958333333333 0.562037037037037 0.7916666666666666 0.55 0.7708333333333334
2 0.525 0.7447916666666666 0.525 0.7505208333333333 0.5361111111111111 0.7682291666666666 0.5398148148148149 0.7703125 0.549074074074074 0.76875 0.55 0.7651041666666667 0.5361111111111111 0.7453125 0.5324074074074074 0.7427083333333333
2 0.5101851851851852 0.7203125 0.5101851851851852 0.7265625 0.5185185185185185 0.7401041666666667 0.5259259259259259 0.7447916666666666 0.5324074074074074 0.7427083333333333 0.5333333333333333 0.7401041666666667 0.525 0.7255208333333333 0.5185185185185185 0.7208333333333333
2 0.5009259259259259 0.6942708333333333 0.5 0.6994791666666667 0.5083333333333333 0.7161458333333334 0.5120370370370371 0.71875 0.5185185185185185 0.7182291666666667 0.5212962962962963 0.7130208333333333 0.512962962962963 0.6963541666666667 0.5083333333333333 0.69375
2 0.48518518518518516 0.6677083333333333 0.48055555555555557 0.6729166666666667 0.49074074074074076 0.6885416666666667 0.49444444444444446 0.6921875 0.5027777777777778 0.6921875 0.5064814814814815 0.6885416666666667 0.49537037037037035 0.6708333333333333 0.49074074074074076 0.6677083333333333
4 0.712037037037037 0.46822916666666664 0.7101851851851851 0.4739583333333333 0.7194444444444444 0.47552083333333334 0.7398148148148148 0.4661458333333333 0.7407407407407407 0.45989583333333334 0.737037037037037 0.4578125 0.7314814814814815 0.4588541666666667
4 0.5648148148148148 0.3848958333333333 0.5648148148148148 0.38958333333333334 0.5685185185185185 0.39166666666666666 0.5898148148148148 0.3796875 0.5907407407407408 0.375 0.5805555555555556 0.375
2 0.4398148148148148 0.41822916666666665 0.44166666666666665 0.42552083333333335 0.46296296296296297 0.4317708333333333 0.4685185185185185 0.43072916666666666 0.4703703703703704 0.42552083333333335 0.462037037037037 0.42135416666666664 0.44814814814814813 0.41770833333333335
2 0.4703703703703704 0.42604166666666665 0.4703703703703704 0.4328125 0.4925925925925926 0.4401041666666667 0.5027777777777778 0.4395833333333333 0.5027777777777778 0.4354166666666667 0.49722222222222223 0.4317708333333333
2 0.4185185185185185 0.47760416666666666 0.41574074074074074 0.48072916666666665 0.4203703703703704 0.48333333333333334 0.44351851851851853 0.4895833333333333 0.45 0.48854166666666665 0.45185185185185184 0.484375 0.4388888888888889 0.4786458333333333 0.4287037037037037 0.4765625
2 0.37777777777777777 0.4713541666666667 0.3768518518518518 0.47604166666666664 0.38055555555555554 0.47760416666666666 0.40555555555555556 0.4828125 0.41203703703703703 0.48072916666666665 0.412962962962963 0.47708333333333336 0.4074074074074074 0.4734375 0.3851851851851852 0.4703125
0 0.5259259259259259 0.4828125 0.5231481481481481 0.484375 0.525 0.4942708333333333 0.5324074074074074 0.5036458333333333 0.5407407407407407 0.5041666666666667 0.5361111111111111 0.490625
0 0.6212962962962963 0.528125 0.625 0.5473958333333333 0.6342592592592593 0.5489583333333333 0.637962962962963 0.5447916666666667 0.6333333333333333 0.5307291666666667 0.6287037037037037 0.5270833333333333
0 0.6185185185185185 0.5098958333333333 0.6222222222222222 0.525 0.6333333333333333 0.5270833333333333 0.6370370370370371 0.5208333333333334 0.6305555555555555 0.5072916666666667 0.625 0.5057291666666667
0 0.6287037037037037 0.5505208333333333 0.6333333333333333 0.5682291666666667 0.6398148148148148 0.571875 0.6472222222222223 0.5713541666666667 0.65 0.5671875 0.6444444444444445 0.5526041666666667 0.6398148148148148 0.5494791666666666
0 0.7555555555555555 0.6015625 0.7555555555555555 0.6083333333333333 0.762962962962963 0.6203125 0.7685185185185185 0.6229166666666667 0.7759259259259259 0.6223958333333334 0.7777777777777778 0.6182291666666667 0.7685185185185185 0.6005208333333333 0.7620370370370371 0.5994791666666667
0 0.7666666666666667 0.6255208333333333 0.7685185185185185 0.6442708333333333 0.7722222222222223 0.6479166666666667 0.7833333333333333 0.6473958333333333 0.7824074074074074 0.6255208333333333 0.7796296296296297 0.6239583333333333
0 0.7694444444444445 0.6520833333333333 0.7694444444444445 0.6703125 0.7824074074074074 0.6734375 0.7861111111111111 0.6510416666666666 0.7824074074074074 0.6479166666666667 0.775 0.6473958333333333
0 0.7638888888888888 0.690625 0.762962962962963 0.6973958333333333 0.775 0.6984375 0.7814814814814814 0.6838541666666667 0.7814814814814814 0.6770833333333334 0.775 0.6739583333333333 0.7694444444444445 0.6755208333333333
0 0.7546296296296297 0.7083333333333334 0.7481481481481481 0.7208333333333333 0.7574074074074074 0.7239583333333334 0.774074074074074 0.7057291666666666 0.775 0.7 0.762962962962963 0.7005208333333334
0 0.7194444444444444 0.7369791666666666 0.7185185185185186 0.7411458333333333 0.7296296296296296 0.74375 0.7518518518518519 0.7307291666666667 0.7555555555555555 0.7234375 0.7453703703703703 0.7223958333333333
2 0.6916666666666667 0.4239583333333333 0.6916666666666667 0.43020833333333336 0.725 0.425 0.7203703703703703 0.41822916666666665
2 0.6574074074074074 0.4322916666666667 0.6574074074074074 0.43802083333333336 0.6620370370370371 0.4390625 0.687037037037037 0.4328125 0.6925925925925925 0.42864583333333334 0.6925925925925925 0.425 0.6648148148148149 0.42916666666666664
2 0.6222222222222222 0.43854166666666666 0.6222222222222222 0.44479166666666664 0.6296296296296297 0.44635416666666666 0.6527777777777778 0.44114583333333335 0.6555555555555556 0.43385416666666665 0.6462962962962963 0.43333333333333335
2 0.4888888888888889 0.6307291666666667 0.487962962962963 0.6515625 0.49537037037037035 0.653125 0.5018518518518519 0.6479166666666667 0.5027777777777778 0.6348958333333333 0.49722222222222223 0.628125 0.49074074074074076 0.6265625
2 0.4935185185185185 0.61875 0.49166666666666664 0.6244791666666667 0.5 0.6270833333333333 0.5120370370370371 0.6135416666666667 0.5111111111111111 0.6067708333333334 0.5037037037037037 0.6057291666666667 0.5 0.6078125
2 0.5166666666666667 0.5947916666666667 0.5166666666666667 0.6052083333333333 0.5231481481481481 0.6057291666666667 0.5296296296296297 0.5984375 0.5333333333333333 0.5880208333333333 0.5314814814814814 0.5828125 0.5212962962962963 0.5838541666666667
0 0.5444444444444444 0.5494791666666666 0.5398148148148149 0.5640625 0.5425925925925926 0.5666666666666667 0.5509259259259259 0.5677083333333334 0.5546296296296296 0.5645833333333333 0.5583333333333333 0.5463541666666667 0.5509259259259259 0.5447916666666667